0 0 0 0 0.9975015875000001 0.9974619296875 0.99875 0.9987309640625 0 0 0
0 0.6129441625000001 0.6599999999999999 0.6637055843749999 0.5575 0.6637055843749999 0.46749999999999997 0.678934009375 0.43499999999999994 0.671319796875 0.3375 0.6662436546875 0.32 0.6941624359375 0.27749999999999997 0.6967005078125 0.24500000000000002 0.6687817265625 0.205 0.6535533 0.17250000000000001 0.6180203046875 0.13 0.6015228421875001 0.11625 0.578680203125 0.11374999999999999 0.54822335 0.12375 0.5152284265625 0.12375 0.4847715734375 0.11875 0.4162436546875 0.11875 0.3756345171875 0.13125 0.33502538125000003 0.13625 0.304568528125 0.15375 0.267766496875 0.195 0.2449238578125 0.22999999999999998 0.22969543125 0.2625 0.21954314687499998 0.32 0.2170050765625 0.38 0.20177665 0.45499999999999996 0.20431472031250003 0.515 0.21954314687499998 0.545 0.236040609375 0.56125 0.243654821875 0.56125 0.2690355328125 0.54125 0.274111675 0.54125 0.2906091375 0.5625 0.3236040609375 0.5925 0.336294415625 0.6224999999999999 0.3540609140625 0.6475 0.4162436546875 0.69875 0.49238578750000006 0.72875 0.5672588828125 0.7275 0.578680203125 0.72375 0.5977157359375 0.7025 0.6078680203125 0.6825 0.6129441625000001 0.6599999999999999
1 0.25507614218749997 0.4575 0.2626903546875 0.44000000000000006 0.274111675 0.42874999999999996 0.2969543140625 0.42874999999999996 0.3197969546875 0.43875000000000003 0.3781725890625 0.49625 0.4022842640625 0.4575 0.41497461874999997 0.42000000000000004 0.45558375624999997 0.385 0.45558375624999997 0.33999999999999997 0.4606598984375 0.325 0.46700507656249995 0.31875 0.5634517765625 0.31375000000000003 0.647208121875 0.31375000000000003 0.66497461875 0.32125 0.6687817265625 0.3175 0.6941624359375 0.27749999999999997 0.6967005078125 0.24500000000000002 0.6687817265625 0.205 0.6535533 0.17250000000000001 0.6065989843749999 0.11875 0.578680203125 0.11374999999999999 0.54822335 0.12375 0.5152284265625 0.12375 0.4847715734375 0.11875 0.4162436546875 0.11875 0.3756345171875 0.13125 0.33502538125000003 0.13625 0.304568528125 0.15375 0.267766496875 0.195 0.2449238578125 0.22999999999999998 0.22969543125 0.2625 0.21954314687499998 0.32 0.2170050765625 0.38 0.20177665 0.45499999999999996 0.20431472031250003 0.515 0.2271573609375 0.5549999999999999 0.236040609375 0.56125 0.243654821875 0.56125 0.2728426390625 0.54 0.2576142125 0.5 0.25507614218749997 0.4575
9 0.620558375 0.645 0.6142131984375 0.64125 0.5964467 0.64125 0.5812182734375 0.63375 0.5621827406250001 0.615 0.6040609140625001 0.5912499999999999 0.6319796953125 0.5912499999999999 0.6383248734375 0.6025 0.6332487312499999 0.6075 0.6345177671875 0.61625 0.6637055843749999 0.5575 0.6637055843749999 0.46749999999999997 0.678934009375 0.43499999999999994 0.6687817265625 0.325 0.6624365484375 0.31875 0.647208121875 0.31375000000000003 0.47208121875 0.31625000000000003 0.4606598984375 0.325 0.45558375624999997 0.33999999999999997 0.45558375624999997 0.385 0.41497461874999997 0.42000000000000004 0.4022842640625 0.4575 0.3781725890625 0.49625 0.3197969546875 0.43875000000000003 0.2969543140625 0.42874999999999996 0.274111675 0.42874999999999996 0.2626903546875 0.44000000000000006 0.25507614218749997 0.4575 0.2576142125 0.5 0.2728426390625 0.54 0.2906091375 0.5625 0.3236040609375 0.5925 0.336294415625 0.6224999999999999 0.3540609140625 0.6475 0.4086294421875 0.69375 0.47969543124999997 0.7262500000000001 0.5659898484375 0.72875 0.578680203125 0.72375 0.5977157359375 0.7025 0.620558375 0.645
9 0.630710659375 0.44000000000000006 0.6319796953125 0.44375 0.64086294375 0.445 0.6738578687500001 0.43 0.66497461875 0.42374999999999996 0.654822334375 0.42625 0.630710659375 0.44000000000000006
9 0.6065989843749999 0.44625000000000004 0.610406090625 0.4375 0.5964467 0.42874999999999996 0.5329949234375 0.42625 0.5076142124999999 0.43624999999999997 0.49619289375 0.45 0.5012690359375 0.45 0.52791878125 0.44875 0.5355329953125 0.44375 0.558375634375 0.44125 0.6065989843749999 0.44625000000000004
9 0.6281725890625001 0.465 0.6218274109374999 0.45875000000000005 0.60913705625 0.45875000000000005 0.5875634515625 0.47000000000000003 0.5901015234375 0.5225 0.5799492390625 0.5349999999999999 0.5799492390625 0.545 0.5913705578124999 0.55375 0.6332487312499999 0.5575 0.651015228125 0.55 0.6560913703125 0.5425 0.6560913703125 0.5325 0.6281725890625001 0.465
9 0.630710659375 0.46749999999999997 0.6370558374999999 0.47125000000000006 0.651015228125 0.47000000000000003 0.6611675124999999 0.465 0.6522842640625 0.45875000000000005 0.6421319796875 0.45875000000000005 0.630710659375 0.46749999999999997
9 0.513959390625 0.47000000000000003 0.5329949234375 0.47874999999999995 0.5596446703125 0.47750000000000004 0.572335025 0.47000000000000003 0.558375634375 0.46125 0.5329949234375 0.46125 0.513959390625 0.47000000000000003
4 0.610406090625 0.4375 0.5964467 0.42874999999999996 0.5329949234375 0.42625 0.5076142124999999 0.43624999999999997 0.49619289375 0.45 0.5 0.45125000000000004 0.558375634375 0.44125 0.6065989843749999 0.44625000000000004 0.610406090625 0.4375
3 0.5329949234375 0.46125 0.513959390625 0.47000000000000003 0.5329949234375 0.47874999999999995 0.558375634375 0.47874999999999995 0.572335025 0.47000000000000003 0.558375634375 0.46125 0.5329949234375 0.46125
2 0.6116751265625 0.60625 0.572335025 0.615 0.5913705578124999 0.62375 0.6167512687500001 0.62625 0.6281725890625001 0.62 0.629441625 0.60625 0.6116751265625 0.60625
10 0.6319796953125 0.61125 0.6383248734375 0.6025 0.6319796953125 0.5912499999999999 0.6040609140625001 0.5912499999999999 0.5647208125 0.615 0.571065990625 0.61625 0.6116751265625 0.60625 0.629441625 0.60625 0.6319796953125 0.61125
5 0.6243654828125 0.62375 0.6167512687500001 0.62625 0.5672588828125 0.6174999999999999 0.5812182734375 0.63375 0.5964467 0.64125 0.619289340625 0.64375 0.6332487312499999 0.6224999999999999 0.6319796953125 0.61125 0.6243654828125 0.62375
6 0.6560913703125 0.5325 0.6281725890625001 0.465 0.6218274109374999 0.45875000000000005 0.60913705625 0.45875000000000005 0.5875634515625 0.47000000000000003 0.5901015234375 0.5225 0.5799492390625 0.5349999999999999 0.5799492390625 0.545 0.5913705578124999 0.55375 0.6319796953125 0.5587500000000001 0.651015228125 0.55 0.6560913703125 0.5425 0.6560913703125 0.5325
8 0.654822334375 0.42625 0.630710659375 0.44000000000000006 0.639593909375 0.44625000000000004 0.6738578687500001 0.43 0.66497461875 0.42374999999999996 0.654822334375 0.42625
7 0.6421319796875 0.45875000000000005 0.630710659375 0.46749999999999997 0.6497461921875 0.47125000000000006 0.6611675124999999 0.465 0.6522842640625 0.45875000000000005 0.6421319796875 0.45875000000000005