0 0 0 0 0.99875 0.997706421875 0.99875 0.997706421875 0 0 0
0 0.6502293578125 0.6725 0.675458715625 0.625 0.6834862390625001 0.61625 0.694954128125 0.61375 0.6983944953125001 0.6174999999999999 0.699541284375 0.63125 0.7098623859375001 0.62 0.723623853125 0.5900000000000001 0.7373853218749999 0.5325 0.7534403671875001 0.485 0.767201834375 0.35750000000000004 0.767201834375 0.27 0.7511467890625 0.2225 0.723623853125 0.175 0.6857798171875 0.14125000000000001 0.65825688125 0.12625 0.598623853125 0.10625 0.5137614671875 0.09875 0.46100917499999994 0.11374999999999999 0.4128440359375 0.11875 0.37844036718749996 0.13125 0.35091743124999997 0.15125 0.319954128125 0.1875 0.2970183484375 0.24500000000000002 0.2924311921875 0.265 0.28784403593749996 0.32 0.2924311921875 0.3525 0.31307339375 0.40750000000000003 0.32224770625 0.45 0.32224770625 0.5675 0.33142201875 0.6625 0.3383027515625 0.6875 0.3566513765625 0.7275 0.39908256875000003 0.77625 0.4128440359375 0.7837500000000001 0.4288990828125 0.78625 0.45756880781250003 0.7849999999999999 0.4770642203125 0.78125 0.5252293578125 0.76125 0.598623853125 0.7212500000000001 0.6502293578125 0.6725
1 0.7270642203125 0.44125 0.7454128437499999 0.43875000000000003 0.7545871562500001 0.44875 0.7603211015625 0.4375 0.7603211015625 0.4 0.767201834375 0.35750000000000004 0.767201834375 0.27 0.7419724765625 0.20249999999999999 0.723623853125 0.175 0.7018348624999999 0.15375 0.65825688125 0.12625 0.607798165625 0.10874999999999999 0.5389908250000001 0.09875 0.5137614671875 0.09875 0.46100917499999994 0.11374999999999999 0.4128440359375 0.11875 0.38990825625 0.12625 0.36009174375 0.14375 0.329128440625 0.175 0.31536697187499996 0.1975 0.2970183484375 0.24500000000000002 0.28784403593749996 0.2975 0.2924311921875 0.3525 0.31307339375 0.40750000000000003 0.31880733906250003 0.43624999999999997 0.31766055 0.41 0.336009175 0.28500000000000003 0.3474770640625 0.2575 0.3669724765625 0.23374999999999999 0.3853211015625 0.22125 0.40596330312499995 0.21375000000000002 0.47935779843750004 0.19375 0.5688073390625 0.19875 0.5848623859375001 0.20375000000000001 0.60091743125 0.21625 0.622706421875 0.24500000000000002 0.625 0.29 0.613532109375 0.3375 0.6181192656250001 0.3725 0.622706421875 0.3875 0.6456422015625 0.42750000000000005 0.6548165140625 0.48 0.660550459375 0.48875 0.6720183484375 0.49124999999999996 0.6811926609375 0.48624999999999996 0.69266055 0.47125000000000006 0.7270642203125 0.44125
1 0.7155963296875 0.59875 0.6983944953125001 0.6174999999999999 0.699541284375 0.63125 0.7098623859375001 0.62 0.71674311875 0.605 0.7155963296875 0.59875
9 0.598623853125 0.7212500000000001 0.6307339453125 0.69375 0.6502293578125 0.6725 0.675458715625 0.625 0.6834862390625001 0.61625 0.699541284375 0.61625 0.723623853125 0.5875 0.7534403671875001 0.485 0.7557339453125 0.45 0.7454128437499999 0.43875000000000003 0.7339449546875 0.43875000000000003 0.7110091749999999 0.45375 0.6811926609375 0.48624999999999996 0.6674311921875 0.49124999999999996 0.6571100921874999 0.485 0.6456422015625 0.42750000000000005 0.622706421875 0.3875 0.613532109375 0.34750000000000003 0.6158256875 0.32 0.625 0.29 0.625 0.2525 0.6158256875 0.2325 0.5802752296875 0.20125 0.47935779843750004 0.19375 0.3853211015625 0.22125 0.3669724765625 0.23374999999999999 0.3520642203125 0.25 0.3383027515625 0.27749999999999997 0.33371559687499996 0.29500000000000004 0.31766055 0.42000000000000004 0.32224770625 0.42000000000000004 0.324541284375 0.41 0.3348623859375 0.40125 0.35091743124999997 0.39625 0.37844036718749996 0.40374999999999994 0.401376146875 0.41624999999999995 0.4071100921875 0.42750000000000005 0.396788990625 0.43624999999999997 0.37844036718749996 0.42625 0.357798165625 0.42374999999999996 0.319954128125 0.4375 0.32224770625 0.5675 0.33371559687499996 0.6725 0.3566513765625 0.7275 0.39908256875000003 0.77625 0.4128440359375 0.7837500000000001 0.45642201875 0.78625 0.4839449546875 0.7787499999999999 0.5642201828125 0.74125 0.598623853125 0.7212500000000001
9 0.550458715625 0.41624999999999995 0.5665137609374999 0.41624999999999995 0.5825688078125 0.42625 0.5860091749999999 0.425 0.5768348624999999 0.40499999999999997 0.559633028125 0.38875000000000004 0.5344036703125 0.37875000000000003 0.5091743125 0.37875000000000003 0.493119265625 0.38125 0.47018348593750003 0.39125 0.44266055 0.41125 0.43692660625 0.4225 0.4529816515625 0.4325 0.4678899078125 0.42374999999999996 0.5091743125 0.41125 0.54357798125 0.41125 0.550458715625 0.41624999999999995
9 0.49541284374999994 0.44125 0.478211009375 0.4575 0.502293578125 0.46375 0.5194954125 0.4625 0.5470183484375 0.4525 0.5321100921874999 0.44125 0.5091743125 0.43624999999999997 0.49541284374999994 0.44125
9 0.47591743124999997 0.53 0.4621559640625 0.5125 0.4552752296875 0.45999999999999996 0.4334862390625 0.44625000000000004 0.4197247703125 0.44625000000000004 0.40481651406249997 0.4575 0.3910550453125 0.5175 0.38188073437500003 0.5375 0.38188073437500003 0.5599999999999999 0.387614678125 0.5662499999999999 0.39908256875000003 0.57375 0.4231651375 0.5775 0.444954128125 0.57375 0.47018348593750003 0.56375 0.48279816562500005 0.55 0.47591743124999997 0.53
9 0.357798165625 0.44875 0.346330275 0.45625 0.336009175 0.47000000000000003 0.35091743124999997 0.47625 0.37270642187499997 0.475 0.387614678125 0.47125000000000006 0.39564220156249996 0.465 0.37844036718749996 0.45125000000000004 0.357798165625 0.44875
9 0.5194954125 0.635 0.502293578125 0.62375 0.47935779843750004 0.6212500000000001 0.47247706406249995 0.61625 0.44724770625000004 0.61625 0.43577981718750003 0.6212500000000001 0.41513761406249994 0.61875 0.39908256875000003 0.6287499999999999 0.38188073437500003 0.65 0.3910550453125 0.67 0.4128440359375 0.68875 0.4461009171875 0.6900000000000001 0.47935779843750004 0.67625 0.5034403671875001 0.6525000000000001 0.5137614671875 0.63625 0.5194954125 0.635
4 0.37844036718749996 0.40374999999999994 0.35091743124999997 0.39625 0.3279816515625 0.40625 0.319954128125 0.4225 0.3211009171875 0.43624999999999997 0.3669724765625 0.42374999999999996 0.39908256875000003 0.43624999999999997 0.4071100921875 0.42750000000000005 0.401376146875 0.41624999999999995 0.37844036718749996 0.40374999999999994
3 0.357798165625 0.44875 0.346330275 0.45625 0.336009175 0.47000000000000003 0.35091743124999997 0.47625 0.37155963281250004 0.47625 0.39564220156249996 0.465 0.37844036718749996 0.45125000000000004 0.357798165625 0.44875
6 0.47591743124999997 0.53 0.4621559640625 0.5125 0.4552752296875 0.45999999999999996 0.4334862390625 0.44625000000000004 0.4197247703125 0.44625000000000004 0.40481651406249997 0.4575 0.3910550453125 0.5175 0.38188073437500003 0.5375 0.38188073437500003 0.5599999999999999 0.387614678125 0.5662499999999999 0.39908256875000003 0.57375 0.4220183484375 0.57875 0.47018348593750003 0.56375 0.48279816562500005 0.55 0.47591743124999997 0.53
5 0.51490825625 0.635 0.511467890625 0.63375 0.4816513765625 0.65125 0.44036697187499996 0.6637500000000001 0.41513761406249994 0.6637500000000001 0.3841743125 0.6525000000000001 0.3910550453125 0.67 0.4128440359375 0.68875 0.444954128125 0.6912499999999999 0.47935779843750004 0.67625 0.5034403671875001 0.6525000000000001 0.51490825625 0.635
10 0.5126146781250001 0.63 0.502293578125 0.62375 0.47935779843750004 0.6212500000000001 0.47247706406249995 0.61625 0.44724770625000004 0.61625 0.43577981718750003 0.6212500000000001 0.41513761406249994 0.61875 0.38876146718750004 0.64 0.3841743125 0.6475 0.387614678125 0.6487499999999999 0.40825688125 0.63875 0.4334862390625 0.63375 0.5126146781250001 0.63
2 0.4334862390625 0.63375 0.40825688125 0.63875 0.3841743125 0.65 0.403669725 0.66125 0.44036697187499996 0.6637500000000001 0.4816513765625 0.65125 0.51490825625 0.6325000000000001 0.4334862390625 0.63375
8 0.54357798125 0.41125 0.550458715625 0.41624999999999995 0.5665137609374999 0.41624999999999995 0.5825688078125 0.42625 0.5860091749999999 0.425 0.5768348624999999 0.40499999999999997 0.559633028125 0.38875000000000004 0.5344036703125 0.37875000000000003 0.5091743125 0.37875000000000003 0.493119265625 0.38125 0.47018348593750003 0.39125 0.44266055 0.41125 0.43692660625 0.4225 0.4518348625 0.43375 0.4678899078125 0.42374999999999996 0.5091743125 0.41125 0.54357798125 0.41125
7 0.5091743125 0.43624999999999997 0.49541284374999994 0.44125 0.478211009375 0.4575 0.5183486234375 0.46375 0.5470183484375 0.4525 0.5321100921874999 0.44125 0.5091743125 0.43624999999999997