0 0 0 0 0.9968777 0.9965517234375 0.9984375 0.9982758625000001 0 0 0
0 0.6534482765625 0.659375 0.6931034484375 0.5734375 0.7051724140625 0.58125 0.712068965625 0.603125 0.7689655171875 0.6578125 0.7931034484375 0.6671875 0.7982758624999999 0.65625 0.8051724140625 0.5625 0.7741379312500001 0.490625 0.7810344828125 0.465625 0.7741379312500001 0.425 0.7810344828125 0.4125 0.8068965515625001 0.3890625 0.82758620625 0.3921875 0.8293103453124999 0.38125 0.8120689656250001 0.35625 0.7948275859375 0.29375 0.7948275859375 0.271875 0.77241379375 0.2453125 0.7 0.2078125 0.67413793125 0.18125 0.67413793125 0.1625 0.6689655171875 0.1578125 0.6586206890625 0.1671875 0.6413793109375 0.1703125 0.636206896875 0.165625 0.639655171875 0.146875 0.634482759375 0.1421875 0.613793103125 0.1515625 0.613793103125 0.1296875 0.6 0.1359375 0.5793103453125 0.1359375 0.565517240625 0.1453125 0.5448275859375 0.1484375 0.52758620625 0.1578125 0.486206896875 0.1578125 0.44482758593750005 0.1671875 0.34827586250000003 0.2140625 0.312068965625 0.246875 0.29137931093749997 0.28125 0.2568965515625 0.384375 0.260344828125 0.4625 0.2534482765625 0.490625 0.2534482765625 0.528125 0.2672413796875 0.56875 0.29827586250000004 0.596875 0.3017241375 0.625 0.3086206890625 0.628125 0.3172413796875 0.6046875 0.35 0.675 0.3948275859375 0.728125 0.4051724140625 0.75 0.3965517234375 0.7609375 0.40862068906250004 0.753125 0.4051724140625 0.74375 0.41034482812500006 0.7421875 0.44827586249999996 0.7609375 0.48275862031249994 0.7703125 0.4982758625 0.76875 0.52758620625 0.7671875 0.5586206890625001 0.7578125 0.615517240625 0.7125 0.6534482765625 0.659375
0 0.3051724140625 0.815625 0.32586206875 0.8 0.3034482765625 0.8078125 0.29827586250000004 0.815625 0.3051724140625 0.815625
1 0.3017241375 0.55 0.3017241375 0.49375 0.3086206890625 0.46875 0.3086206890625 0.346875 0.32241379375 0.309375 0.3517241375 0.2828125 0.3931034484375 0.2671875 0.42758620625 0.2609375 0.465517240625 0.2609375 0.52758620625 0.2953125 0.5517241375 0.2953125 0.5689655171875 0.3015625 0.5810344828125 0.3125 0.5844827593749999 0.346875 0.5913793109375 0.359375 0.65 0.4125 0.6672413796875001 0.446875 0.6706896546875 0.5 0.686206896875 0.5296875 0.6948275859375 0.51875 0.6982758625 0.465625 0.7189655171875 0.446875 0.7258620687499999 0.421875 0.7413793109375 0.4109375 0.7517241375 0.4109375 0.77241379375 0.4265625 0.8068965515625001 0.3890625 0.8293103453124999 0.390625 0.8293103453124999 0.38125 0.8120689656250001 0.35625 0.8051724140625 0.334375 0.7948275859375 0.29375 0.7948275859375 0.271875 0.787931034375 0.259375 0.77241379375 0.2453125 0.7 0.2078125 0.67413793125 0.18125 0.67413793125 0.1625 0.6689655171875 0.1578125 0.6517241375 0.1703125 0.6413793109375 0.1703125 0.636206896875 0.165625 0.639655171875 0.146875 0.634482759375 0.1421875 0.613793103125 0.1515625 0.615517240625 0.13125 0.6068965515625 0.1296875 0.6 0.1359375 0.5793103453125 0.1359375 0.565517240625 0.1453125 0.5448275859375 0.1484375 0.52758620625 0.1578125 0.465517240625 0.1609375 0.362068965625 0.2046875 0.312068965625 0.246875 0.27758620624999997 0.315625 0.2568965515625 0.384375 0.260344828125 0.4625 0.2534482765625 0.490625 0.2534482765625 0.528125 0.260344828125 0.55625 0.27413793124999997 0.578125 0.29827586250000004 0.596875 0.3017241375 0.625 0.3068965515625 0.6296875 0.31551724062500003 0.609375 0.31551724062500003 0.5875 0.3017241375 0.55
1 0.8051724140625 0.6 0.8051724140625 0.5625 0.77241379375 0.4859375 0.75 0.53125 0.736206896875 0.546875 0.72413793125 0.5578125 0.7 0.5578125 0.6948275859375 0.571875 0.7086206890625 0.5875 0.712068965625 0.603125 0.7293103453125 0.615625 0.7431034484375 0.634375 0.7689655171875 0.6578125 0.7931034484375 0.6671875 0.7982758624999999 0.65625 0.7982758624999999 0.6125 0.8051724140625 0.6
1 0.4068965515625 0.7546875 0.40862068906250004 0.746875 0.3965517234375 0.7296875 0.4068965515625 0.7546875
1 0.29827586250000004 0.815625 0.3034482765625 0.8171875 0.32241379375 0.803125 0.3034482765625 0.8078125 0.29827586250000004 0.815625
9 0.636206896875 0.6875 0.67413793125 0.621875 0.6948275859375 0.5625 0.7068965515625 0.5546875 0.72413793125 0.5578125 0.75 0.53125 0.7810344828125 0.4625 0.7741379312500001 0.428125 0.7517241375 0.4109375 0.734482759375 0.4140625 0.7258620687499999 0.421875 0.7189655171875 0.446875 0.6982758625 0.465625 0.6948275859375 0.51875 0.686206896875 0.5296875 0.6706896546875 0.5 0.6672413796875001 0.446875 0.6431034484375 0.403125 0.5913793109375 0.359375 0.5844827593749999 0.346875 0.5810344828125 0.3125 0.562068965625 0.2984375 0.5206896546875 0.2921875 0.47586206875 0.2640625 0.42758620625 0.2609375 0.3793103453125 0.2703125 0.3517241375 0.2828125 0.3189655171875 0.315625 0.3086206890625 0.346875 0.3051724140625 0.425 0.3206896546875 0.4109375 0.3517241375 0.4078125 0.389655171875 0.4203125 0.3948275859375 0.428125 0.389655171875 0.4328125 0.3551724140625 0.4265625 0.3172413796875 0.4265625 0.3051724140625 0.43125 0.3086206890625 0.46875 0.3017241375 0.49375 0.3017241375 0.55 0.32931034531250003 0.6375 0.35 0.675 0.4017241375 0.7375 0.44827586249999996 0.7609375 0.4965517234375 0.7703125 0.5586206890625001 0.7578125 0.615517240625 0.7125 0.636206896875 0.6875
9 0.5068965515625 0.3796875 0.47241379375000003 0.3921875 0.45 0.409375 0.4517241375 0.4140625 0.463793103125 0.415625 0.5241379312500001 0.3921875 0.57413793125 0.4 0.5448275859375 0.3828125 0.5068965515625 0.3796875
9 0.4965517234375 0.4359375 0.48103448281250005 0.453125 0.5327586203125 0.453125 0.5603448281250001 0.440625 0.537931034375 0.4296875 0.513793103125 0.4296875 0.4965517234375 0.4359375
9 0.4568965515625 0.45625 0.4413793109375 0.4484375 0.42068965468749997 0.4484375 0.4017241375 0.4625 0.3982758625 0.509375 0.3948275859375 0.525 0.384482759375 0.534375 0.384482759375 0.559375 0.3931034484375 0.5671875 0.436206896875 0.56875 0.48275862031249994 0.5578125 0.49482758593750004 0.540625 0.4706896546875 0.509375 0.4568965515625 0.45625
9 0.34827586250000003 0.4515625 0.32931034531250003 0.46875 0.337931034375 0.4765625 0.360344828125 0.478125 0.3827586203125 0.4734375 0.3948275859375 0.465625 0.36896551718750004 0.4515625 0.34827586250000003 0.4515625
9 0.45862068906250003 0.6015625 0.44827586249999996 0.6078125 0.4310344828125 0.6046875 0.3948275859375 0.625 0.41034482812500006 0.6390625 0.42758620625 0.6453125 0.463793103125 0.64375 0.5 0.6328125 0.52586206875 0.6125 0.510344828125 0.6046875 0.45862068906250003 0.6015625
4 0.3517241375 0.4078125 0.3206896546875 0.4109375 0.3051724140625 0.428125 0.3551724140625 0.4265625 0.389655171875 0.4328125 0.3948275859375 0.428125 0.389655171875 0.4203125 0.3517241375 0.4078125
3 0.34827586250000003 0.4515625 0.33275862031250003 0.4625 0.32931034531250003 0.471875 0.3586206890625 0.4796875 0.3948275859375 0.465625 0.36896551718750004 0.4515625 0.34827586250000003 0.4515625
6 0.4706896546875 0.509375 0.4568965515625 0.45625 0.4413793109375 0.4484375 0.42068965468749997 0.4484375 0.4017241375 0.4625 0.3982758625 0.509375 0.3948275859375 0.525 0.384482759375 0.534375 0.384482759375 0.559375 0.3931034484375 0.5671875 0.43448275937499997 0.5703125 0.48275862031249994 0.5578125 0.49482758593750004 0.540625 0.4706896546875 0.509375
5 0.3948275859375 0.625 0.41034482812500006 0.6390625 0.42758620625 0.6453125 0.462068965625 0.6453125 0.5 0.6328125 0.52586206875 0.6125 0.3948275859375 0.625
10 0.45862068906250003 0.6015625 0.44827586249999996 0.6078125 0.4310344828125 0.6046875 0.3982758625 0.621875 0.41034482812500006 0.6234375 0.5189655171875 0.609375 0.48275862031249994 0.6015625 0.45862068906250003 0.6015625
2 0.439655171875 0.61875 0.47241379375000003 0.6203125 0.5017241375 0.615625 0.465517240625 0.6140625 0.439655171875 0.61875
8 0.534482759375 0.3796875 0.5068965515625 0.3796875 0.45862068906250003 0.4015625 0.45 0.4125 0.462068965625 0.4171875 0.5241379312500001 0.3921875 0.57413793125 0.4 0.534482759375 0.3796875
7 0.513793103125 0.4296875 0.4965517234375 0.4359375 0.48103448281250005 0.453125 0.5310344828125 0.4546875 0.5603448281250001 0.440625 0.537931034375 0.4296875 0.513793103125 0.4296875