0 0 0 0 0.9967768328125001 0.9967320265625 0.998387096875 0.9983660125 0 0 0
0 0.6666666671875 0.5725806453125 0.6911764703125 0.5354838703125 0.723856209375 0.50967741875 0.7532679734375 0.43870967812500006 0.759803921875 0.39677419375 0.759803921875 0.3290322578125 0.7565359484374999 0.2870967734375 0.7434640515625001 0.258064515625 0.7434640515625001 0.2354838703125 0.722222221875 0.21129032187500002 0.653594771875 0.17580645156250002 0.490196078125 0.1725806453125 0.47385620937499995 0.1822580640625 0.44771241875 0.188709678125 0.4052287578125 0.21129032187500002 0.364379084375 0.251612903125 0.33823529375 0.3 0.328431371875 0.3290322578125 0.321895425 0.354838709375 0.321895425 0.3935483875 0.3545751640625 0.454838709375 0.3513071890625 0.5161290328125 0.37418300625 0.5774193546874999 0.3970588234375 0.60967741875 0.43137254843750006 0.64032258125 0.48039215625000004 0.65322580625 0.51797385625 0.651612903125 0.542483659375 0.64677419375 0.581699346875 0.6274193546875 0.64379085 0.5758064515625 0.6666666671875 0.5725806453125
1 0.7532679734375 0.43870967812500006 0.759803921875 0.39677419375 0.7565359484374999 0.2870967734375 0.7434640515625001 0.258064515625 0.7434640515625001 0.2354838703125 0.722222221875 0.21129032187500002 0.653594771875 0.17580645156250002 0.490196078125 0.1725806453125 0.4150326796875 0.204838709375 0.364379084375 0.251612903125 0.33823529375 0.3 0.321895425 0.354838709375 0.321895425 0.3935483875 0.3529411765625 0.45322580625000003 0.3578431375 0.451612903125 0.3905228765625 0.38387096718749997 0.4150326796875 0.3564516125 0.47385620937499995 0.3274193546875 0.5065359484374999 0.3209677421875 0.55228758125 0.3209677421875 0.5849673203125 0.33064516093749996 0.6045751640625 0.3435483875 0.6225490203125 0.358064515625 0.6388888890625 0.3806451609375 0.6486928109375001 0.46129032187499996 0.6552287578125 0.47741935468749996 0.651960784375 0.5225806453125 0.6633986921874999 0.5306451609375 0.686274509375 0.5274193546875 0.6928104578125 0.5338709671874999 0.723856209375 0.50967741875 0.7369281046875 0.4838709671875 0.7532679734375 0.43870967812500006
9 0.64379085 0.5758064515625 0.6666666671875 0.5725806453125 0.6911764703125 0.538709678125 0.686274509375 0.5274193546875 0.6633986921874999 0.5306451609375 0.651960784375 0.5225806453125 0.6552287578125 0.47741935468749996 0.6454248359375 0.44193548437499997 0.6388888890625 0.3806451609375 0.6225490203125 0.358064515625 0.6045751640625 0.3435483875 0.5849673203125 0.33064516093749996 0.55228758125 0.3209677421875 0.5065359484374999 0.3209677421875 0.47385620937499995 0.3274193546875 0.4150326796875 0.3564516125 0.3970588234375 0.37419354843749997 0.37745097968749997 0.4064516125 0.3545751640625 0.454838709375 0.3513071890625 0.47419354843750006 0.3513071890625 0.5161290328125 0.3611111109375 0.551612903125 0.3970588234375 0.60967741875 0.421568628125 0.6338709671875 0.44444444375 0.64677419375 0.51633986875 0.65322580625 0.542483659375 0.64677419375 0.581699346875 0.6274193546875 0.64379085 0.5758064515625
9 0.40032679687500006 0.38387096718749997 0.437908496875 0.391935484375 0.46405228750000005 0.408064515625 0.4689542484375 0.4064516125 0.47222222187499996 0.39677419375 0.44117647031249996 0.3725806453125 0.41830065312500003 0.3725806453125 0.40032679687500006 0.38387096718749997
9 0.527777778125 0.4129032265625 0.5359477125 0.4209677421875 0.5653594765625 0.4209677421875 0.616013071875 0.43225806406249995 0.598039215625 0.411290321875 0.5849673203125 0.404838709375 0.5490196078125 0.404838709375 0.527777778125 0.4129032265625
9 0.4591503265625 0.43870967812500006 0.44117647031249996 0.4241935484375 0.421568628125 0.4209677421875 0.41013071874999996 0.42580645156249997 0.4591503265625 0.43870967812500006
9 0.5212418296875 0.451612903125 0.509803921875 0.44032258124999996 0.4771241828125 0.43709677343750003 0.455882353125 0.47741935468749996 0.436274509375 0.4935483875 0.436274509375 0.50967741875 0.4771241828125 0.5306451609375 0.4983660125 0.5290322578125 0.51633986875 0.5274193546875 0.527777778125 0.5193548390625 0.5212418296875 0.49677419375 0.5212418296875 0.451612903125
9 0.5588235296875 0.4629032265625 0.5866013078125001 0.46129032187499996 0.5686274515624999 0.44677419374999994 0.5490196078125 0.44677419374999994 0.534313725 0.454838709375 0.5588235296875 0.4629032265625
9 0.51633986875 0.5532258062500001 0.49346405156250006 0.5435483875 0.4705882359375 0.5435483875 0.44444444375 0.5338709671874999 0.41013071874999996 0.5354838703125 0.437908496875 0.5854838703125 0.4607843140625 0.598387096875 0.49509803906250005 0.59677419375 0.5294117640625 0.5822580640624999 0.55392156875 0.5612903218749999 0.5392156859375 0.5532258062500001 0.51633986875 0.5532258062500001
4 0.41830065312500003 0.3725806453125 0.40032679687500006 0.38387096718749997 0.437908496875 0.391935484375 0.4673202609375 0.408064515625 0.47222222187499996 0.39677419375 0.44117647031249996 0.3725806453125 0.41830065312500003 0.3725806453125
3 0.41013071874999996 0.42580645156249997 0.45751634062499996 0.44032258124999996 0.44117647031249996 0.4241935484375 0.421568628125 0.4209677421875 0.41013071874999996 0.42580645156249997
5 0.51633986875 0.5725806453125 0.45751634062499996 0.5725806453125 0.41013071874999996 0.5354838703125 0.437908496875 0.5854838703125 0.4607843140625 0.598387096875 0.49346405156250006 0.598387096875 0.5294117640625 0.5822580640624999 0.55392156875 0.5612903218749999 0.51633986875 0.5725806453125
2 0.42483660156249997 0.5370967734375001 0.4166666671875 0.538709678125 0.428104575 0.5532258062500001 0.45751634062499996 0.5725806453125 0.51633986875 0.5725806453125 0.5473856203125 0.5612903218749999 0.46405228750000005 0.5532258062500001 0.42483660156249997 0.5370967734375001
10 0.49346405156250006 0.5435483875 0.4705882359375 0.5435483875 0.44444444375 0.5338709671874999 0.4166666671875 0.5354838703125 0.46405228750000005 0.5532258062500001 0.545751634375 0.55967741875 0.5392156859375 0.5532258062500001 0.51633986875 0.5532258062500001 0.49346405156250006 0.5435483875
6 0.5212418296875 0.49677419375 0.5212418296875 0.451612903125 0.5 0.43709677343750003 0.4771241828125 0.43709677343750003 0.455882353125 0.47741935468749996 0.436274509375 0.4935483875 0.436274509375 0.50967741875 0.4673202609375 0.5274193546875 0.49673202656250004 0.5306451609375 0.51633986875 0.5274193546875 0.527777778125 0.5193548390625 0.5212418296875 0.49677419375
8 0.5490196078125 0.404838709375 0.527777778125 0.4129032265625 0.5359477125 0.4209677421875 0.58823529375 0.4241935484375 0.614379084375 0.43387096718749996 0.598039215625 0.411290321875 0.5849673203125 0.404838709375 0.5490196078125 0.404838709375
7 0.534313725 0.454838709375 0.5588235296875 0.4629032265625 0.5849673203125 0.4629032265625 0.5686274515624999 0.44677419374999994 0.5490196078125 0.44677419374999994 0.534313725 0.454838709375