0 0 0 0 0.9980479328125 0.9978354984375001 0.9990234375 0.9989177484375 0 0 0
0 0.6525974031249999 0.681640625 0.68073593125 0.650390625 0.70670995625 0.611328125 0.7196969703125 0.572265625 0.7272727265625 0.5693359375 0.733766234375 0.5732421875 0.746753246875 0.5732421875 0.76948051875 0.556640625 0.7781385281250001 0.525390625 0.7803030296875 0.458984375 0.7759740265625 0.44140625 0.7521645015625 0.400390625 0.7283549781249999 0.38671875 0.7283549781249999 0.373046875 0.7196969703125 0.34765625 0.6915584421875 0.29296875 0.6699134203125 0.265625 0.6320346328124999 0.2314453125 0.5800865796875 0.2041015625 0.547619046875 0.1943359375 0.4870129875 0.1865234375 0.4372294375 0.1865234375 0.4047619046875 0.1962890625 0.3896103890625 0.2080078125 0.3549783546875 0.2236328125 0.3268398265625 0.2412109375 0.2878787875 0.2548828125 0.2629870125 0.275390625 0.2543290046875 0.296875 0.2543290046875 0.33984375 0.24783549843750002 0.36328125 0.24783549843750002 0.39453125 0.2543290046875 0.48046875 0.265151515625 0.517578125 0.271645021875 0.5625 0.291125540625 0.6171875 0.31926406875 0.673828125 0.353896103125 0.71484375 0.3831168828125 0.7392578125 0.4134199140625 0.7587890625 0.4372294375 0.7666015625 0.4729437234375 0.765625 0.51948051875 0.7587890625 0.5887445890625 0.7314453125 0.621212121875 0.7099609375 0.6525974031249999 0.681640625
9 0.621212121875 0.7099609375 0.6525974031249999 0.681640625 0.6850649343749999 0.64453125 0.70670995625 0.611328125 0.7196969703125 0.572265625 0.7272727265625 0.5693359375 0.733766234375 0.5732421875 0.746753246875 0.5732421875 0.7554112546875 0.5693359375 0.7716450218750001 0.552734375 0.7781385281250001 0.525390625 0.7803030296875 0.458984375 0.7759740265625 0.44140625 0.7521645015625 0.400390625 0.7294372296875 0.3876953125 0.7121212124999999 0.3857421875 0.6666666671875 0.3466796875 0.5865800859375 0.3056640625 0.5638528140625 0.28515625 0.5487012984375 0.263671875 0.5259740265625 0.2470703125 0.5129870125 0.2470703125 0.49134199062499995 0.2548828125 0.44805194843749996 0.2626953125 0.4199134203125 0.2724609375 0.372294371875 0.2763671875 0.33116883124999996 0.2900390625 0.29870129843750004 0.2958984375 0.26948051875 0.314453125 0.2543290046875 0.3359375 0.24783549843750002 0.36328125 0.2543290046875 0.48046875 0.265151515625 0.517578125 0.271645021875 0.5625 0.291125540625 0.6171875 0.31926406875 0.673828125 0.353896103125 0.71484375 0.40043290000000004 0.7509765625 0.422077921875 0.7626953125 0.4372294375 0.7666015625 0.47186147187499994 0.7666015625 0.5324675328125 0.7548828125 0.5887445890625 0.7314453125 0.621212121875 0.7099609375
9 0.5129870125 0.4287109375 0.51948051875 0.4248046875 0.5422077921875 0.42578125 0.5238095234375 0.4130859375 0.5043290046875 0.4091796875 0.47186147187499994 0.4091796875 0.44805194843749996 0.4150390625 0.422077921875 0.4267578125 0.4080086578125 0.44140625 0.4080086578125 0.447265625 0.4112554109375 0.4501953125 0.4231601734375 0.451171875 0.4372294375 0.4423828125 0.45021645 0.4404296875 0.46536796562499994 0.4326171875 0.5129870125 0.4287109375
9 0.346320346875 0.4501953125 0.30519480468750004 0.4501953125 0.28246753281250003 0.462890625 0.2738095234375 0.478515625 0.2803030296875 0.478515625 0.3203463203125 0.4658203125 0.3571428578125 0.4677734375 0.36255411249999997 0.45703125 0.346320346875 0.4501953125
9 0.4491341984375 0.466796875 0.459956709375 0.466796875 0.47402597343749997 0.4658203125 0.5227272734375 0.451171875 0.4870129875 0.4501953125 0.4491341984375 0.466796875
9 0.446969696875 0.529296875 0.425324675 0.4765625 0.409090909375 0.4697265625 0.38744588750000003 0.4697265625 0.371212121875 0.482421875 0.36904761875 0.48828125 0.3668831171875 0.53125 0.3647186140625 0.546875 0.3582251078125 0.556640625 0.3582251078125 0.572265625 0.3603896109375 0.578125 0.374458875 0.5869140625 0.3917748921875 0.5908203125 0.4123376625 0.58984375 0.45887445937500004 0.5712890625 0.46861471874999994 0.5625 0.47077922031249997 0.5546875 0.446969696875 0.529296875
9 0.3268398265625 0.4853515625 0.309523809375 0.4931640625 0.29978355 0.501953125 0.3127705625 0.501953125 0.35064934999999997 0.4951171875 0.36255411249999997 0.48828125 0.3484848484375 0.4833984375 0.3268398265625 0.4853515625
9 0.5108225109375 0.6142578125 0.45887445937500004 0.6142578125 0.4393939390625 0.6240234375 0.4264069265625 0.6220703125 0.40692640625000004 0.6298828125 0.3798701296875 0.65625 0.39393939375000003 0.6630859375 0.4199134203125 0.6689453125 0.4491341984375 0.66796875 0.45670995625 0.6669921875 0.4891774890625 0.6513671875 0.5248917750000001 0.619140625 0.5108225109375 0.6142578125
1 0.6915584421875 0.29296875 0.6699134203125 0.265625 0.6320346328124999 0.2314453125 0.6168831171875 0.2216796875 0.5800865796875 0.2041015625 0.547619046875 0.1943359375 0.4870129875 0.1865234375 0.4372294375 0.1865234375 0.4134199140625 0.1923828125 0.3268398265625 0.2412109375 0.2878787875 0.2548828125 0.2629870125 0.275390625 0.2543290046875 0.296875 0.2554112546875 0.3349609375 0.27272727343750003 0.3115234375 0.29870129843750004 0.2958984375 0.33116883124999996 0.2900390625 0.372294371875 0.2763671875 0.4199134203125 0.2724609375 0.44805194843749996 0.2626953125 0.49134199062499995 0.2548828125 0.5129870125 0.2470703125 0.5259740265625 0.2470703125 0.5487012984375 0.263671875 0.5638528140625 0.28515625 0.5865800859375 0.3056640625 0.6666666671875 0.3466796875 0.7121212124999999 0.3857421875 0.7272727265625 0.3876953125 0.7283549781249999 0.373046875 0.7196969703125 0.34765625 0.6915584421875 0.29296875
4 0.36255411249999997 0.45703125 0.346320346875 0.4501953125 0.30519480468750004 0.4501953125 0.28246753281250003 0.462890625 0.2738095234375 0.478515625 0.27922077968750003 0.4794921875 0.3203463203125 0.4658203125 0.3571428578125 0.4677734375 0.36255411249999997 0.45703125
3 0.3484848484375 0.4833984375 0.3268398265625 0.4853515625 0.309523809375 0.4931640625 0.29978355 0.501953125 0.3116883109375 0.5029296875 0.35064934999999997 0.4951171875 0.36255411249999997 0.48828125 0.3484848484375 0.4833984375
6 0.47077922031249997 0.5546875 0.446969696875 0.529296875 0.425324675 0.4765625 0.409090909375 0.4697265625 0.38744588750000003 0.4697265625 0.371212121875 0.482421875 0.36904761875 0.48828125 0.3668831171875 0.53125 0.3647186140625 0.546875 0.3582251078125 0.556640625 0.3582251078125 0.572265625 0.36580086562499997 0.5830078125 0.374458875 0.5869140625 0.3917748921875 0.5908203125 0.4112554109375 0.5908203125 0.45887445937500004 0.5712890625 0.46861471874999994 0.5625 0.47077922031249997 0.5546875
5 0.50649350625 0.6220703125 0.49567099531250003 0.6279296875 0.44805194843749996 0.6416015625 0.435064934375 0.6416015625 0.4134199140625 0.6494140625 0.3798701296875 0.65625 0.409090909375 0.6669921875 0.44805194843749996 0.6689453125 0.4891774890625 0.6513671875 0.5248917750000001 0.619140625 0.50649350625 0.6220703125
10 0.47402597343749997 0.6298828125 0.48484848437499994 0.6298828125 0.51948051875 0.6201171875 0.5205627703125 0.6171875 0.5108225109375 0.6142578125 0.45887445937500004 0.6142578125 0.4393939390625 0.6240234375 0.4264069265625 0.6220703125 0.40692640625000004 0.6298828125 0.3885281390625 0.646484375 0.38419913437500003 0.65234375 0.38744588750000003 0.6533203125 0.428571428125 0.6416015625 0.4393939390625 0.6416015625 0.47402597343749997 0.6298828125
2 0.440476190625 0.640625 0.44805194843749996 0.6416015625 0.483766234375 0.630859375 0.47402597343749997 0.6298828125 0.440476190625 0.640625
2 0.396103896875 0.6533203125 0.40367965312500004 0.650390625 0.3885281390625 0.65234375 0.396103896875 0.6533203125
8 0.46536796562499994 0.4326171875 0.5129870125 0.4287109375 0.51948051875 0.4248046875 0.5422077921875 0.42578125 0.5238095234375 0.4130859375 0.5043290046875 0.4091796875 0.47186147187499994 0.4091796875 0.44805194843749996 0.4150390625 0.422077921875 0.4267578125 0.4080086578125 0.44140625 0.4080086578125 0.447265625 0.422077921875 0.4521484375 0.4372294375 0.4423828125 0.45021645 0.4404296875 0.46536796562499994 0.4326171875
7 0.4491341984375 0.466796875 0.45887445937500004 0.4677734375 0.5227272734375 0.451171875 0.4870129875 0.4501953125 0.4491341984375 0.466796875