0 0 0 0 0.9986380875 0.9985754984374999 0.9993188015625 0.99928775 0 0 0
0 0.096866096875 0.0851498640625 0.0861823359375 0.095367846875 0.084757834375 0.111716621875 0.0861823359375 0.1158038140625 0.0890313390625 0.1158038140625 0.09330484375 0.1049046328125 0.10327635312500001 0.09809264375 0.10185185156250001 0.0885558578125 0.096866096875 0.0851498640625
0 0.1075498578125 0.10354223437500001 0.1111111109375 0.106948228125 0.1132478625 0.10626702968749999 0.11253561249999999 0.087874659375 0.10612535625 0.095367846875 0.10612535625 0.09809264375 0.1075498578125 0.10354223437500001
0 0.09188034218749999 0.130790190625 0.0883190890625 0.1246594 0.08119658125 0.1246594 0.0790598296875 0.126702996875 0.077635328125 0.13896457812500002 0.071937321875 0.15258855625 0.071937321875 0.15667575 0.0762108265625 0.1634877390625 0.0762108265625 0.197547684375 0.08048433125 0.2098092640625 0.084757834375 0.19891008125 0.084757834375 0.1634877390625 0.09188034218749999 0.153950953125 0.09188034218749999 0.130790190625
0 0.5626780625000001 0.6846049046875 0.5698005703125 0.6846049046875 0.5769230765625 0.6886920984375 0.584045584375 0.6886920984375 0.5918803421875001 0.6852861031249999 0.59330484375 0.681198909375 0.5897435890625 0.677792915625 0.5847578343750001 0.6771117171875 0.5861823359375 0.6689373296875 0.6253561249999999 0.6396457765625 0.634615384375 0.630790190625 0.640313390625 0.6212534062499999 0.6488603984375 0.576294278125 0.665954415625 0.5435967296875 0.6702279203125 0.5245231609375 0.6759259265625001 0.5108991828125 0.715099715625 0.4761580375 0.7264957265625 0.4761580375 0.735042734375 0.484332425 0.7450142453125 0.4870572203125 0.7507122500000001 0.49523160781250003 0.759259259375 0.49523160781250003 0.7670940171875 0.48637602187500006 0.7742165234375 0.46866485 0.8012820515625 0.43460490468749996 0.815527065625 0.404632153125 0.8212250718749999 0.3855585828125 0.822649571875 0.3256130796875 0.8141025640624999 0.2888283375 0.7984330484375 0.2574931875 0.7628205125 0.20299727500000003 0.7393162390625 0.1805177109375 0.7051282046875 0.1573569484375 0.66809116875 0.138283378125 0.6353276359375 0.12874659375 0.5584045578125 0.127384196875 0.51851851875 0.13692098125000002 0.49430199375 0.1396457765625 0.4415954421875 0.1587193453125 0.4230769234375 0.169618528125 0.40598290625000005 0.18324250625 0.37820512812499996 0.2098092640625 0.3668091171875 0.2261580375 0.359686609375 0.2411444140625 0.34401709375 0.2888283375 0.34401709375 0.3079019078125 0.33831908906249997 0.3351498640625 0.33119658125 0.3514986375 0.3269230765625 0.38283378749999997 0.3112535609375 0.41416893750000006 0.302706553125 0.44414168906249996 0.289886040625 0.51907356875 0.2827635328125 0.5435967296875 0.28133903125000004 0.5735694828125 0.2884615390625 0.6021798359375 0.297008546875 0.6198910078125001 0.3012820515625 0.634877384375 0.309829059375 0.6485013625 0.32336182343750003 0.6628065390625 0.35612535625 0.681880109375 0.384615384375 0.6941416890625 0.43162393125 0.705040871875 0.5021367515625 0.7057220703125 0.528490028125 0.69959128125 0.541310540625 0.6927792921875 0.5512820515625 0.69141689375 0.5626780625000001 0.6846049046875
0 0.7492877499999999 0.4720708453125 0.7457264953125 0.47820163437499996 0.7507122500000001 0.4816076296875 0.75569800625 0.47820163437499996 0.75569800625 0.47547683906250005 0.7492877499999999 0.4720708453125
1 0.10185185156250001 0.0885558578125 0.096866096875 0.0851498640625 0.0861823359375 0.095367846875 0.084757834375 0.111716621875 0.0883190890625 0.1164850140625 0.09330484375 0.1049046328125 0.10327635312500001 0.09809264375 0.10185185156250001 0.0885558578125
1 0.10612535625 0.09809264375 0.1075498578125 0.10354223437500001 0.11253561249999999 0.106948228125 0.11253561249999999 0.087874659375 0.10612535625 0.095367846875 0.10612535625 0.09809264375
1 0.09188034218749999 0.153950953125 0.09188034218749999 0.130790190625 0.0883190890625 0.1246594 0.08119658125 0.1246594 0.0790598296875 0.126702996875 0.077635328125 0.13896457812500002 0.071937321875 0.15258855625 0.071937321875 0.15667575 0.0762108265625 0.1634877390625 0.074786325 0.181198909375 0.0797720796875 0.2104904625 0.084757834375 0.19891008125 0.084757834375 0.1634877390625 0.09188034218749999 0.153950953125
1 0.8212250718749999 0.3855585828125 0.822649571875 0.3256130796875 0.8198005703125 0.3092643046875 0.8141025640624999 0.2888283375 0.8055555562500001 0.26975476875000004 0.7628205125 0.20299727500000003 0.7393162390625 0.1805177109375 0.7051282046875 0.1573569484375 0.66809116875 0.138283378125 0.6353276359375 0.12874659375 0.5584045578125 0.127384196875 0.51851851875 0.13692098125000002 0.48290598281249997 0.142370571875 0.4415954421875 0.1587193453125 0.4230769234375 0.169618528125 0.40598290625000005 0.18324250625 0.37820512812499996 0.2098092640625 0.3710826203125 0.2193460484375 0.359686609375 0.2411444140625 0.3497151 0.26975476875000004 0.34401709375 0.2888283375 0.3447293453125 0.3072207078125 0.3582621078125 0.2997275203125 0.3710826203125 0.265667575 0.3867521375 0.23569482343749998 0.3988603984375 0.2213896453125 0.421652421875 0.2023160765625 0.45014244999999997 0.18324250625 0.47150997187500004 0.172343325 0.4928774921875 0.1668937328125 0.5170940171875 0.1668937328125 0.5263532765625001 0.1825613078125 0.539886040625 0.19550408749999998 0.565527065625 0.213215259375 0.5883190890625001 0.2241144421875 0.6467236468750001 0.244550409375 0.6823361828125 0.2649863765625 0.7236467234374999 0.2922343328125 0.7357549859375 0.3051771109375 0.7428774921875 0.3174386921875 0.74430199375 0.3256130796875 0.7571225078125 0.3501362390625 0.765669515625 0.3814713890625 0.7613960109375 0.4305177109375 0.7571225078125 0.44141689375000004 0.7485754984375 0.44959128125000003 0.7485754984375 0.4536784734375 0.7578347578125 0.45980926406249994 0.7792022796875 0.462534059375 0.8012820515625 0.43460490468749996 0.815527065625 0.404632153125 0.8212250718749999 0.3855585828125
9 0.5512820515625 0.69141689375 0.5626780625000001 0.6846049046875 0.5698005703125 0.6846049046875 0.5769230765625 0.6886920984375 0.5897435890625 0.6873297 0.59330484375 0.681198909375 0.5897435890625 0.677792915625 0.5847578343750001 0.6771117171875 0.5861823359375 0.6689373296875 0.6253561249999999 0.6396457765625 0.634615384375 0.630790190625 0.640313390625 0.6212534062499999 0.6488603984375 0.576294278125 0.665954415625 0.5435967296875 0.6702279203125 0.5245231609375 0.6759259265625001 0.5108991828125 0.715099715625 0.4761580375 0.7264957265625 0.4761580375 0.735042734375 0.484332425 0.7450142453125 0.4870572203125 0.7507122500000001 0.49523160781250003 0.759259259375 0.49523160781250003 0.7670940171875 0.48637602187500006 0.7699430203125 0.4768392375 0.778490028125 0.46321525937499997 0.7578347578125 0.45980926406249994 0.7485754984375 0.4536784734375 0.7485754984375 0.44959128125000003 0.7571225078125 0.44141689375000004 0.7613960109375 0.4305177109375 0.765669515625 0.3814713890625 0.7571225078125 0.3501362390625 0.74430199375 0.3256130796875 0.7386039890625 0.3092643046875 0.7300569796875 0.298365121875 0.6980056984375 0.2745231609375 0.652421653125 0.24727520468750003 0.615384615625 0.232288828125 0.5883190890625001 0.2241144421875 0.54985755 0.20367847343749998 0.5263532765625001 0.1825613078125 0.5206552703125 0.170299728125 0.5128205125 0.165531334375 0.4928774921875 0.1668937328125 0.47150997187500004 0.172343325 0.45014244999999997 0.18324250625 0.4145299140625 0.20776566718749997 0.3981481484375 0.2220708453125 0.3867521375 0.23569482343749998 0.3668091171875 0.275204359375 0.3582621078125 0.2997275203125 0.3425925921875 0.3092643046875 0.33831908906249997 0.3351498640625 0.33119658125 0.3514986375 0.3269230765625 0.38283378749999997 0.3112535609375 0.41416893750000006 0.30555555624999997 0.43188010937500004 0.289886040625 0.51907356875 0.2856125359375 0.5299727515625 0.28133903125000004 0.5544959125 0.2827635328125 0.5831062671875 0.2884615390625 0.6021798359375 0.302706553125 0.6376021796875 0.32336182343750003 0.6628065390625 0.35612535625 0.681880109375 0.3803418796875 0.6927792921875 0.415954415625 0.7023160765625 0.44586894531250004 0.7064032703125 0.5014245015625 0.7064032703125 0.528490028125 0.69959128125 0.541310540625 0.6927792921875 0.5512820515625 0.69141689375
9 0.40313390312499997 0.33719346093749997 0.384615384375 0.3290190734375 0.3703703703125 0.327656675 0.3603988609375 0.330381471875 0.3497151 0.3392370578125 0.4045584046875 0.361716621875 0.43019942968749997 0.3835149859375 0.43945868906249996 0.38283378749999997 0.44230769218750005 0.37874659374999997 0.43518518593750005 0.365122615625 0.41310541250000005 0.34400545 0.40313390312499997 0.33719346093749997
9 0.37179487187500004 0.37670299687500003 0.3611111109375 0.3801089921875 0.366096865625 0.38623978124999997 0.390313390625 0.4012261578125 0.40598290625000005 0.40531335156250003 0.41951566875 0.40599455000000007 0.4138176640625 0.396457765625 0.4017094015625 0.384877384375 0.390313390625 0.3780653953125 0.37179487187500004 0.37670299687500003
9 0.5641025640625 0.3998637609375 0.5427350421875 0.3957765671875 0.5242165234375 0.3957765671875 0.5028490031249999 0.3985013625 0.4893162390625 0.40599455000000007 0.4893162390625 0.41008174375 0.49857549843750004 0.41757493125 0.5270655265624999 0.41621253437499994 0.5327635328125 0.41893732968749997 0.547008546875 0.420299728125 0.572649571875 0.42711171718749996 0.6146723640625 0.4455040875 0.6075498578125 0.42643051718749997 0.6011396015625 0.420299728125 0.5854700859374999 0.4094005453125 0.5641025640625 0.3998637609375
9 0.48076923125000004 0.4291553140625 0.4736467234375 0.4168937328125 0.45868945937500005 0.40531335156250003 0.44586894531250004 0.40531335156250003 0.43589743593749997 0.4094005453125 0.3952991453125 0.4604904625 0.384615384375 0.46525885625 0.3767806265625 0.47275204375 0.3696581203125 0.48637602187500006 0.3710826203125 0.49591280624999995 0.37820512812499996 0.505449590625 0.3945868953125 0.51975476875 0.4202279203125 0.5265667578125 0.4373219375 0.529291553125 0.44800569843750004 0.5286103546875001 0.45512820468750004 0.5231607625 0.4579772078125 0.5163487734375 0.4579772078125 0.490463215625 0.48076923125000004 0.4291553140625
9 0.5064102562499999 0.44277929218749995 0.5242165234375 0.4557220703125 0.534188034375 0.45980926406249994 0.5541310546875 0.46525885625 0.5762108265625 0.46457765625 0.5598290593749999 0.44891008125000004 0.54415954375 0.4407356953125 0.515669515625 0.43937329687500004 0.5064102562499999 0.44277929218749995
9 0.7457264953125 0.47820163437499996 0.7514245015625 0.48092643125 0.75569800625 0.47820163437499996 0.75569800625 0.47547683906250005 0.7492877499999999 0.4720708453125 0.7457264953125 0.47820163437499996
9 0.3860398859375 0.5647138968750001 0.37464387499999996 0.5565395093750001 0.34900284843749996 0.55108991875 0.3333333328125 0.55108991875 0.328347578125 0.553133515625 0.34401709375 0.5708446859375 0.3575498578125 0.58242506875 0.384615384375 0.5946866484375 0.4102564109375 0.6028610359375 0.45655270625 0.603542234375 0.44301994375 0.591961853125 0.415954415625 0.57425068125 0.3988603984375 0.56607629375 0.3860398859375 0.5647138968750001
5 0.43589743593749997 0.5946866484375 0.3732193734375 0.5674386921875 0.35042735 0.560626703125 0.340455840625 0.5551771109375 0.328347578125 0.553133515625 0.34401709375 0.5708446859375 0.3575498578125 0.58242506875 0.384615384375 0.5946866484375 0.4102564109375 0.6028610359375 0.45584045624999997 0.6042234328125 0.4544159546875 0.6014986375 0.44301994375 0.5960490468749999 0.43589743593749997 0.5946866484375
10 0.3945868953125 0.5647138968750001 0.3860398859375 0.5647138968750001 0.37464387499999996 0.5565395093750001 0.34900284843749996 0.55108991875 0.3333333328125 0.55108991875 0.33119658125 0.553133515625 0.3732193734375 0.5674386921875 0.4487179484375 0.5987738421875 0.44301994375 0.591961853125 0.415954415625 0.57425068125 0.3945868953125 0.5647138968750001
4 0.41310541250000005 0.34400545 0.40313390312499997 0.33719346093749997 0.384615384375 0.3290190734375 0.3703703703125 0.327656675 0.3603988609375 0.330381471875 0.3497151 0.3392370578125 0.4045584046875 0.361716621875 0.43019942968749997 0.3835149859375 0.43874643906250005 0.3835149859375 0.44230769218750005 0.37874659374999997 0.43518518593750005 0.365122615625 0.41310541250000005 0.34400545
3 0.390313390625 0.3780653953125 0.37179487187500004 0.37670299687500003 0.3611111109375 0.3801089921875 0.366096865625 0.38623978124999997 0.390313390625 0.4012261578125 0.41880341874999993 0.40667574999999995 0.4138176640625 0.396457765625 0.4017094015625 0.384877384375 0.390313390625 0.3780653953125
6 0.4579772078125 0.490463215625 0.48076923125000004 0.4291553140625 0.4736467234375 0.4168937328125 0.45868945937500005 0.40531335156250003 0.44586894531250004 0.40531335156250003 0.43589743593749997 0.4094005453125 0.3952991453125 0.4604904625 0.384615384375 0.46525885625 0.3767806265625 0.47275204375 0.3696581203125 0.48637602187500006 0.3696581203125 0.49318801093750003 0.37820512812499996 0.505449590625 0.3945868953125 0.51975476875 0.4202279203125 0.5265667578125 0.447293446875 0.529291553125 0.45512820468750004 0.5231607625 0.4579772078125 0.5163487734375 0.4579772078125 0.490463215625
8 0.59401709375 0.41485013593750003 0.572649571875 0.40258855625 0.5527065531249999 0.3971389640625 0.5242165234375 0.3957765671875 0.5028490031249999 0.3985013625 0.4893162390625 0.40599455000000007 0.4893162390625 0.41008174375 0.49857549843750004 0.41757493125 0.5270655265624999 0.41621253437499994 0.5327635328125 0.41893732968749997 0.547008546875 0.420299728125 0.572649571875 0.42711171718749996 0.5883190890625001 0.435286103125 0.5997151 0.4380108984375 0.6139601140625001 0.4461852859375 0.6132478625 0.4386920984375 0.6075498578125 0.42643051718749997 0.59401709375 0.41485013593750003
7 0.515669515625 0.43937329687500004 0.5064102562499999 0.44277929218749995 0.5299145296875001 0.45844686718750005 0.5541310546875 0.46525885625 0.575498575 0.46525885625 0.5598290593749999 0.44891008125000004 0.54415954375 0.4407356953125 0.515669515625 0.43937329687500004