0 0 0 0 0.9979002843749999 0.9978632484375 0.9989495796875 0.9989316234375 0 0 0
0 0.6335470078125 0.6176470593750001 0.6485042734375 0.5798319328125 0.6570512828124999 0.5336134453125 0.665598290625 0.5084033609375 0.6634615390625 0.4663865546875 0.650641025 0.405462184375 0.6485042734375 0.367647059375 0.639957265625 0.3319327734375 0.6314102562499999 0.31512605 0.6314102562499999 0.30882352968750004 0.6121794875 0.275210084375 0.5833333328125 0.2468487390625 0.553418803125 0.2300420171875 0.5235042734375 0.215336134375 0.4893162390625 0.2069327734375 0.4487179484375 0.20483193281249998 0.4123931625 0.21113445312499998 0.3333333328125 0.2468487390625 0.3237179484375 0.2563025203125 0.31089743593749997 0.2794117640625 0.29594017031250003 0.40126050468749996 0.2916666671875 0.47689075625 0.2852564109375 0.48109243749999997 0.28098290625 0.502100840625 0.28311965781250004 0.5315126046875001 0.30341880312499997 0.5682773109375 0.33119658125 0.58298319375 0.358974359375 0.58298319375 0.37286324843749996 0.5987394953125 0.3878205125 0.6239495796875001 0.40384615312500005 0.6397058828125 0.452991453125 0.67542016875 0.5384615390625 0.717436975 0.5694444437499999 0.7184873953124999 0.5918803421875001 0.711134453125 0.6121794875 0.68487395 0.6207264953125 0.6680672265625 0.6335470078125 0.6176470593750001
9 0.6207264953125 0.6680672265625 0.6335470078125 0.6176470593750001 0.6485042734375 0.5798319328125 0.6570512828124999 0.5336134453125 0.6634615390625 0.5189075625 0.665598290625 0.4873949578125 0.6570512828124999 0.4264705875 0.650641025 0.405462184375 0.6485042734375 0.367647059375 0.6356837609375 0.32142857187499996 0.6239316234375 0.307773109375 0.6068376062499999 0.30357142812500004 0.5876068375 0.2930672265625 0.547008546875 0.284663865625 0.485042734375 0.28676470625 0.4166666671875 0.30987395 0.3664529921875 0.340336134375 0.3514957265625 0.3697478984375 0.3429487171875 0.40966386562499996 0.3429487171875 0.4936974796875 0.3376068375 0.49684873906250004 0.3076923078125 0.48004201718750006 0.2927350421875 0.4758403359375 0.2852564109375 0.48109243749999997 0.28311965781250004 0.4894957984375 0.28098290625 0.52310924375 0.2873931625 0.54201680625 0.30341880312499997 0.5682773109375 0.33119658125 0.58298319375 0.358974359375 0.58298319375 0.37286324843749996 0.5987394953125 0.3878205125 0.6239495796875001 0.433760684375 0.6628151265625 0.46794871718750003 0.6838235296875 0.527777778125 0.71323529375 0.5448717953125 0.7195378156250001 0.56837606875 0.7195378156250001 0.5854700859374999 0.715336134375 0.597222221875 0.705882353125 0.6207264953125 0.6680672265625
9 0.6239316234375 0.37920168125 0.596153846875 0.377100840625 0.5769230765625 0.3834033609375 0.55662393125 0.40126050468749996 0.5576923078125 0.4086134453125 0.5694444437499999 0.40966386562499996 0.5918803421875001 0.39810924375 0.615384615625 0.396008403125 0.6420940171875 0.39915966406250003 0.6239316234375 0.37920168125
9 0.5128205125 0.42542016875 0.5181623937500001 0.413865546875 0.5128205125 0.4086134453125 0.4871794875 0.402310925 0.452991453125 0.402310925 0.40384615312500005 0.42542016875 0.3920940171875 0.4432773109375 0.39423076875 0.4453781515625 0.4102564109375 0.43592437031250003 0.425213675 0.43382352968750004 0.440170940625 0.42542016875 0.5128205125 0.42542016875
9 0.5769230765625 0.42542016875 0.5694444437499999 0.43487394999999995 0.5790598296875 0.44012605000000005 0.6014957265625 0.43907562968749997 0.6207264953125 0.4264705875 0.602564103125 0.419117646875 0.5876068375 0.419117646875 0.5769230765625 0.42542016875
9 0.6014957265625 0.5126050421875 0.5950854703124999 0.49579831875 0.584401709375 0.4852941171875 0.5608974359375 0.436974790625 0.5512820515625 0.4275210078125 0.534188034375 0.42542016875 0.5117521375 0.4432773109375 0.516025640625 0.502100840625 0.509615384375 0.5105042015625 0.509615384375 0.527310925 0.521367521875 0.53676470625 0.5608974359375 0.5357142859375 0.572649571875 0.534663865625 0.59401709375 0.5262605046875 0.6014957265625 0.5189075625 0.6014957265625 0.5126050421875
9 0.4572649578125 0.44012605000000005 0.44444444375 0.44432773125 0.428418803125 0.45798319374999996 0.44444444375 0.46323529375000005 0.4668803421875 0.4621848734375 0.47863247812500004 0.45903361406250004 0.49252136718750006 0.44957983125 0.4764957265625 0.44012605000000005 0.4572649578125 0.44012605000000005
9 0.5833333328125 0.5640756296875 0.5705128203125 0.561974790625 0.5598290593749999 0.5661764703125 0.5427350421875 0.5661764703125 0.52457265 0.5777310921875001 0.5074786328124999 0.609243696875 0.5181623937500001 0.6239495796875001 0.5299145296875001 0.6334033609375 0.547008546875 0.6418067234375 0.571581196875 0.640756303125 0.5929487171875001 0.6281512609375 0.6079059828125 0.592436975 0.597222221875 0.5735294125 0.5833333328125 0.5640756296875
1 0.353632478125 0.363445378125 0.3696581203125 0.3371848734375 0.4166666671875 0.30987395 0.485042734375 0.28676470625 0.5598290593749999 0.28676470625 0.59401709375 0.2951680671875 0.6068376062499999 0.30357142812500004 0.6239316234375 0.307773109375 0.6303418796875 0.31407562968749997 0.6314102562499999 0.30882352968750004 0.6121794875 0.275210084375 0.5833333328125 0.2468487390625 0.572649571875 0.24054621874999998 0.5235042734375 0.215336134375 0.4893162390625 0.2069327734375 0.4487179484375 0.20483193281249998 0.4123931625 0.21113445312499998 0.3333333328125 0.2468487390625 0.31944444375000003 0.2626050421875 0.30876068437500004 0.2878151265625 0.3044871796875 0.3487394953125 0.29380341875 0.42436974843749997 0.2916666671875 0.474789915625 0.3397435890625 0.49684873906250004 0.34508547031250003 0.48109243749999997 0.3429487171875 0.40966386562499996 0.353632478125 0.363445378125
4 0.440170940625 0.42542016875 0.5128205125 0.42542016875 0.5181623937500001 0.413865546875 0.5128205125 0.4086134453125 0.4871794875 0.402310925 0.452991453125 0.402310925 0.40384615312500005 0.42542016875 0.3920940171875 0.4432773109375 0.39316239375 0.446428571875 0.4102564109375 0.43592437031250003 0.425213675 0.43382352968750004 0.440170940625 0.42542016875
3 0.4764957265625 0.44012605000000005 0.4572649578125 0.44012605000000005 0.44444444375 0.44432773125 0.428418803125 0.45798319374999996 0.44444444375 0.46323529375000005 0.46581196562500005 0.46323529375000005 0.48290598281249997 0.45693277343750005 0.49252136718750006 0.44957983125 0.4764957265625 0.44012605000000005
5 0.6068376062499999 0.5913865546875 0.5897435890625 0.6081932765625 0.56837606875 0.6165966390625 0.540598290625 0.6165966390625 0.5074786328124999 0.6071428578125 0.5181623937500001 0.6239495796875001 0.5299145296875001 0.6334033609375 0.547008546875 0.6418067234375 0.5705128203125 0.6418067234375 0.5929487171875001 0.6281512609375 0.603632478125 0.6071428578125 0.6068376062499999 0.5913865546875
2 0.5833333328125 0.580882353125 0.5576923078125 0.580882353125 0.540598290625 0.5871848734375 0.5117521375 0.6050420171875001 0.5170940171875 0.6102941171875 0.540598290625 0.6165966390625 0.56837606875 0.6165966390625 0.5897435890625 0.6081932765625 0.60576923125 0.592436975 0.5833333328125 0.580882353125
6 0.6014957265625 0.5126050421875 0.5950854703124999 0.49579831875 0.584401709375 0.4852941171875 0.5608974359375 0.436974790625 0.5512820515625 0.4275210078125 0.534188034375 0.42542016875 0.5117521375 0.4432773109375 0.516025640625 0.502100840625 0.509615384375 0.5105042015625 0.509615384375 0.527310925 0.521367521875 0.53676470625 0.5598290593749999 0.53676470625 0.59401709375 0.5262605046875 0.6014957265625 0.5189075625 0.6014957265625 0.5126050421875
10 0.5833333328125 0.580882353125 0.60042735 0.5892857140625 0.603632478125 0.586134453125 0.5918803421875001 0.5682773109375 0.5769230765625 0.561974790625 0.5427350421875 0.5661764703125 0.52457265 0.5777310921875001 0.509615384375 0.6029411765625 0.5106837609375 0.6060924375 0.540598290625 0.5871848734375 0.5576923078125 0.580882353125 0.5833333328125 0.580882353125
8 0.6420940171875 0.39915966406250003 0.6239316234375 0.37920168125 0.596153846875 0.377100840625 0.5769230765625 0.3834033609375 0.55662393125 0.40126050468749996 0.5576923078125 0.4086134453125 0.56837606875 0.41071428593750003 0.5918803421875001 0.39810924375 0.615384615625 0.396008403125 0.6420940171875 0.39915966406250003
7 0.5876068375 0.419117646875 0.5769230765625 0.42542016875 0.5694444437499999 0.43487394999999995 0.5790598296875 0.44012605000000005 0.60042735 0.44012605000000005 0.6207264953125 0.4264705875 0.602564103125 0.419117646875 0.5876068375 0.419117646875