0 0 0 0 0.9975015656249999 0.9974999999999999 0.99875 0.99875 0 0 0
0 0.64625 0.6825 0.6912499999999999 0.615 0.69875 0.5900000000000001 0.69875 0.5325 0.6912499999999999 0.49749999999999994 0.6912499999999999 0.475 0.70125 0.41500000000000004 0.68875 0.39 0.6950000000000001 0.37625000000000003 0.72 0.37625000000000003 0.72375 0.3725 0.72875 0.35 0.73875 0.32999999999999996 0.73875 0.3075 0.73375 0.29500000000000004 0.7212500000000001 0.28500000000000003 0.7162499999999999 0.265 0.70125 0.24500000000000002 0.69875 0.22749999999999998 0.68875 0.20750000000000002 0.6537499999999999 0.16 0.6125 0.12375 0.5775 0.10124999999999999 0.5425 0.08875 0.42750000000000005 0.08875 0.34249999999999997 0.11125 0.305 0.12875 0.27999999999999997 0.14625 0.25125000000000003 0.1775 0.23125 0.215 0.18625 0.2725 0.17625 0.29500000000000004 0.17375000000000002 0.315 0.18375 0.34249999999999997 0.18375 0.35750000000000004 0.19375 0.3875 0.20875 0.46749999999999997 0.23125 0.48 0.25875 0.5349999999999999 0.27999999999999997 0.56125 0.29 0.56375 0.30125 0.575 0.31375000000000003 0.62 0.35375 0.6799999999999999 0.39 0.7162499999999999 0.42750000000000005 0.74375 0.4925 0.76625 0.51875 0.765 0.5549999999999999 0.75875 0.585 0.74125 0.6125 0.71875 0.64625 0.6825
1 0.2525 0.45125000000000004 0.26749999999999996 0.45625 0.27749999999999997 0.46875 0.28125 0.465 0.29125 0.43 0.29125 0.3975 0.29874999999999996 0.335 0.30625 0.3175 0.315 0.30874999999999997 0.34249999999999997 0.29874999999999996 0.375 0.26625 0.4425 0.23625 0.4625 0.23125 0.52 0.22875 0.5475 0.22374999999999998 0.58 0.22625 0.5925 0.23125 0.64125 0.275 0.6587500000000001 0.3 0.66875 0.3275 0.67625 0.375 0.6849999999999999 0.39375 0.68875 0.39249999999999996 0.6950000000000001 0.37625000000000003 0.72 0.37625000000000003 0.72375 0.3725 0.72875 0.35 0.73875 0.32999999999999996 0.73625 0.3 0.7212500000000001 0.28500000000000003 0.71375 0.26 0.70125 0.24500000000000002 0.69375 0.215 0.6537499999999999 0.16 0.6125 0.12375 0.5675 0.09625 0.5425 0.08875 0.42750000000000005 0.08875 0.34249999999999997 0.11125 0.2925 0.13625 0.26125 0.16499999999999998 0.20875 0.2475 0.18625 0.2725 0.17625 0.29500000000000004 0.17375000000000002 0.315 0.18375 0.34249999999999997 0.18375 0.35750000000000004 0.19875 0.41 0.20625 0.45999999999999996 0.2125 0.47125000000000006 0.22999999999999998 0.47874999999999995 0.22625 0.445 0.22999999999999998 0.43624999999999997 0.2525 0.45125000000000004
9 0.6125 0.71875 0.63625 0.6950000000000001 0.67375 0.645 0.6912499999999999 0.615 0.69875 0.5900000000000001 0.69875 0.5325 0.6912499999999999 0.49749999999999994 0.6912499999999999 0.475 0.70125 0.41500000000000004 0.69625 0.4 0.68125 0.39 0.66125 0.305 0.64125 0.275 0.6 0.23625 0.58 0.22625 0.5575 0.22374999999999998 0.45 0.23374999999999999 0.375 0.26625 0.34249999999999997 0.29874999999999996 0.315 0.30874999999999997 0.30125 0.3275 0.29125 0.3975 0.29125 0.43 0.28125 0.465 0.27749999999999997 0.46875 0.26749999999999996 0.45625 0.2525 0.45125000000000004 0.2325 0.43624999999999997 0.22625 0.445 0.23125 0.48250000000000004 0.25375000000000003 0.5275000000000001 0.27999999999999997 0.56125 0.29 0.56375 0.30125 0.575 0.30625 0.6 0.32125 0.635 0.35375 0.6799999999999999 0.39 0.7162499999999999 0.42750000000000005 0.74375 0.4925 0.76625 0.5175 0.76625 0.5475 0.76125 0.5700000000000001 0.75125 0.6125 0.71875
9 0.6587500000000001 0.385 0.635 0.36875 0.5900000000000001 0.37124999999999997 0.5575 0.38625 0.54375 0.4 0.5475 0.40875000000000006 0.55375 0.40750000000000003 0.5675 0.39875 0.6075 0.38875000000000004 0.615 0.38375 0.6587500000000001 0.385
9 0.3975 0.38625 0.365 0.39375 0.34750000000000003 0.40374999999999994 0.33625 0.4175 0.33999999999999997 0.41875 0.35750000000000004 0.40875000000000006 0.3725 0.40875000000000006 0.38 0.40374999999999994 0.42750000000000005 0.40374999999999994 0.43499999999999994 0.40875000000000006 0.45 0.40875000000000006 0.46749999999999997 0.41875 0.47375 0.4175 0.47874999999999995 0.41 0.4725 0.40374999999999994 0.425 0.38625 0.3975 0.38625
9 0.5875 0.41125 0.5650000000000001 0.42374999999999996 0.55375 0.43499999999999994 0.58875 0.43499999999999994 0.605 0.43375 0.63375 0.42000000000000004 0.6174999999999999 0.41125 0.5875 0.41125
9 0.395 0.43375 0.37374999999999997 0.445 0.40499999999999997 0.45375 0.42874999999999996 0.4525 0.445 0.45125000000000004 0.45875000000000005 0.445 0.42750000000000005 0.43125 0.395 0.43375
9 0.57625 0.525 0.56375 0.5125 0.54375 0.44000000000000006 0.5275000000000001 0.43125 0.51 0.43125 0.48125 0.445 0.47625 0.5225 0.46624999999999994 0.5349999999999999 0.46375 0.5599999999999999 0.47000000000000003 0.5662499999999999 0.5 0.57875 0.53125 0.585 0.5575 0.57375 0.5700000000000001 0.56375 0.58125 0.54 0.57625 0.525
9 0.5875 0.59875 0.5549999999999999 0.6012500000000001 0.5325 0.61125 0.47000000000000003 0.60875 0.4325 0.61125 0.41624999999999995 0.6174999999999999 0.44000000000000006 0.64375 0.48250000000000004 0.66875 0.5175 0.67375 0.53625 0.6725 0.5675 0.6637500000000001 0.59875 0.63 0.61375 0.6025 0.5875 0.59875
4 0.425 0.38625 0.3975 0.38625 0.365 0.39375 0.34750000000000003 0.40374999999999994 0.33625 0.4175 0.33999999999999997 0.41875 0.35750000000000004 0.40875000000000006 0.3725 0.40875000000000006 0.38 0.40374999999999994 0.42750000000000005 0.40374999999999994 0.4725 0.41875 0.47874999999999995 0.41 0.4725 0.40374999999999994 0.425 0.38625
3 0.40499999999999997 0.43125 0.37374999999999997 0.445 0.3875 0.45125000000000004 0.42750000000000005 0.45375 0.45875000000000005 0.445 0.42750000000000005 0.43125 0.40499999999999997 0.43125
5 0.61125 0.605 0.58 0.63125 0.5375 0.64625 0.5 0.64625 0.44749999999999995 0.63125 0.42000000000000004 0.61625 0.41624999999999995 0.6174999999999999 0.44000000000000006 0.64375 0.48250000000000004 0.66875 0.5349999999999999 0.67375 0.5675 0.6637500000000001 0.59875 0.63 0.61125 0.605
10 0.605 0.59875 0.5875 0.59875 0.5549999999999999 0.6012500000000001 0.5325 0.61125 0.47000000000000003 0.60875 0.42125 0.615 0.4625 0.6212500000000001 0.5175 0.6212500000000001 0.5625 0.61625 0.61125 0.6025 0.605 0.59875
2 0.5925 0.60625 0.5625 0.61625 0.5175 0.6212500000000001 0.42125 0.6174999999999999 0.44749999999999995 0.63125 0.5 0.64625 0.5375 0.64625 0.58 0.63125 0.60875 0.605 0.5925 0.60625
6 0.58125 0.54 0.57625 0.525 0.56375 0.5125 0.54375 0.44000000000000006 0.5275000000000001 0.43125 0.51 0.43125 0.48125 0.445 0.47625 0.5225 0.46375 0.5425 0.46375 0.5599999999999999 0.47000000000000003 0.5662499999999999 0.5 0.57875 0.53 0.5862499999999999 0.5575 0.57375 0.5700000000000001 0.56375 0.58125 0.54
8 0.615 0.38375 0.6587500000000001 0.385 0.635 0.36875 0.5900000000000001 0.37124999999999997 0.5575 0.38625 0.54375 0.4 0.5475 0.40875000000000006 0.5525 0.40875000000000006 0.5675 0.39875 0.6075 0.38875000000000004 0.615 0.38375
7 0.6174999999999999 0.41125 0.5875 0.41125 0.5650000000000001 0.42374999999999996 0.55375 0.43499999999999994 0.5875 0.43624999999999997 0.6125 0.43125 0.63375 0.42000000000000004 0.6174999999999999 0.41125