0 0 0 0 0.997424378125 0.9973684203125 0.998711340625 0.9986842109375 0 0 0
0 0.6197368421875 0.6314432984375 0.64605263125 0.5824742265625 0.65394736875 0.536082475 0.67105263125 0.519329896875 0.6763157890625 0.5322164953125 0.7026315796875 0.5476804125 0.7236842109375 0.5528350515625 0.7421052625 0.5528350515625 0.743421053125 0.548969071875 0.6802631578125 0.4974226796875 0.6802631578125 0.48711340156249994 0.6986842109375 0.4381443296875 0.6986842109375 0.41494845312499995 0.6907894734375 0.3969072171875 0.6802631578125 0.3891752578125 0.6802631578125 0.36340206249999996 0.664473684375 0.29123711406249997 0.6513157890625 0.2525773203125 0.6328947375 0.221649484375 0.5973684203125 0.18427834999999998 0.5578947375000001 0.15850515468749998 0.4921052625 0.1404639171875 0.4447368421875 0.1404639171875 0.3631578953125 0.16365979375 0.310526315625 0.19201030937500002 0.2881578953125 0.21134020625 0.25394736875 0.27061855625 0.2407894734375 0.3144329890625 0.23552631562499998 0.3530927828125 0.2407894734375 0.373711340625 0.2407894734375 0.41494845312499995 0.24868421093749998 0.463917525 0.256578946875 0.47938144375 0.2592105265625 0.4974226796875 0.2802631578125 0.530927834375 0.30394736875 0.6108247421875 0.31710526250000004 0.6340206187499999 0.3381578953125 0.6597938140624999 0.37105263125 0.6868556703124999 0.43684210468750007 0.720360825 0.49342105312499995 0.719072165625 0.5131578953125 0.710051546875 0.539473684375 0.6868556703124999 0.5842105265625 0.661082475 0.6197368421875 0.6314432984375
1 0.2776315796875 0.31958762812499997 0.310526315625 0.289948453125 0.32631578906250003 0.28221649531250004 0.3421052625 0.27706185625 0.4 0.27706185625 0.43947368437499995 0.24097938124999999 0.55 0.24871134062500003 0.5868421046875001 0.26159793750000004 0.60394736875 0.286082475 0.606578946875 0.30670103125 0.6197368421875 0.337628865625 0.6197368421875 0.35567010312499997 0.6355263156250001 0.376288659375 0.643421053125 0.4175257734375 0.6473684203125 0.42396907187500005 0.6526315796875 0.42396907187500005 0.6802631578125 0.3891752578125 0.6802631578125 0.36340206249999996 0.6592105265625 0.2731958765625 0.6328947375 0.221649484375 0.5973684203125 0.18427834999999998 0.568421053125 0.16365979375 0.5447368421875 0.153350515625 0.4921052625 0.1404639171875 0.4447368421875 0.1404639171875 0.410526315625 0.1481958765625 0.3631578953125 0.16365979375 0.3026315796875 0.19716494843750001 0.2776315796875 0.2268041234375 0.25394736875 0.27061855625 0.23552631562499998 0.345360825 0.24868421093749998 0.463917525 0.256578946875 0.48195876249999997 0.26578947343750003 0.4832474234375 0.2697368421875 0.47680412343749995 0.2671052625 0.3582474234375 0.2776315796875 0.31958762812499997
1 0.6947368421875 0.5064432984375 0.6842105265625 0.498711340625 0.6776315796875 0.5 0.6723684203125 0.5128865984375001 0.6763157890625 0.5322164953125 0.710526315625 0.55025773125 0.7421052625 0.5528350515625 0.743421053125 0.548969071875 0.731578946875 0.5373711343750001 0.6947368421875 0.5064432984375
9 0.5842105265625 0.661082475 0.6078947375 0.6430412375000001 0.625 0.623711340625 0.64605263125 0.5824742265625 0.65394736875 0.536082475 0.6697368421875 0.5231958765625 0.6802631578125 0.4974226796875 0.6802631578125 0.48711340156249994 0.6986842109375 0.4381443296875 0.6986842109375 0.41494845312499995 0.6907894734375 0.3969072171875 0.6789473687500001 0.3904639171875 0.6671052625 0.4097938140625 0.6526315796875 0.42396907187500005 0.64605263125 0.4226804125 0.6355263156250001 0.376288659375 0.6197368421875 0.35567010312499997 0.6197368421875 0.337628865625 0.606578946875 0.30670103125 0.60394736875 0.286082475 0.5868421046875001 0.26159793750000004 0.55 0.24871134062500003 0.43947368437499995 0.24097938124999999 0.4 0.27706185625 0.3421052625 0.27706185625 0.32631578906250003 0.28221649531250004 0.310526315625 0.289948453125 0.2776315796875 0.31958762812499997 0.2671052625 0.3582474234375 0.2697368421875 0.47680412343749995 0.26578947343750003 0.4832474234375 0.25789473749999997 0.4832474234375 0.256578946875 0.48711340156249994 0.2671052625 0.5128865984375001 0.2802631578125 0.530927834375 0.30394736875 0.6108247421875 0.3381578953125 0.6597938140624999 0.37105263125 0.6868556703124999 0.43684210468750007 0.720360825 0.4921052625 0.720360825 0.5131578953125 0.710051546875 0.539473684375 0.6868556703124999 0.5842105265625 0.661082475
9 0.5552631578125 0.39561855625 0.52105263125 0.3930412375 0.4842105265625 0.405927834375 0.4697368421875 0.42010309218749997 0.4736842109375 0.4291237109375 0.4802631578125 0.4278350515625 0.48947368437499994 0.421391753125 0.5368421046875 0.40850515468750004 0.5776315796875 0.41494845312499995 0.5552631578125 0.39561855625
9 0.3736842109375 0.4291237109375 0.32894736875 0.43170103125 0.306578946875 0.4458762890625 0.29868421093749997 0.463917525 0.3447368421875 0.444587628125 0.3868421046875 0.4471649484375 0.39078947343750003 0.4381443296875 0.3736842109375 0.4291237109375
9 0.5052631578125 0.43943298906250006 0.48552631562500004 0.463917525 0.5223684203125 0.463917525 0.5539473687500001 0.4458762890625 0.5368421046875 0.43427835000000004 0.518421053125 0.43427835000000004 0.5052631578125 0.43943298906250006
9 0.4828947375 0.5257731953125 0.464473684375 0.46649484531249996 0.4526315796875 0.46005154687500005 0.43157894687500004 0.46005154687500005 0.414473684375 0.4742268046875 0.41184210468750004 0.5412371140625 0.40394736875000004 0.548969071875 0.40394736875000004 0.567010309375 0.41578947343749995 0.578608246875 0.43947368437499995 0.5837628859375 0.456578946875 0.5824742265625 0.481578946875 0.5734536078125 0.4986842109375 0.55670103125 0.4986842109375 0.546391753125 0.4828947375 0.5257731953125
9 0.3552631578125 0.462628865625 0.3421052625 0.47036082500000004 0.33026315781250004 0.4845360828125 0.3473684203125 0.49097938125 0.3723684203125 0.489690721875 0.389473684375 0.48582474218750005 0.3986842109375 0.47938144375 0.37894736875 0.4652061859375 0.3552631578125 0.462628865625
9 0.52105263125 0.5837628859375 0.5131578953125 0.588917525 0.48684210468750005 0.588917525 0.46315789531249996 0.5992268046875 0.4263157890625 0.5992268046875 0.418421053125 0.60438144375 0.4 0.6069587624999999 0.3881578953125 0.6159793812500001 0.410526315625 0.6378865984375001 0.43421052656250003 0.6507731953125 0.47763157968750003 0.6494845359375 0.5052631578125 0.6378865984375001 0.5236842109375 0.6224226796875 0.54605263125 0.585051546875 0.52105263125 0.5837628859375
4 0.39078947343750003 0.4381443296875 0.3736842109375 0.4291237109375 0.32894736875 0.43170103125 0.306578946875 0.4458762890625 0.29868421093749997 0.45876288593750003 0.3026315796875 0.462628865625 0.3447368421875 0.444587628125 0.3868421046875 0.4471649484375 0.39078947343750003 0.4381443296875
3 0.3552631578125 0.462628865625 0.3421052625 0.47036082500000004 0.33026315781250004 0.4845360828125 0.3473684203125 0.49097938125 0.37105263125 0.49097938125 0.3986842109375 0.47938144375 0.37894736875 0.4652061859375 0.3552631578125 0.462628865625
5 0.543421053125 0.5876288656249999 0.5078947375 0.614690721875 0.460526315625 0.6301546390625 0.42894736875 0.6301546390625 0.39078947343750003 0.6185567015625 0.410526315625 0.6378865984375001 0.43421052656250003 0.6507731953125 0.4763157890625 0.6507731953125 0.5052631578125 0.6378865984375001 0.5236842109375 0.6224226796875 0.543421053125 0.5876288656249999
10 0.52105263125 0.5837628859375 0.5131578953125 0.588917525 0.48684210468750005 0.588917525 0.46315789531249996 0.5992268046875 0.4263157890625 0.5992268046875 0.39078947343750003 0.6134020625 0.43157894687500004 0.614690721875 0.4763157890625 0.6069587624999999 0.543421053125 0.585051546875 0.52105263125 0.5837628859375
2 0.5315789468750001 0.588917525 0.4657894734375 0.6095360828125 0.39078947343750003 0.6159793812500001 0.42894736875 0.6301546390625 0.460526315625 0.6301546390625 0.5078947375 0.614690721875 0.5381578953124999 0.5902061859375001 0.5315789468750001 0.588917525
6 0.4986842109375 0.546391753125 0.4828947375 0.5257731953125 0.464473684375 0.46649484531249996 0.4526315796875 0.46005154687500005 0.43157894687500004 0.46005154687500005 0.414473684375 0.4742268046875 0.41184210468750004 0.5412371140625 0.40394736875000004 0.548969071875 0.40394736875000004 0.567010309375 0.41578947343749995 0.578608246875 0.45526315781250004 0.5837628859375 0.481578946875 0.5734536078125 0.4986842109375 0.55670103125 0.4986842109375 0.546391753125
8 0.5776315796875 0.41494845312499995 0.5552631578125 0.39561855625 0.52105263125 0.3930412375 0.4842105265625 0.405927834375 0.4697368421875 0.42010309218749997 0.4736842109375 0.4291237109375 0.47894736875 0.4291237109375 0.48947368437499994 0.421391753125 0.5368421046875 0.40850515468750004 0.5776315796875 0.41494845312499995
7 0.518421053125 0.43427835000000004 0.5052631578125 0.43943298906250006 0.48552631562500004 0.463917525 0.52105263125 0.4652061859375 0.5539473687500001 0.4458762890625 0.5368421046875 0.43427835000000004 0.518421053125 0.43427835000000004