0 0 0 0 0.9979178 0.9978260875 0.9989583328125 0.99891304375 0 0 0
0 0.5195652171875 0.703125 0.5913043484375 0.678125 0.665217390625 0.6239583328125 0.688043478125 0.6 0.6967391296875001 0.5854166671875001 0.7336956515625 0.55625 0.740217390625 0.5395833328124999 0.7478260875 0.5322916671875 0.7532608703125 0.53125 0.7576086953125001 0.5458333328125 0.763043478125 0.5510416671875 0.7804347828125 0.5489583328125 0.79891304375 0.5354166671875 0.8054347828124999 0.5166666671875 0.8076086953124999 0.4770833328125 0.8076086953124999 0.4166666671875 0.79891304375 0.3708333328125 0.7836956515625 0.33541666718749996 0.7706521734375 0.3145833328125 0.75108695625 0.2916666671875 0.713043478125 0.259375 0.6782608703124999 0.24479166718749998 0.62391304375 0.2322916671875 0.584782609375 0.23020833281250003 0.5043478265625 0.23854166718749997 0.47391304375 0.24479166718749998 0.4413043484375 0.259375 0.39891304375000003 0.2979166671875 0.3815217390625 0.3229166671875 0.3706521734375 0.35 0.361956521875 0.3875 0.34891304375 0.41875 0.34891304375 0.4479166671875 0.361956521875 0.47083333281249995 0.364130434375 0.48125 0.359782609375 0.50625 0.361956521875 0.6104166671875 0.36630434843750004 0.6333333328124999 0.3923913046875 0.6875 0.3923913046875 0.6979166671875 0.40108695625 0.7208333328125 0.410869565625 0.7322916671875 0.42065217343750005 0.7333333328125 0.425 0.73125 0.4293478265625 0.7208333328125 0.4478260875 0.7052083328125 0.5195652171875 0.703125
9 0.4478260875 0.7052083328125 0.5195652171875 0.703125 0.5913043484375 0.678125 0.665217390625 0.6239583328125 0.688043478125 0.6 0.6967391296875001 0.5854166671875001 0.7336956515625 0.55625 0.740217390625 0.5395833328124999 0.7532608703125 0.5270833328125 0.761956521875 0.4583333328125 0.7576086953125001 0.43541666718750005 0.75 0.42604166718750003 0.7413043484374999 0.421875 0.715217390625 0.41979166718750005 0.6967391296875001 0.40625 0.6771739125 0.3708333328125 0.6467391296875 0.3291666671875 0.625 0.2791666671875 0.6184782609374999 0.2541666671875 0.5956521734375 0.2427083328125 0.5043478265625 0.23854166718749997 0.45652173906250004 0.2510416671875 0.4326086953125 0.265625 0.39891304375000003 0.2979166671875 0.3815217390625 0.3229166671875 0.3728260875 0.34375 0.361956521875 0.3875 0.34891304375 0.41875 0.35108695624999997 0.45416666718750004 0.3586956515625 0.465625 0.3695652171875 0.45520833281249995 0.389130434375 0.45729166718750003 0.3923913046875 0.4458333328125 0.4 0.440625 0.410869565625 0.440625 0.434782609375 0.45104166718750005 0.438043478125 0.45416666718750004 0.440217390625 0.47083333281249995 0.4423913046875 0.5125 0.45108695625 0.5229166671875001 0.45543478281249994 0.5375 0.45543478281249994 0.54375 0.4478260875 0.5510416671875 0.41739130468749996 0.559375 0.4 0.5614583328125 0.3695652171875 0.5510416671875 0.364130434375 0.5458333328125 0.364130434375 0.5208333328125 0.3728260875 0.50625 0.388043478125 0.4604166671875 0.37608695625 0.46770833281249996 0.359782609375 0.46666666718750005 0.364130434375 0.48125 0.359782609375 0.50625 0.359782609375 0.5354166671875 0.364130434375 0.625 0.375 0.65625 0.3923913046875 0.6875 0.3923913046875 0.6979166671875 0.40108695625 0.7208333328125 0.410869565625 0.7322916671875 0.41956521718750006 0.734375 0.425 0.73125 0.4293478265625 0.7208333328125 0.4478260875 0.7052083328125
9 0.5173913046874999 0.40520833281249996 0.5 0.4010416671875 0.45869565156250003 0.4010416671875 0.4521739125 0.40520833281249996 0.439130434375 0.40520833281249996 0.41630434843749997 0.41875 0.41739130468749996 0.42395833281249995 0.42608695625 0.428125 0.4315217390625 0.4270833328125 0.46086956562500003 0.41979166718750005 0.5304347828125 0.41979166718750005 0.540217390625 0.42291666718750004 0.5173913046874999 0.40520833281249996
9 0.363043478125 0.42395833281249995 0.3554347828125 0.43125 0.360869565625 0.434375 0.3923913046875 0.43541666718750005 0.3945652171875 0.43333333281249997 0.389130434375 0.42604166718750003 0.37608695625 0.421875 0.363043478125 0.42395833281249995
9 0.45543478281249994 0.45208333281249996 0.46956521718750005 0.45729166718750003 0.4945652171875 0.45625 0.514130434375 0.45 0.4978260875 0.440625 0.47608695624999997 0.440625 0.45543478281249994 0.45208333281249996
9 0.41956521718750006 0.6010416671875001 0.3934782609375 0.6052083328125 0.385869565625 0.6166666671875001 0.385869565625 0.6333333328124999 0.4021739125 0.6447916671875 0.41847826093749996 0.6458333328125 0.436956521875 0.640625 0.47717391249999996 0.61875 0.4478260875 0.6072916671875 0.41956521718750006 0.6010416671875001
4 0.37608695625 0.421875 0.363043478125 0.42395833281249995 0.3554347828125 0.43125 0.360869565625 0.434375 0.3913043484375 0.43645833281249996 0.3945652171875 0.43333333281249997 0.389130434375 0.42604166718750003 0.37608695625 0.421875
3 0.3695652171875 0.45520833281249995 0.359782609375 0.46458333281249997 0.37608695625 0.46770833281249996 0.388043478125 0.4583333328125 0.38260869531249997 0.45520833281249995 0.3695652171875 0.45520833281249995
6 0.45108695625 0.5229166671875001 0.4423913046875 0.5125 0.438043478125 0.45416666718750004 0.410869565625 0.440625 0.4 0.440625 0.3923913046875 0.4458333328125 0.3728260875 0.50625 0.364130434375 0.5208333328125 0.364130434375 0.5458333328125 0.38260869531249997 0.5572916671875 0.4 0.5614583328125 0.4434782609375 0.553125 0.45543478281249994 0.54375 0.45108695625 0.5229166671875001
10 0.4478260875 0.6072916671875 0.413043478125 0.6010416671875001 0.390217390625 0.6083333328125 0.385869565625 0.6166666671875001 0.386956521875 0.6322916671875001 0.40869565156250004 0.6197916671875 0.4728260875 0.6166666671875001 0.4478260875 0.6072916671875
5 0.45652173906250004 0.6177083328124999 0.4282608703125 0.6239583328125 0.413043478125 0.6239583328125 0.385869565625 0.6333333328124999 0.4021739125 0.6447916671875 0.41739130468749996 0.646875 0.45869565156250003 0.6302083328125 0.4728260875 0.61875 0.45652173906250004 0.6177083328124999
2 0.40869565156250004 0.6197916671875 0.390217390625 0.6291666671875 0.3956521734375 0.6302083328125 0.413043478125 0.6239583328125 0.45543478281249994 0.61875 0.40869565156250004 0.6197916671875
8 0.540217390625 0.42291666718750004 0.5173913046874999 0.40520833281249996 0.5 0.4010416671875 0.45869565156250003 0.4010416671875 0.4521739125 0.40520833281249996 0.439130434375 0.40520833281249996 0.41630434843749997 0.41875 0.41739130468749996 0.42395833281249995 0.43043478281249997 0.428125 0.46086956562500003 0.41979166718750005 0.5304347828125 0.41979166718750005 0.540217390625 0.42291666718750004
7 0.47608695624999997 0.440625 0.45543478281249994 0.45208333281249996 0.46956521718750005 0.45729166718750003 0.49347826093749997 0.45729166718750003 0.514130434375 0.45 0.4978260875 0.440625 0.47608695624999997 0.440625
1 0.8054347828124999 0.5166666671875 0.8076086953124999 0.4166666671875 0.7967391296875 0.3645833328125 0.7706521734375 0.3145833328125 0.75108695625 0.2916666671875 0.7195652171875 0.2635416671875 0.6782608703124999 0.24479166718749998 0.62391304375 0.2322916671875 0.586956521875 0.23020833281250003 0.52391304375 0.2364583328125 0.5956521734375 0.2427083328125 0.6184782609374999 0.2541666671875 0.625 0.2791666671875 0.6467391296875 0.3291666671875 0.6771739125 0.3708333328125 0.6967391296875001 0.40625 0.715217390625 0.41979166718750005 0.7304347828125 0.41979166718750005 0.75 0.42604166718750003 0.7576086953125001 0.43541666718750005 0.761956521875 0.4583333328125 0.75108695625 0.5291666671875 0.7576086953125001 0.5458333328125 0.763043478125 0.5510416671875 0.77391304375 0.5510416671875 0.784782609375 0.546875 0.79891304375 0.5354166671875 0.8054347828124999 0.5166666671875