0 0 0 0 0.9937130828124999 0.2534246578125 0.99683544375 0.284246575 0.9620253171875 0.27054794531250004 0.8924050640625 0.29794520625 0.8354430374999999 0.29794520625 0.7278481015625 0.284246575 0.7025316453125 0.2773972609375 0.63924050625 0.25 0.6075949359374999 0.25 0.5189873421875 0.2773972609375 0.45569620312500003 0.2773972609375 0.30379746875 0.31849315 0.22151898750000001 0.3698630140625 0.1740506328125 0.46575342500000005 0.1297468359375 0.5547945203125 0.123417721875 0.623287671875 0.13607595 0.6712328765625 0.1613924046875 0.7294520546875 0.2151898734375 0.7705479453125 0.291139240625 0.7910958906250001 0.37974683593749997 0.7910958906250001 0.544303796875 0.8116438359375 0.7025316453125 0.8047945203125 0.8101265828124999 0.7910958906250001 0.848101265625 0.8047945203125 0.9113924046875 0.79794520625 0.9810126578125 0.808219178125 0.99683544375 0.993150684375 0.99683544375 0.9965753421875 0 0 0
0 0.715753425 0.69620253125 0.7089041093749999 0.6329113921875 0.6986301375 0.623417721875 0.6609589046875 0.6898734171875 0.609589040625 0.7373417718749999 0.5273972609375 0.7816455703125 0.4452054796875 0.7816455703125 0.41780821875 0.7689873421875 0.35273972656249997 0.7025316453125 0.3458904109375 0.8417721515625001 0.359589040625 0.873417721875 0.359589040625 0.9620253171875 0.38356164375 0.99683544375 0.7465753421875 0.99683544375 0.7294520546875 0.943037975 0.743150684375 0.74683544375 0.715753425 0.69620253125
1 0.8047945203125 0.8101265828124999 0.8116438359375 0.7025316453125 0.7910958906250001 0.544303796875 0.7910958906250001 0.37974683593749997 0.7636986296875 0.2721518984375 0.7294520546875 0.2151898734375 0.6712328765625 0.1613924046875 0.623287671875 0.13607595 0.49315068437500004 0.123417721875 0.4452054796875 0.13607595 0.3698630140625 0.1740506328125 0.31849315 0.22151898750000001 0.27054794531250004 0.3291139234375 0.2773972609375 0.45569620312500003 0.25 0.5189873421875 0.25 0.6075949359374999 0.2773972609375 0.63924050625 0.284246575 0.7025316453125 0.29794520625 0.7278481015625 0.29794520625 0.8354430374999999 0.27054794531250004 0.8924050640625 0.284246575 0.9620253171875 0.256849315625 0.9936708859375001 0.3801369859375 0.9936708859375001 0.359589040625 0.9620253171875 0.359589040625 0.873417721875 0.3458904109375 0.8417721515625001 0.35273972656249997 0.6898734171875 0.325342465625 0.6455696203125 0.29794520625 0.544303796875 0.3047945203125 0.44303797500000003 0.31506849375 0.427215190625 0.424657534375 0.401898734375 0.46575342500000005 0.3829113921875 0.5205479453125 0.3386075953125 0.5616438359375 0.3259493671875 0.609589040625 0.3512658234375 0.6541095890624999 0.3924050640625 0.7089041093749999 0.5063291140625 0.715753425 0.5506329109375 0.70205479375 0.626582278125 0.715753425 0.69620253125 0.743150684375 0.74683544375 0.7294520546875 0.943037975 0.7534246578125 0.99683544375 0.8013698625 0.99683544375 0.8047945203125 0.9113924046875 0.7910958906250001 0.848101265625 0.8047945203125 0.8101265828124999
9 0.70205479375 0.6202531640625 0.715753425 0.5506329109375 0.7089041093749999 0.5063291140625 0.6678082187500001 0.4113924046875 0.609589040625 0.3512658234375 0.5616438359375 0.3259493671875 0.5205479453125 0.3386075953125 0.46575342500000005 0.3829113921875 0.36643835625 0.41772151874999996 0.39726027343750003 0.42088607656250004 0.4212328765625 0.4367088609375 0.40068493125 0.45569620312500003 0.41438356093750006 0.46835442968749996 0.4041095890625 0.4778481015625 0.35616438281249996 0.4778481015625 0.3390410953125 0.46835442968749996 0.3630136984375 0.4525316453125 0.40068493125 0.4493670890625 0.376712328125 0.43987341718749995 0.308219178125 0.43987341718749995 0.29794520625 0.46835442968749996 0.29794520625 0.544303796875 0.325342465625 0.6455696203125 0.373287671875 0.7278481015625 0.4452054796875 0.7816455703125 0.5273972609375 0.7816455703125 0.5821917812499999 0.7563291140625 0.6609589046875 0.6898734171875 0.70205479375 0.6202531640625
9 0.5410958906250001 0.401898734375 0.48972602812500005 0.4240506328125 0.5 0.43987341718749995 0.5171232875 0.4367088609375 0.54794520625 0.427215190625 0.6130136984375001 0.430379746875 0.56849315 0.401898734375 0.5410958906250001 0.401898734375
9 0.510273971875 0.46835442968749996 0.5856164390624999 0.46835442968749996 0.59931506875 0.46202531718750006 0.5616438359375 0.43987341718749995 0.534246575 0.44620253125 0.510273971875 0.46835442968749996
9 0.4965753421875 0.52531645625 0.48972602812500005 0.46835442968749996 0.4726027390625 0.4525316453125 0.4452054796875 0.4525316453125 0.40753424687499995 0.556962025 0.40753424687499995 0.5886075953125001 0.41780821875 0.598101265625 0.4691780828125 0.6012658234375 0.5 0.598101265625 0.523972603125 0.58227848125 0.523972603125 0.569620253125 0.4965753421875 0.52531645625
9 0.39383561718750004 0.651898734375 0.43835616406250005 0.6867088609375 0.48287671249999997 0.6898734171875 0.5445205484375 0.6582278484375 0.49315068437500004 0.6424050640625001 0.41780821875 0.6424050640625001 0.39383561718750004 0.651898734375
4 0.34931506875 0.42088607656250004 0.3116438359375 0.4367088609375 0.376712328125 0.43987341718749995 0.41095890468749996 0.4525316453125 0.4212328765625 0.4367088609375 0.39726027343750003 0.42088607656250004 0.34931506875 0.42088607656250004
3 0.3630136984375 0.4525316453125 0.3390410953125 0.46835442968749996 0.35616438281249996 0.4778481015625 0.4041095890625 0.4778481015625 0.41438356093750006 0.46835442968749996 0.39726027343750003 0.4525316453125 0.3630136984375 0.4525316453125
5 0.39383561718750004 0.651898734375 0.424657534375 0.680379746875 0.47945205468749996 0.693037975 0.5445205484375 0.6582278484375 0.458904109375 0.6613924046874999 0.39383561718750004 0.651898734375
6 0.523972603125 0.569620253125 0.4965753421875 0.52531645625 0.48972602812500005 0.46835442968749996 0.4726027390625 0.4525316453125 0.4452054796875 0.4525316453125 0.40753424687499995 0.556962025 0.40753424687499995 0.5886075953125001 0.41780821875 0.598101265625 0.46575342500000005 0.6044303796875 0.5 0.598101265625 0.523972603125 0.58227848125 0.523972603125 0.569620253125
10 0.41780821875 0.6424050640625001 0.40753424687499995 0.651898734375 0.5273972609375 0.6613924046874999 0.5273972609375 0.6487341765625 0.49315068437500004 0.6424050640625001 0.41780821875 0.6424050640625001
8 0.56849315 0.401898734375 0.5410958906250001 0.401898734375 0.48972602812500005 0.4240506328125 0.5 0.43987341718749995 0.5136986296875 0.43987341718749995 0.54794520625 0.427215190625 0.6130136984375001 0.430379746875 0.56849315 0.401898734375
7 0.534246575 0.44620253125 0.510273971875 0.46835442968749996 0.5821917812499999 0.4715189875 0.59931506875 0.46202531718750006 0.5616438359375 0.43987341718749995 0.534246575 0.44620253125