0 0 0 0 0.9963768109375 0.9928571421875001 0.9963768109375 0.9928571421875001 0 0 0
0 0.728571428125 0.6195652171875 0.8071428578125 0.6195652171875 0.878571428125 0.57608695625 0.896428571875 0.5579710140625 0.896428571875 0.514492753125 0.8321428578125 0.434782609375 0.825 0.31159420312499997 0.753571428125 0.1811594203125 0.6928571421874999 0.12681159375 0.6142857140625 0.090579709375 0.5642857140624999 0.07608695625 0.4857142859375 0.07608695625 0.3642857140625 0.11956521718749999 0.3071428578125 0.163043478125 0.253571428125 0.22463768125 0.21785714218750002 0.28985507187500004 0.203571428125 0.3840579703125 0.1392857140625 0.4927536234375 0.1392857140625 0.5579710140625 0.1642857140625 0.590579709375 0.2142857140625 0.6195652171875 0.25 0.6050724640625 0.29285714218750003 0.6050724640625 0.325 0.710144928125 0.4 0.786231884375 0.46428571406249997 0.8152173906250001 0.5607142859375001 0.8115942031250001 0.6357142859375 0.7789855078125 0.675 0.7463768109375 0.7107142859375 0.6884057968749999 0.728571428125 0.6195652171875
1 0.875 0.4782608703125 0.8392857140625001 0.4492753625 0.825 0.413043478125 0.8178571421875 0.28985507187500004 0.775 0.210144928125 0.721428571875 0.148550725 0.6642857140625 0.112318840625 0.5642857140624999 0.07608695625 0.4857142859375 0.07608695625 0.40714285781250004 0.0978260875 0.3071428578125 0.163043478125 0.2321428578125 0.260869565625 0.21071428593750002 0.3188405796875 0.203571428125 0.3840579703125 0.1392857140625 0.4927536234375 0.1392857140625 0.5579710140625 0.1928571421875 0.612318840625 0.2142857140625 0.6195652171875 0.25 0.6050724640625 0.29285714218750003 0.6050724640625 0.296428571875 0.4492753625 0.3178571421875 0.3840579703125 0.325 0.24637681093750002 0.3428571421875 0.2210144921875 0.4357142859375 0.22826087031250003 0.521428571875 0.2572463765625 0.6071428578125 0.3586956515625 0.671428571875 0.3804347828125 0.703571428125 0.413043478125 0.7321428578125 0.4710144921875 0.725 0.6086956515625 0.7357142859375 0.6195652171875 0.8071428578125 0.6195652171875 0.896428571875 0.5579710140625 0.896428571875 0.514492753125 0.875 0.4782608703125
9 0.7321428578125 0.6159420296875 0.7321428578125 0.4710144921875 0.703571428125 0.413043478125 0.671428571875 0.3804347828125 0.6071428578125 0.3586956515625 0.521428571875 0.2572463765625 0.4357142859375 0.22826087031250003 0.3428571421875 0.2210144921875 0.325 0.24637681093750002 0.3178571421875 0.3840579703125 0.296428571875 0.4492753625 0.296428571875 0.637681159375 0.3107142859375 0.6811594203125 0.33928571406249997 0.7318840578125 0.4 0.786231884375 0.46428571406249997 0.8152173906250001 0.5571428578125001 0.8152173906250001 0.6571428578125 0.764492753125 0.703571428125 0.70289855 0.7321428578125 0.6159420296875
9 0.48214285781250005 0.42028985468749996 0.47142857187500004 0.4021739125 0.45 0.3949275359375 0.4 0.387681159375 0.33928571406249997 0.434782609375 0.3857142859375 0.4311594203125 0.3678571421875 0.4492753625 0.3928571421875 0.46739130468749995 0.45357142812499995 0.46376811562500003 0.46785714218749996 0.45652173906250004 0.43214285781250006 0.42753623125000006 0.47142857187500004 0.4311594203125 0.48214285781250005 0.42028985468749996
9 0.6071428578125 0.387681159375 0.5392857140625 0.413043478125 0.5571428578125001 0.4311594203125 0.5678571421874999 0.42753623125000006 0.5857142859375 0.4166666671875 0.6892857140624999 0.413043478125 0.6571428578125 0.387681159375 0.6071428578125 0.387681159375
9 0.575 0.45652173906250004 0.5928571421875 0.46739130468749995 0.646428571875 0.46376811562500003 0.6678571421874999 0.4492753625 0.6428571421875 0.4311594203125 0.5928571421875 0.438405796875 0.575 0.45652173906250004
9 0.546428571875 0.45652173906250004 0.528571428125 0.438405796875 0.5 0.438405796875 0.48214285781250005 0.45652173906250004 0.4607142859375 0.586956521875 0.4857142859375 0.6050724640625 0.5321428578125 0.6086956515625 0.5714285718750001 0.590579709375 0.575 0.5724637687499999 0.5607142859375001 0.5507246375 0.546428571875 0.45652173906250004
9 0.446428571875 0.67391304375 0.4857142859375 0.6992753625 0.5678571421874999 0.6956521734375001 0.603571428125 0.6811594203125 0.5571428578125001 0.648550725 0.4928571421875 0.648550725 0.446428571875 0.67391304375
4 0.48214285781250005 0.42028985468749996 0.47142857187500004 0.4021739125 0.4 0.387681159375 0.33928571406249997 0.434782609375 0.3571428578125 0.438405796875 0.3928571421875 0.42391304375 0.47142857187500004 0.4311594203125 0.48214285781250005 0.42028985468749996
3 0.40714285781250004 0.42391304375 0.3678571421875 0.4492753625 0.3928571421875 0.46739130468749995 0.45 0.46739130468749995 0.46785714218749996 0.45652173906250004 0.428571428125 0.42391304375 0.40714285781250004 0.42391304375
5 0.446428571875 0.67391304375 0.4857142859375 0.6992753625 0.5642857140624999 0.6992753625 0.603571428125 0.6811594203125 0.5857142859375 0.6702898546875 0.446428571875 0.67391304375
10 0.45357142812499995 0.6666666671875 0.5857142859375 0.6702898546875 0.5571428578125001 0.648550725 0.4928571421875 0.648550725 0.45357142812499995 0.6666666671875
6 0.5535714281249999 0.5217391296875 0.546428571875 0.45652173906250004 0.528571428125 0.438405796875 0.5 0.438405796875 0.48214285781250005 0.45652173906250004 0.4607142859375 0.586956521875 0.4857142859375 0.6050724640625 0.528571428125 0.612318840625 0.5714285718750001 0.590579709375 0.575 0.5724637687499999 0.5535714281249999 0.5217391296875
8 0.6571428578125 0.387681159375 0.6071428578125 0.387681159375 0.5392857140625 0.413043478125 0.5642857140624999 0.4311594203125 0.5857142859375 0.4166666671875 0.6892857140624999 0.413043478125 0.6571428578125 0.387681159375
7 0.5928571421875 0.438405796875 0.575 0.45652173906250004 0.5928571421875 0.46739130468749995 0.6428571421875 0.46739130468749995 0.6678571421874999 0.4492753625 0.6428571421875 0.4311594203125 0.5928571421875 0.438405796875