0 0 0 0 0.998046875 0.9962406015624999 0.998046875 0.9962406015624999 0 0 0
0 0.6165413531249999 0.642578125 0.6428571421875 0.646484375 0.6860902249999999 0.6171875 0.7236842109375 0.55859375 0.7387218046874999 0.5 0.742481203125 0.45703125 0.7086466171875 0.35546875 0.6691729328125 0.291015625 0.6127819546875 0.244140625 0.5639097750000001 0.216796875 0.48496240625000003 0.197265625 0.44360902187500006 0.197265625 0.413533834375 0.205078125 0.3796992484375 0.224609375 0.306390978125 0.29296875 0.25 0.40234375 0.2462406015625 0.4609375 0.287593984375 0.52734375 0.3402255640625 0.64453125 0.349624059375 0.654296875 0.36090225625 0.658203125 0.3703007515625 0.6484375 0.3721804515625 0.630859375 0.40789473750000005 0.6796875 0.4398496234375 0.708984375 0.46240601562499994 0.716796875 0.5056390984375 0.71484375 0.5187969921875 0.712890625 0.5488721796875 0.693359375 0.60902255625 0.623046875 0.6165413531249999 0.642578125
1 0.3552631578125 0.5859375 0.3552631578125 0.44140625 0.40037594062500004 0.37890625 0.43045112812499997 0.3125 0.45112782031250004 0.291015625 0.46240601562499994 0.287109375 0.48496240625000003 0.287109375 0.5451127812500001 0.357421875 0.5827067671874999 0.365234375 0.618421053125 0.43359375 0.618421053125 0.51171875 0.631578946875 0.533203125 0.6428571421875 0.533203125 0.6522556390625 0.54296875 0.6522556390625 0.55078125 0.62593985 0.5703125 0.6109022562499999 0.6171875 0.6109022562499999 0.63671875 0.6165413531249999 0.642578125 0.6428571421875 0.646484375 0.6842105265625 0.619140625 0.7236842109375 0.55859375 0.7387218046874999 0.5 0.742481203125 0.45703125 0.7161654140625 0.375 0.6748120296875 0.296875 0.601503759375 0.236328125 0.5639097750000001 0.216796875 0.507518796875 0.201171875 0.42481202968750004 0.201171875 0.3646616546875 0.236328125 0.306390978125 0.29296875 0.29511278124999996 0.3125 0.2763157890625 0.359375 0.25 0.40234375 0.2462406015625 0.4609375 0.313909775 0.578125 0.3402255640625 0.64453125 0.36090225625 0.658203125 0.3703007515625 0.6484375 0.3703007515625 0.62890625 0.3552631578125 0.5859375
9 0.6109022562499999 0.62109375 0.62593985 0.5703125 0.6522556390625 0.55078125 0.6522556390625 0.54296875 0.6428571421875 0.533203125 0.631578946875 0.533203125 0.618421053125 0.51171875 0.6221804515625 0.44921875 0.5883458640625 0.37109375 0.5601503765625 0.357421875 0.5451127812500001 0.357421875 0.48496240625000003 0.287109375 0.46240601562499994 0.287109375 0.45112782031250004 0.291015625 0.43045112812499997 0.3125 0.40037594062500004 0.37890625 0.37406015 0.41015625 0.42481202968750004 0.400390625 0.44360902187500006 0.408203125 0.4492481203125 0.421875 0.44360902187500006 0.427734375 0.3947368421875 0.427734375 0.36090225625 0.447265625 0.3552631578125 0.44140625 0.3552631578125 0.5859375 0.37406015 0.63671875 0.42105263125 0.693359375 0.4473684203125 0.712890625 0.5037593984375001 0.716796875 0.5338345859375 0.705078125 0.57706766875 0.6640625 0.6109022562499999 0.62109375
9 0.48308270625 0.40625 0.48308270625 0.4140625 0.492481203125 0.419921875 0.5300751874999999 0.416015625 0.5958646609375 0.43359375 0.5714285718750001 0.404296875 0.5488721796875 0.392578125 0.51503759375 0.392578125 0.48308270625 0.40625
9 0.509398496875 0.45703125 0.5582706765625 0.45703125 0.5657894734375 0.453125 0.5451127812500001 0.439453125 0.5225563906249999 0.443359375 0.509398496875 0.45703125
9 0.5056390984375 0.5 0.4943609015625 0.45703125 0.477443609375 0.447265625 0.46240601562499994 0.447265625 0.4492481203125 0.45703125 0.445488721875 0.49609375 0.44172932343750004 0.5078125 0.43045112812499997 0.515625 0.43045112812499997 0.54296875 0.4473684203125 0.552734375 0.47556390937500004 0.5546875 0.5112781953125001 0.544921875 0.5206766921875 0.53515625 0.5206766921875 0.51953125 0.5056390984375 0.5
9 0.3853383453125 0.46484375 0.41917293281249995 0.46875 0.44172932343750004 0.4609375 0.428571428125 0.451171875 0.4060150375 0.451171875 0.3853383453125 0.46484375
9 0.5375939843750001 0.580078125 0.45112782031250004 0.580078125 0.40789473750000005 0.59375 0.41917293281249995 0.6171875 0.4398496234375 0.634765625 0.4736842109375 0.646484375 0.490601503125 0.64453125 0.51503759375 0.638671875 0.5432330828125 0.609375 0.554511278125 0.5859375 0.5375939843750001 0.580078125
4 0.4492481203125 0.4140625 0.42481202968750004 0.400390625 0.39097744375 0.404296875 0.3627819546875 0.42578125 0.36090225625 0.447265625 0.3947368421875 0.427734375 0.44360902187500006 0.427734375 0.4492481203125 0.4140625
3 0.4060150375 0.451171875 0.3853383453125 0.46484375 0.4172932328125 0.470703125 0.44172932343750004 0.4609375 0.428571428125 0.451171875 0.4060150375 0.451171875
5 0.5507518796875 0.58984375 0.4887218046875 0.623046875 0.45488721875 0.623046875 0.4116541359375 0.59765625 0.41917293281249995 0.6171875 0.4398496234375 0.634765625 0.4887218046875 0.646484375 0.51503759375 0.638671875 0.5432330828125 0.609375 0.5507518796875 0.58984375
2 0.4116541359375 0.59375 0.42481202968750004 0.607421875 0.45488721875 0.623046875 0.4887218046875 0.623046875 0.5187969921875 0.611328125 0.54699248125 0.58984375 0.4116541359375 0.59375
10 0.45112782031250004 0.580078125 0.415413534375 0.58984375 0.5037593984375001 0.591796875 0.54699248125 0.5859375 0.5375939843750001 0.580078125 0.45112782031250004 0.580078125
6 0.5206766921875 0.51953125 0.5056390984375 0.5 0.4943609015625 0.45703125 0.477443609375 0.447265625 0.46240601562499994 0.447265625 0.4492481203125 0.45703125 0.44172932343750004 0.5078125 0.43045112812499997 0.515625 0.43045112812499997 0.54296875 0.4473684203125 0.552734375 0.4736842109375 0.556640625 0.5112781953125001 0.544921875 0.5206766921875 0.53515625 0.5206766921875 0.51953125
8 0.51503759375 0.392578125 0.48308270625 0.40625 0.48308270625 0.4140625 0.492481203125 0.419921875 0.5300751874999999 0.416015625 0.5939849625 0.435546875 0.5714285718750001 0.404296875 0.5488721796875 0.392578125 0.51503759375 0.392578125
7 0.5225563906249999 0.443359375 0.509398496875 0.45703125 0.5563909781249999 0.458984375 0.5657894734375 0.453125 0.5451127812500001 0.439453125 0.5225563906249999 0.443359375