0 0 0 0 0.9972548078125 0.9970059875 0.9986263734374999 0.9985029937500001 0 0 0
0 0.5793413171874999 0.708791209375 0.6152694609375 0.6456043953124999 0.627245509375 0.609890109375 0.6332335328124999 0.565934065625 0.6377245515625 0.5618131875000001 0.6526946109375 0.5645604390625001 0.6676646703125 0.55631868125 0.693113771875 0.527472528125 0.7050898203125 0.4917582421875 0.7080838328125 0.4450549453125 0.7050898203125 0.4203296703125 0.697604790625 0.41071428593750003 0.67664670625 0.402472528125 0.6571856281249999 0.40384615312500005 0.6571856281249999 0.34340659375000004 0.6482035921875 0.2802197796875 0.6332335328124999 0.23076923124999998 0.6122754484375 0.20054945000000002 0.5748503 0.16895604375 0.5089820359375 0.13049450625 0.42514969999999996 0.1085164828125 0.38922155625 0.1085164828125 0.3323353296875 0.13049450625 0.28742515 0.1387362640625 0.27245508906250004 0.146978021875 0.2529940125 0.1675824171875 0.235029940625 0.1978021984375 0.229041915625 0.24450549375000002 0.21107784375 0.271978021875 0.2080838328125 0.3489010984375 0.21407185625 0.38186813124999996 0.2470059875 0.45604395625 0.2440119765625 0.497252746875 0.2529940125 0.5164835171875 0.2529940125 0.54945055 0.264970059375 0.5796703296875 0.300898203125 0.6208791203125 0.3158682640625 0.6703296703125 0.336826346875 0.7170329671875 0.3802395203125 0.765109890625 0.4221556890625 0.7815934062500001 0.450598803125 0.7829670328125 0.48502994062499993 0.778846153125 0.5149700593750001 0.7678571421875 0.53293413125 0.75686813125 0.5793413171874999 0.708791209375
1 0.2410179640625 0.3296703296875 0.2544910171875 0.3228021984375 0.2934131734375 0.3173076921875 0.3592814375 0.2925824171875 0.46407185625 0.265109890625 0.5269461078125001 0.2678571421875 0.5464071859375 0.2802197796875 0.5583832328125 0.31868131875 0.5823353296875 0.3626373625 0.6032934125 0.3873626375 0.6092814375 0.428571428125 0.621257484375 0.458791209375 0.625748503125 0.4601648359375 0.6332335328124999 0.4258241765625 0.6571856281249999 0.40659340625 0.6571856281249999 0.34340659375000004 0.64221556875 0.25549450625 0.624251496875 0.2142857140625 0.589820359375 0.1799450546875 0.5269461078125001 0.1387362640625 0.5089820359375 0.13049450625 0.42514969999999996 0.1085164828125 0.377245509375 0.11126373593750001 0.3323353296875 0.13049450625 0.30239520937500003 0.1332417578125 0.27245508906250004 0.146978021875 0.2529940125 0.1675824171875 0.235029940625 0.1978021984375 0.232035928125 0.2362637359375 0.21107784375 0.271978021875 0.2080838328125 0.29945055 0.21107784375 0.37087912031250003 0.2230538921875 0.40659340625 0.235029940625 0.4230769234375 0.24850299374999998 0.465659340625 0.25 0.44230769218750005 0.2380239515625 0.36813186875000004 0.2410179640625 0.3296703296875
9 0.5583832328125 0.7335164828125 0.585329340625 0.70054945 0.6092814375 0.659340659375 0.627245509375 0.609890109375 0.6332335328124999 0.565934065625 0.6377245515625 0.5618131875000001 0.6586826343750001 0.5618131875000001 0.6871257484375 0.5384615390625 0.7050898203125 0.4917582421875 0.7080838328125 0.4450549453125 0.7020958078125 0.4148351640625 0.67664670625 0.402472528125 0.6586826343750001 0.4052197796875 0.6332335328124999 0.4258241765625 0.6302395203125 0.45054945 0.622754490625 0.4601648359375 0.6092814375 0.428571428125 0.6032934125 0.3873626375 0.5823353296875 0.3626373625 0.5583832328125 0.31868131875 0.5464071859375 0.2802197796875 0.5269461078125001 0.2678571421875 0.5089820359375 0.265109890625 0.46407185625 0.265109890625 0.4281437125 0.2733516484375 0.3323353296875 0.3008241765625 0.2934131734375 0.3173076921875 0.24550898281250003 0.32554945 0.2380239515625 0.3379120875 0.2380239515625 0.36813186875000004 0.25 0.44230769218750005 0.2440119765625 0.497252746875 0.2529940125 0.5164835171875 0.2529940125 0.54945055 0.2619760484375 0.5741758234375001 0.2769461078125 0.596153846875 0.29790419218749997 0.615384615625 0.3338323359375 0.7115384609375 0.35778443125 0.74450549375 0.3802395203125 0.765109890625 0.4041916171875 0.7760989015625 0.44910179687499996 0.784340659375 0.48502994062499993 0.778846153125 0.5149700593750001 0.7678571421875 0.5583832328125 0.7335164828125
9 0.5269461078125001 0.4052197796875 0.49700598749999997 0.402472528125 0.4401197609375 0.42445055 0.4206586828125 0.44230769218750005 0.42514969999999996 0.4491758234375 0.4356287421875 0.45054945 0.48502994062499993 0.4299450546875 0.552395209375 0.4258241765625 0.5389221562500001 0.41071428593750003 0.5269461078125001 0.4052197796875
9 0.28443113750000004 0.43543956093749997 0.264970059375 0.45604395625 0.305389221875 0.4546703296875 0.3697604796875 0.46428571406249997 0.37574850312499997 0.45604395625 0.3652694609375 0.446428571875 0.3323353296875 0.43269230781249995 0.28443113750000004 0.43543956093749997
9 0.5044910171875 0.47527472499999995 0.531437125 0.46428571406249997 0.45359281406249996 0.4697802203125 0.4760479046875 0.47664835156249996 0.5044910171875 0.47527472499999995
9 0.44760479062499997 0.5302197796875 0.43263473125 0.47527472499999995 0.4161676640625 0.465659340625 0.39520958125 0.465659340625 0.378742515625 0.48351648281250004 0.37574850312499997 0.54395604375 0.3667664671875 0.5521978015625 0.3667664671875 0.5741758234375001 0.3982035921875 0.5865384609375 0.4176646703125 0.5851648359375 0.45508982031249995 0.57554945 0.46257485000000004 0.56868131875 0.46556886249999996 0.5576923078125 0.44760479062499997 0.5302197796875
9 0.305389221875 0.49587912031250003 0.336826346875 0.49450549375 0.36377245468749997 0.48351648281250004 0.335329340625 0.490384615625 0.2949101796875 0.4917582421875 0.305389221875 0.49587912031250003
9 0.4715568859375 0.634615384375 0.45209580781250003 0.622252746875 0.407185628125 0.622252746875 0.3847305390625 0.640109890625 0.378742515625 0.6675824171875 0.3982035921875 0.7046703296875 0.4356287421875 0.70604395625 0.45209580781250003 0.7046703296875 0.46556886249999996 0.6978021984375 0.48652694687500003 0.6565934062500001 0.4715568859375 0.634615384375
4 0.3323353296875 0.43269230781249995 0.28443113750000004 0.43543956093749997 0.264970059375 0.45604395625 0.305389221875 0.4546703296875 0.356287425 0.4601648359375 0.3682634734375 0.465659340625 0.37574850312499997 0.45604395625 0.3652694609375 0.446428571875 0.3323353296875 0.43269230781249995
3 0.2949101796875 0.4917582421875 0.305389221875 0.49587912031250003 0.335329340625 0.49587912031250003 0.36377245468749997 0.48351648281250004 0.335329340625 0.490384615625 0.2949101796875 0.4917582421875
6 0.46556886249999996 0.5576923078125 0.44760479062499997 0.5302197796875 0.43263473125 0.47527472499999995 0.4161676640625 0.465659340625 0.39520958125 0.465659340625 0.378742515625 0.48351648281250004 0.37574850312499997 0.54395604375 0.3667664671875 0.5521978015625 0.3667664671875 0.5741758234375001 0.3982035921875 0.5865384609375 0.4161676640625 0.5865384609375 0.45508982031249995 0.57554945 0.46257485000000004 0.56868131875 0.46556886249999996 0.5576923078125
10 0.46407185625 0.64423076875 0.479041915625 0.652472528125 0.480538921875 0.6483516484375 0.46407185625 0.627747253125 0.45209580781250003 0.622252746875 0.407185628125 0.622252746875 0.3847305390625 0.640109890625 0.3802395203125 0.6634615390625 0.3982035921875 0.6469780218750001 0.4221556890625 0.6387362640625 0.46407185625 0.64423076875
5 0.48502994062499993 0.6552197796875 0.4580838328125 0.671703296875 0.43712574843749996 0.6771978015625 0.407185628125 0.6771978015625 0.378742515625 0.6648351640625 0.3982035921875 0.7046703296875 0.4341317359375 0.7074175828125 0.46556886249999996 0.6978021984375 0.48652694687500003 0.659340659375 0.48502994062499993 0.6552197796875
2 0.46407185625 0.64423076875 0.4221556890625 0.6387362640625 0.3982035921875 0.6469780218750001 0.3817365265625 0.6620879125 0.407185628125 0.6771978015625 0.43712574843749996 0.6771978015625 0.4700598796875 0.666208790625 0.483532934375 0.653846153125 0.46407185625 0.64423076875
8 0.552395209375 0.4258241765625 0.5389221562500001 0.41071428593750003 0.5269461078125001 0.4052197796875 0.49700598749999997 0.402472528125 0.4401197609375 0.42445055 0.4206586828125 0.44230769218750005 0.42514969999999996 0.4491758234375 0.4341317359375 0.4519230765625 0.4580838328125 0.43818681249999997 0.48502994062499993 0.4299450546875 0.552395209375 0.4258241765625
7 0.4760479046875 0.47664835156249996 0.5029940125000001 0.47664835156249996 0.531437125 0.46428571406249997 0.45359281406249996 0.4697802203125 0.4760479046875 0.47664835156249996