0 0 0 0 0.9974636859375 0.9972375687499999 0.9987309640625 0.9986187843750001 0 0 0
0 0.6754143640625 0.5634517765625 0.69198895 0.5431472078125 0.6975138125 0.5101522843749999 0.69198895 0.4644670046875 0.7030386734375 0.449238578125 0.7306629828125 0.360406090625 0.7334254140625001 0.274111675 0.7251381218749999 0.2614213203125 0.7140883984374999 0.25380710624999997 0.6975138125 0.22588832499999997 0.6823204421875 0.21192893437500002 0.6657458562499999 0.20431472031250003 0.5745856359375 0.18147208125 0.5276243093749999 0.17385786875 0.472375690625 0.17385786875 0.43922651874999996 0.17893400937499998 0.414364640625 0.1865482234375 0.35911602187499997 0.2144670046875 0.330110496875 0.23857867968750002 0.31629834218749997 0.2614213203125 0.29972375625000003 0.312182740625 0.3024861875 0.428934009375 0.2969613265625 0.4644670046875 0.30524861875 0.5076142124999999 0.3232044203125 0.5368020296875 0.33977900625 0.5469543140625001 0.3535911609375 0.5494923859374999 0.3535911609375 0.554568528125 0.36464088437500003 0.55203045625 0.3687845296875 0.5558375640625 0.40469613281249994 0.60913705625 0.469613259375 0.6662436546875 0.5110497234375 0.691624365625 0.530386740625 0.6967005078125 0.5649171265625 0.695431471875 0.5801104968749999 0.691624365625 0.6008287296875 0.675126903125 0.6533149171875 0.6040609140625001 0.6754143640625 0.5634517765625
9 0.667127071875 0.5837563453125 0.6754143640625 0.5634517765625 0.6864640890625 0.5532994921875 0.69475138125 0.5355329953125 0.69475138125 0.47969543124999997 0.6823204421875 0.445431471875 0.6657458562499999 0.44035532968749996 0.6270718234375 0.43781725937499993 0.5966850828125 0.445431471875 0.587016575 0.43654822343750005 0.6160221 0.42258883281250004 0.6574585640625 0.42005076093750005 0.6726519343749999 0.428934009375 0.6823204421875 0.4428934015625 0.6754143640625 0.38324873125000003 0.6698895031250001 0.370558375 0.6546961328124999 0.3540609140625 0.60773480625 0.328680203125 0.5524861875 0.321065990625 0.5165745859374999 0.3058375640625 0.4475138125 0.3058375640625 0.4364640890625 0.31091370625 0.42127071875000005 0.3274111671875 0.41022099375 0.3680203046875 0.39088397812500003 0.401015228125 0.3687845296875 0.4644670046875 0.361878453125 0.4708121828125 0.3439226515625 0.45685279218749997 0.33839779062500003 0.4441624359375 0.3259668515625 0.4327411171875 0.3024861875 0.42385786875000003 0.2969613265625 0.4644670046875 0.30524861875 0.5076142124999999 0.3232044203125 0.5368020296875 0.33977900625 0.5469543140625001 0.35911602187499997 0.5494923859374999 0.3687845296875 0.5558375640625 0.40469613281249994 0.60913705625 0.469613259375 0.6662436546875 0.5110497234375 0.691624365625 0.530386740625 0.6967005078125 0.5635359109375 0.6967005078125 0.5801104968749999 0.691624365625 0.6008287296875 0.675126903125 0.667127071875 0.5837563453125
9 0.475138121875 0.40736040625000003 0.4364640890625 0.4124365484375 0.42127071875000005 0.42639593906249995 0.4944751375 0.4302030453125 0.5027624312500001 0.43527918750000005 0.5372928171875 0.43908629374999997 0.5428176796875 0.43147208125000003 0.5359116015625001 0.42258883281250004 0.49723756874999997 0.40989847656249995 0.475138121875 0.40736040625000003
9 0.469613259375 0.44035532968749996 0.44889502812500004 0.449238578125 0.466850828125 0.45558375624999997 0.5096685078125 0.4543147203125 0.5151933703125 0.45177664999999995 0.5110497234375 0.44796954375000003 0.4889502765625 0.44035532968749996 0.469613259375 0.44035532968749996
9 0.5980662984375 0.5025380703125 0.58977900625 0.45685279218749997 0.5745856359375 0.445431471875 0.55801105 0.445431471875 0.5400552484375 0.4543147203125 0.52624309375 0.5076142124999999 0.5151933703125 0.5203045687500001 0.5151933703125 0.5355329953125 0.5414364640625 0.5494923859374999 0.5732044203125 0.5558375640625 0.5939226515625 0.55203045625 0.609116021875 0.538071065625 0.609116021875 0.5253807109374999 0.5980662984375 0.5025380703125
9 0.6008287296875 0.4593908625 0.6215469609375 0.4682741109375 0.6477900546875001 0.46700507656249995 0.6560773484375 0.46192893437500004 0.638121546875 0.44796954375000003 0.6215469609375 0.44796954375000003 0.6008287296875 0.4593908625
9 0.55801105 0.572335025 0.5386740328124999 0.5647208125 0.47375690625000005 0.5659898484375 0.49033149218750005 0.5888324875000001 0.5193370171875 0.6129441625000001 0.5497237562499999 0.620558375 0.5759668515625 0.619289340625 0.5939226515625 0.610406090625 0.6201657453125 0.5837563453125 0.582872928125 0.5697969546875 0.55801105 0.572335025
1 0.41022099375 0.3680203046875 0.4240331484375 0.322335025 0.4475138125 0.3058375640625 0.469613259375 0.30329949218749996 0.5165745859374999 0.3058375640625 0.5524861875 0.321065990625 0.60773480625 0.328680203125 0.6546961328124999 0.3540609140625 0.6698895031250001 0.370558375 0.6754143640625 0.38324873125000003 0.6837016578124999 0.449238578125 0.693370165625 0.46319797031250004 0.7085635359375 0.4340101515625 0.7306629828125 0.360406090625 0.7306629828125 0.2690355328125 0.7140883984374999 0.25380710624999997 0.6975138125 0.22588832499999997 0.6823204421875 0.21192893437500002 0.6574585640625 0.20177665 0.635359115625 0.199238578125 0.56077348125 0.17893400937499998 0.5276243093749999 0.17385786875 0.4530386734375 0.1763959390625 0.414364640625 0.1865482234375 0.3756906078125 0.20431472031250003 0.3480662984375 0.22208121875 0.3245856359375 0.24619289375000003 0.30524861875 0.2893401015625 0.29972375625000003 0.312182740625 0.3024861875 0.42131979687500004 0.3259668515625 0.4327411171875 0.33839779062500003 0.4441624359375 0.3439226515625 0.45685279218749997 0.361878453125 0.4708121828125 0.3687845296875 0.4644670046875 0.39088397812500003 0.401015228125 0.41022099375 0.3680203046875
1 0.35911602187499997 0.554568528125 0.356353590625 0.5494923859374999 0.3522099453125 0.5532994921875 0.35911602187499997 0.554568528125
4 0.49723756874999997 0.40989847656249995 0.4558011046875 0.40736040625000003 0.4309392265625 0.41497461874999997 0.42127071875000005 0.42639593906249995 0.4944751375 0.4302030453125 0.5027624312500001 0.43527918750000005 0.522099446875 0.43527918750000005 0.5359116015625001 0.44035532968749996 0.5428176796875 0.43147208125000003 0.5359116015625001 0.42258883281250004 0.49723756874999997 0.40989847656249995
3 0.4889502765625 0.44035532968749996 0.469613259375 0.44035532968749996 0.44889502812500004 0.449238578125 0.466850828125 0.45558375624999997 0.5082872921875 0.45558375624999997 0.5151933703125 0.45177664999999995 0.5110497234375 0.44796954375000003 0.4889502765625 0.44035532968749996
5 0.61325966875 0.58502538125 0.5911602203124999 0.5977157359375 0.5524861875 0.6002538078125 0.5138121546875001 0.5875634515625 0.4806629828125 0.5672588828125 0.4765193375 0.56852791875 0.49033149218750005 0.5888324875000001 0.5193370171875 0.6129441625000001 0.5497237562499999 0.620558375 0.5745856359375 0.620558375 0.5939226515625 0.610406090625 0.6174033156250001 0.5862944156250001 0.61325966875 0.58502538125
2 0.55524861875 0.582487309375 0.4917127078125 0.5672588828125 0.4820441984375 0.56852791875 0.533149171875 0.595177665625 0.5524861875 0.6002538078125 0.5745856359375 0.6002538078125 0.5911602203124999 0.5977157359375 0.6174033156250001 0.5837563453125 0.55524861875 0.582487309375
10 0.55801105 0.572335025 0.5386740328124999 0.5647208125 0.4820441984375 0.5659898484375 0.5359116015625001 0.5799492390625 0.60773480625 0.58502538125 0.614640884375 0.5812182734375 0.582872928125 0.5697969546875 0.55801105 0.572335025
6 0.609116021875 0.5253807109374999 0.5980662984375 0.5025380703125 0.58977900625 0.45685279218749997 0.5745856359375 0.445431471875 0.55801105 0.445431471875 0.5400552484375 0.4543147203125 0.52624309375 0.5076142124999999 0.5151933703125 0.5203045687500001 0.5151933703125 0.5355329953125 0.5414364640625 0.5494923859374999 0.5718232046875 0.5571065984375 0.5939226515625 0.55203045625 0.609116021875 0.538071065625 0.609116021875 0.5253807109374999
8 0.6160221 0.42258883281250004 0.587016575 0.43654822343750005 0.5966850828125 0.445431471875 0.635359115625 0.43781725937499993 0.6823204421875 0.445431471875 0.6726519343749999 0.428934009375 0.6574585640625 0.42005076093750005 0.6160221 0.42258883281250004
7 0.61325966875 0.45050761406250006 0.6008287296875 0.4593908625 0.6215469609375 0.4682741109375 0.6464088390625 0.4682741109375 0.6560773484375 0.46192893437500004 0.638121546875 0.44796954375000003 0.61325966875 0.45050761406250006