0 0 0 0 0.9976091531250001 0.9974999999999999 0.998803828125 0.99875 0 0 0
0 0.7262500000000001 0.650717703125 0.73125 0.6148325359375 0.73125 0.50239234375 0.7262500000000001 0.4760765546875 0.72375 0.37799043125 0.71375 0.3373205734375 0.68875 0.289473684375 0.69625 0.28229665000000004 0.70375 0.2440191390625 0.70375 0.2129186609375 0.69625 0.2009569375 0.67 0.178229665625 0.58 0.1447368421875 0.4875 0.130382775 0.43499999999999994 0.130382775 0.41 0.1351674640625 0.3525 0.1566985640625 0.3025 0.1854066984375 0.27375 0.21531100468750003 0.24625 0.26076555 0.22875 0.3205741625 0.22625 0.35885167500000004 0.23374999999999999 0.428229665625 0.22374999999999998 0.43779904375 0.21625 0.45933014375000003 0.21625 0.51913875625 0.23374999999999999 0.5574162671875 0.26875 0.610047846875 0.2925 0.6255980859375 0.31625000000000003 0.6578947375 0.35750000000000004 0.6949760765625 0.4 0.718899521875 0.48250000000000004 0.75 0.5475 0.7667464109375 0.59375 0.7655502390625 0.625 0.7595693781249999 0.67 0.738038278125 0.7112499999999999 0.6937799046875 0.7262500000000001 0.650717703125
9 0.7112499999999999 0.6937799046875 0.7212500000000001 0.672248803125 0.73125 0.6148325359375 0.73125 0.50239234375 0.7262500000000001 0.4760765546875 0.7262500000000001 0.4066985640625 0.71875 0.351674640625 0.68875 0.2870813390625 0.655 0.2571770328125 0.6325000000000001 0.24521531093750001 0.6174999999999999 0.240430621875 0.5625 0.24282296718750002 0.5225 0.2332535890625 0.47000000000000003 0.2332535890625 0.44749999999999995 0.23803827812499997 0.395 0.25478468906249996 0.38375 0.2631578953125 0.37124999999999997 0.28229665000000004 0.36375 0.3133971296875 0.35875 0.36124401875 0.34125 0.4043062203125 0.32375 0.48086124375 0.315 0.4844497609375 0.30375 0.4665071765625 0.27 0.438995215625 0.23500000000000001 0.42703349218750003 0.22374999999999998 0.43779904375 0.21625 0.45933014375000003 0.21625 0.51913875625 0.23374999999999999 0.5574162671875 0.26875 0.610047846875 0.29625 0.629186603125 0.31625000000000003 0.6578947375 0.35750000000000004 0.6949760765625 0.4 0.718899521875 0.48250000000000004 0.75 0.5475 0.7667464109375 0.5925 0.7667464109375 0.625 0.7595693781249999 0.67 0.738038278125 0.7112499999999999 0.6937799046875
9 0.61125 0.368421053125 0.61125 0.3732057421875 0.62 0.379186603125 0.6675 0.3767942578125 0.6875 0.381578946875 0.71875 0.3971291859375 0.70625 0.370813396875 0.6725 0.3528708140625 0.63 0.357655503125 0.61125 0.368421053125
9 0.5650000000000001 0.381578946875 0.57125 0.368421053125 0.5650000000000001 0.362440190625 0.5549999999999999 0.360047846875 0.495 0.360047846875 0.45499999999999996 0.3767942578125 0.4375 0.38875598125 0.42374999999999996 0.409090909375 0.42625 0.411483253125 0.445 0.40071770312500005 0.4625 0.398325359375 0.5025000000000001 0.381578946875 0.5650000000000001 0.381578946875
9 0.49000000000000005 0.40789473750000005 0.47000000000000003 0.4174641140625 0.45625 0.43062200937500006 0.48250000000000004 0.441387559375 0.51375 0.4401913875 0.53625 0.43062200937500006 0.5225 0.41507177031250003 0.505 0.40789473750000005 0.49000000000000005 0.40789473750000005
9 0.65 0.41507177031250003 0.6287499999999999 0.4330143546875 0.65 0.4437799046875 0.68125 0.44258373281249996 0.69625 0.4330143546875 0.6825 0.4174641140625 0.6725 0.41267942656249995 0.65 0.41507177031250003
9 0.62375 0.43540669843749996 0.605 0.422248803125 0.5875 0.422248803125 0.5587500000000001 0.43779904375 0.55375 0.4952153109375 0.5387500000000001 0.511961721875 0.5387500000000001 0.531100478125 0.5525 0.5418660281250001 0.61375 0.547846890625 0.655 0.5418660281250001 0.66625 0.531100478125 0.66625 0.5239234453125 0.62375 0.43540669843749996
9 0.605 0.5968899515625 0.5925 0.5921052625 0.5775 0.5921052625 0.5425 0.6040669859375 0.51375 0.619617225 0.5775 0.6351674640625 0.64625 0.6339712921875 0.6587500000000001 0.629186603125 0.64625 0.610047846875 0.625 0.5944976078125 0.605 0.5968899515625
1 0.35875 0.36124401875 0.36375 0.3133971296875 0.37124999999999997 0.28229665000000004 0.385 0.261961721875 0.395 0.25478468906249996 0.47000000000000003 0.2332535890625 0.5225 0.2332535890625 0.5625 0.24282296718750002 0.6174999999999999 0.240430621875 0.6475 0.25239234375 0.6875 0.2858851671875 0.6925 0.2858851671875 0.69625 0.28229665000000004 0.70375 0.2440191390625 0.70375 0.2129186609375 0.69625 0.2009569375 0.67 0.178229665625 0.61 0.15430622031250002 0.5599999999999999 0.139952153125 0.4875 0.130382775 0.43499999999999994 0.130382775 0.41 0.1351674640625 0.3525 0.1566985640625 0.3025 0.1854066984375 0.27375 0.21531100468750003 0.25625 0.24162679374999999 0.23625 0.2870813390625 0.22875 0.3205741625 0.22625 0.3564593296875 0.22875 0.4043062203125 0.23125 0.42105263125 0.2375 0.4294258375 0.255 0.43181818125 0.27749999999999997 0.4437799046875 0.30375 0.4665071765625 0.315 0.4844497609375 0.32 0.4844497609375 0.32625000000000004 0.4736842109375 0.34125 0.4043062203125 0.35875 0.36124401875
4 0.5025000000000001 0.381578946875 0.5650000000000001 0.381578946875 0.57125 0.368421053125 0.5650000000000001 0.362440190625 0.5549999999999999 0.360047846875 0.495 0.360047846875 0.45499999999999996 0.3767942578125 0.4375 0.38875598125 0.42374999999999996 0.409090909375 0.425 0.41267942656249995 0.445 0.40071770312500005 0.4625 0.398325359375 0.5025000000000001 0.381578946875
3 0.505 0.40789473750000005 0.49000000000000005 0.40789473750000005 0.47000000000000003 0.4174641140625 0.45625 0.43062200937500006 0.48250000000000004 0.441387559375 0.5125 0.441387559375 0.53625 0.43062200937500006 0.5225 0.41507177031250003 0.505 0.40789473750000005
5 0.615 0.61124401875 0.5575 0.61124401875 0.51375 0.619617225 0.5775 0.6351674640625 0.645 0.6351674640625 0.6587500000000001 0.629186603125 0.635 0.6160287078125 0.615 0.61124401875
10 0.605 0.5968899515625 0.5925 0.5921052625 0.5599999999999999 0.5968899515625 0.52125 0.6148325359375 0.615 0.61124401875 0.65 0.6232057421875 0.64625 0.610047846875 0.63 0.5968899515625 0.605 0.5968899515625
6 0.66625 0.5239234453125 0.62375 0.43540669843749996 0.605 0.422248803125 0.5875 0.422248803125 0.5587500000000001 0.43779904375 0.55375 0.4952153109375 0.5387500000000001 0.511961721875 0.5387500000000001 0.531100478125 0.5525 0.5418660281250001 0.6125 0.5490430625 0.655 0.5418660281250001 0.66625 0.531100478125 0.66625 0.5239234453125
8 0.6725 0.3528708140625 0.63 0.357655503125 0.61125 0.368421053125 0.61125 0.3732057421875 0.62 0.379186603125 0.6799999999999999 0.379186603125 0.7175 0.398325359375 0.71875 0.3947368421875 0.70625 0.370813396875 0.6725 0.3528708140625
7 0.6725 0.41267942656249995 0.65 0.41507177031250003 0.6287499999999999 0.4330143546875 0.65 0.4437799046875 0.6799999999999999 0.4437799046875 0.69625 0.4330143546875 0.6825 0.4174641140625 0.6725 0.41267942656249995