0 0 0 0 0.9977183171874999 0.9975124375 0.998858446875 0.99875621875 0 0 0
0 0.6529850749999999 0.5958904109375001 0.6554726375000001 0.5616438359375 0.6604477609375 0.5502283109375 0.6604477609375 0.49086757968750006 0.6529850749999999 0.40867579843749996 0.672885571875 0.3515981734375 0.670398009375 0.3242009125 0.64800995 0.296803653125 0.624378109375 0.2751141546875 0.577114428125 0.2408675796875 0.5348258703125001 0.22031963437500002 0.44776119375 0.197488584375 0.40298507499999997 0.2043379 0.3631840796875 0.22031963437500002 0.33582089531250003 0.2363013703125 0.29477611875 0.273972603125 0.2848258703125 0.2899543375 0.26741293593750004 0.3698630140625 0.26741293593750004 0.401826484375 0.27487562187500003 0.4452054796875 0.2823383078125 0.4634703203125 0.279850746875 0.4840182640625 0.2848258703125 0.504566209375 0.29477611875 0.5251141546875 0.31592039843749997 0.55365296875 0.33582089531250003 0.56506849375 0.3631840796875 0.56506849375 0.4004975125 0.6015981734375 0.42039800937500005 0.615296803125 0.4975124375 0.6472602734375 0.5323383078124999 0.6541095890624999 0.55597015 0.6529680359375 0.5870646765624999 0.6495433796875 0.629353234375 0.63356164375 0.6405472640625 0.623287671875 0.6529850749999999 0.5958904109375001
1 0.376865671875 0.4223744296875 0.376865671875 0.39726027343750003 0.3644278609375 0.376712328125 0.3569651734375 0.34703196406250003 0.3594527359375 0.3356164390625 0.36567164218750003 0.3299086765625 0.3855721390625 0.33219178125000004 0.45273631875 0.38926940625 0.45646766093749996 0.3858447484375 0.4539801 0.38127853906250003 0.4415422890625 0.37214611875000003 0.42661691562500004 0.34931506875 0.430348259375 0.3390410953125 0.45024875625 0.34360730625 0.48009950312500005 0.36872146093749997 0.5 0.3801369859375 0.6094527359375 0.38926940625 0.6393034828124999 0.3984018265625 0.65174129375 0.4098173515625 0.672885571875 0.3515981734375 0.670398009375 0.3242009125 0.64800995 0.296803653125 0.624378109375 0.2751141546875 0.569651740625 0.2363013703125 0.5348258703125001 0.22031963437500002 0.44776119375 0.197488584375 0.40298507499999997 0.2043379 0.3631840796875 0.22031963437500002 0.33582089531250003 0.2363013703125 0.29477611875 0.273972603125 0.2848258703125 0.2899543375 0.26741293593750004 0.3698630140625 0.26741293593750004 0.401826484375 0.281094528125 0.46232876718749993 0.300995025 0.4509132421875 0.3084577109375 0.4509132421875 0.3333333328125 0.464611871875 0.35572139375 0.48515981718749995 0.3681592046875 0.48972602812500005 0.371890546875 0.4863013703125 0.371890546875 0.43150685 0.376865671875 0.4223744296875
9 0.6405472640625 0.623287671875 0.64800995 0.609589040625 0.6554726375000001 0.5799086765625 0.6554726375000001 0.5616438359375 0.6604477609375 0.5502283109375 0.6554726375000001 0.41324200937500005 0.6393034828124999 0.3984018265625 0.6094527359375 0.38926940625 0.5 0.3801369859375 0.48009950312500005 0.36872146093749997 0.45024875625 0.34360730625 0.430348259375 0.3390410953125 0.42661691562500004 0.34931506875 0.4415422890625 0.37214611875000003 0.4539801 0.38127853906250003 0.45646766093749996 0.3858447484375 0.45273631875 0.38926940625 0.3855721390625 0.33219178125000004 0.36567164218750003 0.3299086765625 0.3594527359375 0.3356164390625 0.3569651734375 0.34703196406250003 0.3644278609375 0.376712328125 0.376865671875 0.39726027343750003 0.376865671875 0.4223744296875 0.371890546875 0.43150685 0.371890546875 0.4863013703125 0.3631840796875 0.48972602812500005 0.3333333328125 0.464611871875 0.3084577109375 0.4509132421875 0.2910447765625 0.45547945156249997 0.2823383078125 0.4634703203125 0.279850746875 0.4840182640625 0.29477611875 0.5251141546875 0.31592039843749997 0.55365296875 0.33582089531250003 0.56506849375 0.3631840796875 0.56506849375 0.4004975125 0.6015981734375 0.42039800937500005 0.615296803125 0.4975124375 0.6472602734375 0.5323383078124999 0.6541095890624999 0.55472636875 0.6541095890624999 0.5870646765624999 0.6495433796875 0.629353234375 0.63356164375 0.6405472640625 0.623287671875
9 0.6069651734375 0.40068493125 0.573383084375 0.4200913234375 0.577114428125 0.4280821921875 0.5858208953124999 0.4269406390625 0.60199005 0.41894977187500004 0.6430348265625 0.40867579843749996 0.629353234375 0.40068493125 0.6069651734375 0.40068493125
9 0.5248756218749999 0.41894977187500004 0.5 0.4166666671875 0.46766169218750003 0.41894977187500004 0.4427860703125 0.4280821921875 0.43407960156250003 0.43835616406250005 0.4415422890625 0.43835616406250005 0.4925373140625 0.43264840156249995 0.5323383078124999 0.43493150625 0.5385572140625 0.424657534375 0.5248756218749999 0.41894977187500004
9 0.6044776125 0.4280821921875 0.5920398015624999 0.43264840156249995 0.580845771875 0.44292237500000003 0.59825870625 0.4452054796875 0.6144278609375 0.441780821875 0.628109453125 0.43150685 0.621890546875 0.4280821921875 0.6044776125 0.4280821921875
9 0.6131840796875 0.5 0.59825870625 0.4840182640625 0.575870646875 0.44063926875000003 0.5671641796875 0.43493150625 0.55472636875 0.43493150625 0.5360696515625001 0.4497716890625 0.5435323390625 0.49086757968750006 0.5385572140625 0.504566209375 0.5385572140625 0.5205479453125 0.54477611875 0.5262557078125 0.573383084375 0.5251141546875 0.5870646765624999 0.523972603125 0.6044776125 0.5171232875 0.6131840796875 0.506849315625 0.6131840796875 0.5
9 0.4614427859375 0.46118721406249996 0.47014925312500006 0.464611871875 0.49626865625 0.4634703203125 0.5186567171875 0.45205479375 0.5099502484375 0.44634703125 0.48756218906250004 0.44634703125 0.4614427859375 0.46118721406249996
9 0.5895522390625 0.5513698625 0.5721393031249999 0.5490867578125 0.531094528125 0.575342465625 0.54726368125 0.581050228125 0.5932835828125 0.5799086765625 0.6119402984375 0.5719178078125 0.625621890625 0.55936073125 0.6044776125 0.546803653125 0.5895522390625 0.5513698625
4 0.5385572140625 0.424657534375 0.5248756218749999 0.41894977187500004 0.5 0.4166666671875 0.46766169218750003 0.41894977187500004 0.4427860703125 0.4280821921875 0.43407960156250003 0.43835616406250005 0.4402985078125 0.4394977171875 0.4925373140625 0.43264840156249995 0.5323383078124999 0.43493150625 0.5385572140625 0.424657534375
3 0.48756218906250004 0.44634703125 0.4614427859375 0.46118721406249996 0.47014925312500006 0.464611871875 0.49502487500000003 0.464611871875 0.5186567171875 0.45205479375 0.5099502484375 0.44634703125 0.48756218906250004 0.44634703125
5 0.5920398015624999 0.5605022828124999 0.531094528125 0.575342465625 0.54726368125 0.581050228125 0.5920398015624999 0.581050228125 0.6119402984375 0.5719178078125 0.625621890625 0.55936073125 0.5920398015624999 0.5605022828124999
10 0.6044776125 0.546803653125 0.5895522390625 0.5513698625 0.5721393031249999 0.5490867578125 0.5410447765625 0.56849315 0.5497512437500001 0.569634703125 0.5895522390625 0.558219178125 0.623134328125 0.557077625 0.6044776125 0.546803653125
6 0.6131840796875 0.5 0.59825870625 0.4840182640625 0.575870646875 0.44063926875000003 0.5671641796875 0.43493150625 0.55472636875 0.43493150625 0.5360696515625001 0.4497716890625 0.5435323390625 0.49086757968750006 0.5385572140625 0.504566209375 0.5385572140625 0.5205479453125 0.54477611875 0.5262557078125 0.5721393031249999 0.5262557078125 0.6044776125 0.5171232875 0.6131840796875 0.506849315625 0.6131840796875 0.5
2 0.580845771875 0.5616438359375 0.5895522390625 0.5627853875 0.60572139375 0.55936073125 0.5895522390625 0.558219178125 0.580845771875 0.5616438359375
2 0.5721393031249999 0.5673515984375 0.580845771875 0.563926940625 0.5609452734375 0.5662100453125001 0.5721393031249999 0.5673515984375
8 0.629353234375 0.40068493125 0.6069651734375 0.40068493125 0.573383084375 0.4200913234375 0.577114428125 0.4280821921875 0.5845771140625 0.4280821921875 0.60199005 0.41894977187500004 0.6430348265625 0.40867579843749996 0.629353234375 0.40068493125
7 0.621890546875 0.4280821921875 0.6044776125 0.4280821921875 0.5920398015624999 0.43264840156249995 0.580845771875 0.44292237500000003 0.5970149250000001 0.44634703125 0.619402984375 0.4394977171875 0.628109453125 0.43150685 0.621890546875 0.4280821921875