0 0 0 0 0.9980010015625 0.998 0.999 0.999 0 0 0
0 0.639 0.65 0.661 0.608 0.6809999999999999 0.52 0.686 0.513 0.7070000000000001 0.5 0.717 0.48 0.721 0.43200000000000005 0.729 0.39 0.729 0.36 0.713 0.3 0.7030000000000001 0.274 0.687 0.242 0.669 0.21800000000000003 0.584 0.13899999999999998 0.538 0.133 0.49800000000000005 0.13899999999999998 0.438 0.159 0.40199999999999997 0.181 0.367 0.21600000000000003 0.331 0.27999999999999997 0.321 0.31 0.313 0.358 0.313 0.398 0.315 0.418 0.323 0.44400000000000006 0.313 0.462 0.313 0.47800000000000004 0.339 0.546 0.35 0.5549999999999999 0.378 0.5549999999999999 0.383 0.5599999999999999 0.389 0.5820000000000001 0.40700000000000003 0.622 0.45099999999999996 0.682 0.47400000000000003 0.7030000000000001 0.496 0.717 0.512 0.7230000000000001 0.553 0.722 0.564 0.7190000000000001 0.584 0.7070000000000001 0.621 0.674 0.639 0.65
0 0.509 0.44000000000000006 0.518 0.43099999999999994 0.532 0.433 0.554 0.45899999999999996 0.592 0.485 0.616 0.487 0.632 0.481 0.655 0.45999999999999996 0.663 0.44400000000000006 0.667 0.42000000000000004 0.6809999999999999 0.40599999999999997 0.6849999999999999 0.396 0.6799999999999999 0.391 0.674 0.391 0.6639999999999999 0.381 0.636 0.373 0.624 0.373 0.588 0.379 0.546 0.391 0.524 0.40499999999999997 0.504 0.40499999999999997 0.48600000000000004 0.399 0.438 0.399 0.40199999999999997 0.40499999999999997 0.39 0.41100000000000003 0.377 0.42400000000000004 0.368 0.43899999999999995 0.36 0.437 0.353 0.442 0.355 0.44800000000000006 0.371 0.46399999999999997 0.379 0.48600000000000004 0.394 0.503 0.41600000000000004 0.517 0.44400000000000006 0.517 0.454 0.513 0.487 0.48600000000000004 0.509 0.44000000000000006
1 0.351 0.36 0.351 0.32999999999999996 0.357 0.304 0.375 0.262 0.387 0.244 0.404 0.227 0.426 0.217 0.504 0.221 0.544 0.233 0.584 0.23900000000000002 0.612 0.253 0.635 0.274 0.649 0.296 0.663 0.35 0.665 0.382 0.674 0.391 0.6799999999999999 0.391 0.6849999999999999 0.396 0.679 0.40800000000000003 0.6839999999999999 0.413 0.692 0.409 0.708 0.41100000000000003 0.717 0.42000000000000004 0.72 0.43499999999999994 0.727 0.40800000000000003 0.729 0.36 0.7110000000000001 0.294 0.687 0.242 0.669 0.21800000000000003 0.648 0.197 0.5900000000000001 0.143 0.5780000000000001 0.137 0.538 0.133 0.49800000000000005 0.13899999999999998 0.44800000000000006 0.155 0.41600000000000004 0.17099999999999999 0.378 0.20299999999999999 0.367 0.21600000000000003 0.331 0.27999999999999997 0.321 0.31 0.313 0.358 0.315 0.418 0.324 0.441 0.344 0.43899999999999995 0.352 0.44299999999999995 0.363 0.43600000000000005 0.363 0.41600000000000004 0.351 0.36
9 0.41 0.403 0.438 0.399 0.48600000000000004 0.399 0.504 0.40499999999999997 0.524 0.40499999999999997 0.5599999999999999 0.385 0.572 0.383 0.5860000000000001 0.375 0.604 0.373 0.636 0.373 0.6639999999999999 0.381 0.663 0.35 0.655 0.314 0.645 0.288 0.622 0.261 0.6 0.24500000000000002 0.584 0.23900000000000002 0.544 0.233 0.504 0.221 0.426 0.217 0.41 0.223 0.387 0.244 0.375 0.262 0.359 0.298 0.351 0.32999999999999996 0.351 0.36 0.363 0.41600000000000004 0.363 0.43600000000000005 0.368 0.43899999999999995 0.377 0.42400000000000004 0.39 0.41100000000000003 0.41 0.403
9 0.631 0.662 0.649 0.632 0.665 0.5940000000000001 0.6809999999999999 0.52 0.686 0.513 0.7070000000000001 0.5 0.717 0.48 0.721 0.43600000000000005 0.717 0.43 0.717 0.42000000000000004 0.704 0.409 0.692 0.409 0.6839999999999999 0.413 0.678 0.409 0.6719999999999999 0.413 0.667 0.42000000000000004 0.663 0.44400000000000006 0.655 0.45999999999999996 0.638 0.477 0.624 0.485 0.592 0.485 0.5599999999999999 0.46299999999999997 0.563 0.484 0.5730000000000001 0.496 0.579 0.514 0.575 0.522 0.562 0.533 0.53 0.545 0.5 0.5389999999999999 0.479 0.528 0.477 0.508 0.489 0.49400000000000005 0.49000000000000005 0.481 0.48 0.493 0.45 0.515 0.41600000000000004 0.517 0.394 0.503 0.383 0.492 0.371 0.46399999999999997 0.359 0.454 0.352 0.44299999999999995 0.344 0.43899999999999995 0.324 0.441 0.313 0.462 0.313 0.47800000000000004 0.339 0.546 0.35 0.5549999999999999 0.378 0.5549999999999999 0.383 0.5599999999999999 0.393 0.592 0.413 0.632 0.45099999999999996 0.682 0.47400000000000003 0.7030000000000001 0.496 0.717 0.512 0.7230000000000001 0.5519999999999999 0.7230000000000001 0.5780000000000001 0.7110000000000001 0.606 0.689 0.631 0.662
9 0.607 0.5700000000000001 0.5980000000000001 0.5650000000000001 0.5519999999999999 0.5650000000000001 0.536 0.571 0.5 0.5690000000000001 0.476 0.575 0.45899999999999996 0.584 0.475 0.604 0.49400000000000005 0.621 0.512 0.627 0.5429999999999999 0.628 0.564 0.623 0.5780000000000001 0.615 0.595 0.5980000000000001 0.607 0.5700000000000001
5 0.595 0.5980000000000001 0.607 0.5700000000000001 0.568 0.601 0.536 0.611 0.49800000000000005 0.605 0.476 0.595 0.46399999999999997 0.585 0.461 0.5860000000000001 0.475 0.604 0.49400000000000005 0.621 0.512 0.627 0.542 0.629 0.564 0.623 0.5780000000000001 0.615 0.595 0.5980000000000001
2 0.603 0.572 0.5900000000000001 0.571 0.526 0.581 0.461 0.584 0.476 0.595 0.49800000000000005 0.605 0.536 0.611 0.568 0.601 0.5860000000000001 0.589 0.603 0.572
10 0.603 0.568 0.5980000000000001 0.5650000000000001 0.5519999999999999 0.5650000000000001 0.536 0.571 0.5 0.5690000000000001 0.476 0.575 0.46299999999999997 0.5820000000000001 0.5 0.583 0.564 0.577 0.602 0.571 0.603 0.568
6 0.575 0.522 0.579 0.512 0.5730000000000001 0.496 0.563 0.484 0.557 0.45999999999999996 0.5429999999999999 0.44800000000000006 0.532 0.433 0.518 0.43099999999999994 0.509 0.44000000000000006 0.501 0.45599999999999996 0.491 0.47800000000000004 0.489 0.49400000000000005 0.477 0.508 0.477 0.524 0.48200000000000004 0.5309999999999999 0.5 0.5389999999999999 0.53 0.545 0.55 0.5389999999999999 0.568 0.529 0.575 0.522
8 0.5730000000000001 0.382 0.5780000000000001 0.383 0.621 0.374 0.5860000000000001 0.375 0.5730000000000001 0.382
8 0.5660000000000001 0.387 0.5730000000000001 0.384 0.5589999999999999 0.386 0.5660000000000001 0.387