0 0 0 0 0.997450734375 0.997252746875 0.9987244890625 0.9986263734374999 0 0 0
0 0.54395604375 0.585459184375 0.5631868124999999 0.5778061218749999 0.5879120875 0.5599489796875 0.61813186875 0.5497448984375 0.63186813125 0.539540815625 0.653846153125 0.5369897953125 0.6785714281249999 0.5267857140625 0.6923076921875 0.5267857140625 0.7170329671875 0.5165816328124999 0.7390109890625001 0.5140306125 0.777472528125 0.4987244890625 0.8104395609375 0.49362244843749997 0.8145604390625 0.48979591874999995 0.8118131875 0.4744897953125 0.8035714281249999 0.4693877546875 0.7898351640625 0.44897959218750005 0.690934065625 0.359693878125 0.64423076875 0.30867346875 0.5769230765625 0.25637755156250003 0.5576923078125 0.25382653125 0.54945055 0.2487244890625 0.4670329671875 0.24362244843749997 0.45329670312500003 0.2487244890625 0.40109890156250005 0.25382653125 0.34340659375000004 0.269132653125 0.29945055 0.289540815625 0.2362637359375 0.3329081625 0.221153846875 0.352040815625 0.21840659375000002 0.38265306093749996 0.2239010984375 0.41071428593750003 0.2321428578125 0.428571428125 0.2486263734375 0.53826530625 0.259615384375 0.55867346875 0.2706043953125 0.55867346875 0.2870879125 0.602040815625 0.3296703296875 0.6364795921875 0.35576923125 0.6377551015625 0.3873626375 0.6339285718750001 0.4258241765625 0.6186224484375 0.47527472499999995 0.6084183671875001 0.54395604375 0.585459184375
0 0.7197802203125 0.49617346875 0.7335164828125 0.49617346875 0.7362637359375 0.491071428125 0.715659340625 0.4923469390625 0.7197802203125 0.49617346875
1 0.2706043953125 0.408163265625 0.284340659375 0.3775510203125 0.29945055 0.3635204078125 0.3131868125 0.3584183671875 0.3351648359375 0.3584183671875 0.43681318750000003 0.414540815625 0.4697802203125 0.42219387812500003 0.524725275 0.42729591874999995 0.54945055 0.4349489796875 0.5673076921875 0.45153061250000004 0.57554945 0.48214285781250005 0.5892857140625 0.505102040625 0.6043956046875001 0.5216836734375 0.6236263734375 0.52423469375 0.634615384375 0.539540815625 0.653846153125 0.5369897953125 0.6785714281249999 0.5267857140625 0.6923076921875 0.5267857140625 0.7170329671875 0.5165816328124999 0.7390109890625001 0.5140306125 0.777472528125 0.4987244890625 0.8104395609375 0.49362244843749997 0.8145604390625 0.48214285781250005 0.7898351640625 0.44897959218750005 0.690934065625 0.359693878125 0.64423076875 0.30867346875 0.5851648359375 0.2614795921875 0.54945055 0.2487244890625 0.4670329671875 0.24362244843749997 0.45329670312500003 0.2487244890625 0.4148351640625 0.2512755109375 0.36813186875000004 0.2614795921875 0.3241758234375 0.27678571406249997 0.2829670328125 0.2997448984375 0.22664835156250002 0.341836734375 0.21840659375000002 0.359693878125 0.21840659375000002 0.38265306093749996 0.2239010984375 0.41071428593750003 0.2321428578125 0.428571428125 0.234890109375 0.46173469375 0.24038461562500002 0.47193877500000003 0.2458791203125 0.5306122453125 0.259615384375 0.55867346875 0.2637362640625 0.5599489796875 0.2678571421875 0.5561224484375 0.265109890625 0.45663265312499995 0.2706043953125 0.408163265625
1 0.734890109375 0.494897959375 0.7362637359375 0.491071428125 0.715659340625 0.4923469390625 0.7197802203125 0.49617346875 0.734890109375 0.494897959375
9 0.359890109375 0.5982142859375 0.4230769234375 0.5982142859375 0.446428571875 0.6096938781250001 0.44093406562500004 0.6122448984375 0.44230769218750005 0.6160714281249999 0.4917582421875 0.6033163265625 0.50549450625 0.595663265625 0.5631868124999999 0.5778061218749999 0.5879120875 0.5599489796875 0.61813186875 0.5497448984375 0.6332417578125 0.53826530625 0.6236263734375 0.52423469375 0.6043956046875001 0.5216836734375 0.5892857140625 0.505102040625 0.57554945 0.48214285781250005 0.5673076921875 0.45153061250000004 0.54945055 0.4349489796875 0.524725275 0.42729591874999995 0.45329670312500003 0.41964285781250005 0.409340659375 0.40178571406249997 0.38186813124999996 0.38137755156250003 0.3351648359375 0.3584183671875 0.3049450546875 0.3609693875 0.284340659375 0.3775510203125 0.2706043953125 0.408163265625 0.265109890625 0.45663265312499995 0.265109890625 0.5408163265625 0.2706043953125 0.56632653125 0.2870879125 0.602040815625 0.3131868125 0.6262755109375 0.3351648359375 0.6390306125 0.34340659375000004 0.6390306125 0.33104395625 0.619897959375 0.34340659375000004 0.605867346875 0.359890109375 0.5982142859375
9 0.43131868124999995 0.442602040625 0.38598901093750004 0.466836734375 0.390109890625 0.47576530625 0.399725275 0.4744897953125 0.4478021984375 0.45535714218749995 0.490384615625 0.45408163281249997 0.4697802203125 0.442602040625 0.43131868124999995 0.442602040625
9 0.28571428593750003 0.46556122499999997 0.2733516484375 0.477040815625 0.3241758234375 0.47576530625 0.3324175828125 0.48086734687500005 0.33928571406249997 0.4795918375 0.3420329671875 0.477040815625 0.3379120875 0.470663265625 0.3131868125 0.4630102046875 0.28571428593750003 0.46556122499999997
9 0.4258241765625 0.48086734687500005 0.4134615390625 0.4923469390625 0.4519230765625 0.4923469390625 0.47664835156249996 0.48469387812500003 0.458791209375 0.47576530625 0.43956043906250003 0.47576530625 0.4258241765625 0.48086734687500005
9 0.39423076875 0.4923469390625 0.38186813124999996 0.48596938749999996 0.359890109375 0.48596938749999996 0.3447802203125 0.4974489796875 0.33928571406249997 0.533163265625 0.32829670312500003 0.5484693875 0.32829670312500003 0.56632653125 0.3351648359375 0.57270408125 0.3571428578125 0.5778061218749999 0.372252746875 0.5765306125 0.40659340625 0.567602040625 0.416208790625 0.5535714281249999 0.4052197796875 0.5357142859375 0.39423076875 0.4923469390625
9 0.29945055 0.491071428125 0.2898351640625 0.5025510203125 0.29670329687499997 0.5063775515625 0.3173076921875 0.505102040625 0.3365384609375 0.5 0.315934065625 0.48852040781249995 0.3076923078125 0.48852040781249995 0.29945055 0.491071428125
4 0.3131868125 0.4630102046875 0.28571428593750003 0.46556122499999997 0.2733516484375 0.477040815625 0.3241758234375 0.47576530625 0.3379120875 0.48086734687500005 0.3420329671875 0.477040815625 0.3379120875 0.470663265625 0.3131868125 0.4630102046875
3 0.3076923078125 0.48852040781249995 0.29945055 0.491071428125 0.2898351640625 0.5025510203125 0.29670329687499997 0.5063775515625 0.315934065625 0.5063775515625 0.3365384609375 0.5 0.315934065625 0.48852040781249995 0.3076923078125 0.48852040781249995
6 0.402472528125 0.528061225 0.39423076875 0.4923469390625 0.38186813124999996 0.48596938749999996 0.359890109375 0.48596938749999996 0.3447802203125 0.4974489796875 0.33928571406249997 0.533163265625 0.32829670312500003 0.5484693875 0.32829670312500003 0.56632653125 0.3351648359375 0.57270408125 0.37087912031250003 0.5778061218749999 0.40659340625 0.567602040625 0.416208790625 0.5535714281249999 0.402472528125 0.528061225
5 0.42445055 0.6173469390624999 0.43406593437499996 0.6186224484375 0.44093406562500004 0.61479591875 0.43956043906250003 0.6109693875 0.42445055 0.6173469390624999
5 0.333791209375 0.6224489796875 0.346153846875 0.6390306125 0.3543956046875 0.6390306125 0.396978021875 0.630102040625 0.37087912031250003 0.6313775515625 0.333791209375 0.6224489796875
10 0.409340659375 0.595663265625 0.38186813124999996 0.595663265625 0.359890109375 0.5982142859375 0.34340659375000004 0.605867346875 0.333791209375 0.6173469390624999 0.3379120875 0.6186224484375 0.3736263734375 0.6084183671875001 0.44368131875000005 0.6071428578125 0.409340659375 0.595663265625
2 0.3736263734375 0.6084183671875001 0.333791209375 0.619897959375 0.3516483515625 0.62882653125 0.3763736265625 0.6313775515625 0.4120879125 0.6237244890625 0.44093406562500004 0.6096938781250001 0.3736263734375 0.6084183671875001
8 0.4697802203125 0.442602040625 0.43131868124999995 0.442602040625 0.38598901093750004 0.466836734375 0.390109890625 0.47576530625 0.3983516484375 0.47576530625 0.43681318750000003 0.4579081625 0.490384615625 0.45408163281249997 0.4697802203125 0.442602040625
7 0.43956043906250003 0.47576530625 0.4258241765625 0.48086734687500005 0.4134615390625 0.4923469390625 0.45054945 0.49362244843749997 0.47664835156249996 0.48469387812500003 0.458791209375 0.47576530625 0.43956043906250003 0.47576530625