0 0 0 0 0.9977692546875 0.9974999999999999 0.9988839281249999 0.99875 0 0 0
0 0.66625 0.6629464281249999 0.69375 0.6205357140625 0.7212500000000001 0.5535714281249999 0.72375 0.5022321421875 0.70375 0.421875 0.70125 0.37946428593750003 0.69625 0.375 0.69375 0.31696428593750003 0.69875 0.28794642812500004 0.68875 0.2477678578125 0.6637500000000001 0.1897321421875 0.65125 0.171875 0.63375 0.15178571406250002 0.5549999999999999 0.0837053578125 0.52 0.0658482140625 0.475 0.056919642187499994 0.4425 0.0546875 0.35 0.0591517859375 0.29 0.0814732140625 0.2475 0.11495535781249999 0.20249999999999999 0.141741071875 0.17124999999999999 0.171875 0.15875 0.194196428125 0.15125 0.2209821421875 0.14875 0.25 0.15625 0.28571428593750003 0.15625 0.31696428593750003 0.14875 0.328125 0.14625 0.3415178578125 0.15125 0.35044642812500004 0.18125 0.3772321421875 0.18625 0.415178571875 0.19624999999999998 0.444196428125 0.22125 0.48660714218749995 0.25 0.5167410718750001 0.3075 0.5323660718750001 0.34125 0.5736607140625 0.39875 0.6272321421875 0.45999999999999996 0.6707589281249999 0.515 0.6953125 0.5475 0.7020089281249999 0.56375 0.7008928578125 0.595 0.6997767859375 0.6224999999999999 0.6930803578125 0.6475 0.6796875 0.66625 0.6629464281249999
1 0.26125 0.32142857187499996 0.25875 0.28794642812500004 0.26625 0.27008928593750003 0.27749999999999997 0.2600446421875 0.305 0.2466517859375 0.3175 0.2444196421875 0.3825 0.2555803578125 0.43 0.2555803578125 0.505 0.2421875 0.5325 0.2265625 0.54375 0.2142857140625 0.54625 0.162946428125 0.5525 0.155133928125 0.5725 0.155133928125 0.585 0.15959821406250002 0.6012500000000001 0.178571428125 0.61875 0.19196428593749998 0.63125 0.2142857140625 0.6587500000000001 0.2455357140625 0.66875 0.2678571421875 0.68125 0.3147321421875 0.6849999999999999 0.3180803578125 0.6950000000000001 0.31584821406249997 0.69875 0.28794642812500004 0.68875 0.2477678578125 0.6637500000000001 0.1897321421875 0.65125 0.171875 0.63375 0.15178571406250002 0.5549999999999999 0.0837053578125 0.52 0.0658482140625 0.45499999999999996 0.0546875 0.365 0.056919642187499994 0.3275 0.0658482140625 0.29 0.0814732140625 0.2475 0.11495535781249999 0.20249999999999999 0.141741071875 0.17625 0.165178571875 0.15875 0.194196428125 0.14875 0.2455357140625 0.15625 0.28571428593750003 0.15625 0.31696428593750003 0.14625 0.33482142812500004 0.15125 0.35044642812500004 0.16875 0.36383928593750003 0.1775 0.37611607187499996 0.1925 0.37834821406249997 0.2125 0.38727678593750003 0.2525 0.40959821406249997 0.2625 0.40959821406249997 0.27375 0.39508928593750003 0.27375 0.375 0.26125 0.32142857187499996
9 0.6475 0.6796875 0.67375 0.6540178578125 0.69375 0.6205357140625 0.71875 0.5625 0.72375 0.5022321421875 0.70375 0.421875 0.70125 0.37946428593750003 0.69625 0.375 0.69625 0.31919642812500004 0.68125 0.3147321421875 0.66875 0.2678571421875 0.6587500000000001 0.2455357140625 0.63125 0.2142857140625 0.61875 0.19196428593749998 0.6012500000000001 0.178571428125 0.585 0.15959821406250002 0.5725 0.155133928125 0.5525 0.155133928125 0.54625 0.162946428125 0.54375 0.2142857140625 0.5325 0.2265625 0.505 0.2421875 0.43 0.2555803578125 0.3825 0.2555803578125 0.3175 0.2444196421875 0.305 0.2466517859375 0.27749999999999997 0.2600446421875 0.26625 0.27008928593750003 0.25875 0.28794642812500004 0.26125 0.32142857187499996 0.27375 0.375 0.27375 0.39508928593750003 0.2625 0.40959821406249997 0.2525 0.40959821406249997 0.185 0.37611607187499996 0.18125 0.37946428593750003 0.18125 0.390625 0.19624999999999998 0.444196428125 0.22125 0.48660714218749995 0.25 0.5167410718750001 0.3075 0.5323660718750001 0.34125 0.5736607140625 0.39875 0.6272321421875 0.45999999999999996 0.6707589281249999 0.515 0.6953125 0.5625 0.7020089281249999 0.595 0.6997767859375 0.6224999999999999 0.6930803578125 0.6475 0.6796875
9 0.655 0.36049107187499996 0.61 0.3694196421875 0.57375 0.390625 0.5775 0.3984375 0.58375 0.39732142812500004 0.5925 0.39174107187499996 0.6525000000000001 0.37611607187499996 0.67125 0.36607142812500004 0.655 0.36049107187499996
9 0.5962500000000001 0.40848214218749995 0.605 0.41183035781250005 0.6212500000000001 0.41071428593750003 0.6375 0.407366071875 0.6587500000000001 0.39508928593750003 0.62 0.3962053578125 0.5962500000000001 0.40848214218749995
9 0.52625 0.40625 0.52 0.40066964218749995 0.51 0.3984375 0.4625 0.40066964218749995 0.45499999999999996 0.405133928125 0.44000000000000006 0.405133928125 0.40499999999999997 0.41852678593750003 0.39375 0.430803571875 0.39875 0.430803571875 0.42750000000000005 0.4296875 0.495 0.4140625 0.52 0.4140625 0.52625 0.40625
9 0.62375 0.48660714218749995 0.61125 0.477678571875 0.57875 0.41741071406249997 0.5725 0.41183035781250005 0.5525 0.41183035781250005 0.52625 0.428571428125 0.53625 0.48883928593750003 0.53625 0.49553571406249997 0.5287499999999999 0.5044642859375 0.5287499999999999 0.5223214281249999 0.53125 0.5290178578125 0.545 0.5368303578125 0.59875 0.5357142859375 0.62625 0.5178571421875 0.63125 0.5111607140625 0.63125 0.5022321421875 0.62375 0.48660714218749995
9 0.41875 0.446428571875 0.42750000000000005 0.44977678593750003 0.46125 0.44866071406249997 0.475 0.4453125 0.49625 0.43303571406249997 0.43499999999999994 0.44084821406249997 0.41875 0.446428571875
9 0.655 0.5703125 0.64 0.5658482140625 0.615 0.5658482140625 0.6025 0.5725446421875 0.5825 0.5725446421875 0.5425 0.5904017859375 0.5287499999999999 0.6004464281249999 0.5599999999999999 0.6216517859375 0.575 0.6261160718750001 0.60375 0.625 0.62 0.6194196421875 0.63875 0.6071428578125 0.65125 0.5870535718750001 0.655 0.5703125
4 0.52 0.4140625 0.52625 0.40625 0.52 0.40066964218749995 0.51 0.3984375 0.4625 0.40066964218749995 0.45499999999999996 0.405133928125 0.44000000000000006 0.405133928125 0.40499999999999997 0.41852678593750003 0.39375 0.430803571875 0.3975 0.43191964218749995 0.42750000000000005 0.4296875 0.495 0.4140625 0.52 0.4140625
3 0.43499999999999994 0.44084821406249997 0.41875 0.446428571875 0.42750000000000005 0.44977678593750003 0.45999999999999996 0.44977678593750003 0.485 0.44084821406249997 0.49625 0.43303571406249997 0.43499999999999994 0.44084821406249997
6 0.63125 0.5022321421875 0.62375 0.48660714218749995 0.61125 0.477678571875 0.57875 0.41741071406249997 0.5725 0.41183035781250005 0.5525 0.41183035781250005 0.52625 0.428571428125 0.53625 0.48883928593750003 0.53625 0.49553571406249997 0.5287499999999999 0.5044642859375 0.5287499999999999 0.5223214281249999 0.5349999999999999 0.5323660718750001 0.545 0.5368303578125 0.5974999999999999 0.5368303578125 0.62625 0.5178571421875 0.63125 0.5111607140625 0.63125 0.5022321421875
5 0.655 0.5703125 0.625 0.5881696421875 0.5925 0.5970982140625 0.5287499999999999 0.6004464281249999 0.5599999999999999 0.6216517859375 0.575 0.6261160718750001 0.6025 0.6261160718750001 0.63875 0.6071428578125 0.65125 0.5870535718750001 0.655 0.5703125
10 0.65125 0.5691964281249999 0.64 0.5658482140625 0.615 0.5658482140625 0.6025 0.5725446421875 0.5825 0.5725446421875 0.5425 0.5904017859375 0.53125 0.5982142859375 0.5349999999999999 0.5993303578125 0.6 0.5881696421875 0.65 0.5725446421875 0.65125 0.5691964281249999
2 0.645 0.5725446421875 0.5825 0.5926339281249999 0.53625 0.5982142859375 0.575 0.5993303578125 0.625 0.5881696421875 0.65125 0.5736607140625 0.645 0.5725446421875
8 0.67125 0.36607142812500004 0.655 0.36049107187499996 0.61 0.3694196421875 0.57375 0.390625 0.5775 0.3984375 0.5825 0.3984375 0.5925 0.39174107187499996 0.6525000000000001 0.37611607187499996 0.67125 0.36607142812500004
7 0.62 0.3962053578125 0.5962500000000001 0.40848214218749995 0.62 0.41183035781250005 0.6375 0.407366071875 0.6587500000000001 0.39508928593750003 0.62 0.3962053578125