0 0 0 0 0.9973136484375 0.997297296875 0.9986559140625 0.9986486484375 0 0 0
0 0.6445945953125001 0.60752688125 0.66891891875 0.5887096781250001 0.69324324375 0.548387096875 0.70675675625 0.502688171875 0.70675675625 0.4677419359375 0.6986486484375 0.451612903125 0.7175675671875 0.395161290625 0.7175675671875 0.34139785 0.7121621625000001 0.2822580640625 0.7040540546875 0.25537634374999996 0.6797297296875 0.20967741874999998 0.64324324375 0.170698925 0.624324325 0.1572580640625 0.58108108125 0.13844086093750002 0.4918918921875 0.13037634375 0.42972972968749995 0.1465053765625 0.3864864859375 0.168010753125 0.3270270265625 0.20833333281250002 0.2959459453125 0.24193548437499998 0.2770270265625 0.27688172031249997 0.271621621875 0.295698925 0.2635135140625 0.3682795703125 0.266216215625 0.4193548390625 0.24729729687500002 0.440860215625 0.2418918921875 0.4784946234375 0.24729729687500002 0.5188172046874999 0.26081081093749997 0.548387096875 0.28108108125000003 0.5712365593750001 0.30135135156250004 0.5779569890625 0.33648648593749997 0.645161290625 0.3621621625 0.673387096875 0.402702703125 0.7029569890625 0.4459459453125 0.724462365625 0.483783784375 0.73252688125 0.5202702703125001 0.7311827953125001 0.5486486484374999 0.724462365625 0.578378378125 0.7029569890625 0.609459459375 0.6720430109375 0.6445945953125001 0.60752688125
9 0.609459459375 0.6720430109375 0.6445945953125001 0.60752688125 0.66891891875 0.5887096781250001 0.6986486484375 0.5376344093750001 0.70675675625 0.502688171875 0.70675675625 0.4677419359375 0.7 0.4556451609375 0.6891891890624999 0.46102150468750003 0.6824324328125 0.45967741875 0.66891891875 0.389784946875 0.6608108109375 0.3736559140625 0.64324324375 0.3588709671875 0.6216216218749999 0.3508064515625 0.5702702703125 0.3427419359375 0.4918918921875 0.315860215625 0.44324324375 0.315860215625 0.4 0.331989246875 0.364864865625 0.35618279531249997 0.3445945953125 0.3763440859375 0.328378378125 0.39784946250000003 0.314864865625 0.4274193546875 0.3054054046875 0.4771505375 0.290540540625 0.4327956984375 0.278378378125 0.423387096875 0.2621621625 0.42069892500000006 0.24729729687500002 0.440860215625 0.2418918921875 0.45967741875 0.2445945953125 0.508064515625 0.26081081093749997 0.548387096875 0.28108108125000003 0.5712365593750001 0.30135135156250004 0.5779569890625 0.33648648593749997 0.645161290625 0.3621621625 0.673387096875 0.402702703125 0.7029569890625 0.4459459453125 0.724462365625 0.483783784375 0.73252688125 0.5189189187500001 0.73252688125 0.5486486484374999 0.724462365625 0.578378378125 0.7029569890625 0.609459459375 0.6720430109375
9 0.4 0.3911290328125 0.37837837812499997 0.3991935484375 0.36891891875 0.411290321875 0.440540540625 0.412634409375 0.48108108125 0.42607526875 0.4878378375 0.42473118281250005 0.49324324375 0.4166666671875 0.483783784375 0.4072580640625 0.42972972968749995 0.3911290328125 0.4 0.3911290328125
9 0.5445945953125 0.4274193546875 0.5540540546875 0.43682795625 0.5648648656249999 0.43145161249999997 0.6027027031250001 0.42876344062499994 0.6635135140624999 0.43817204375 0.640540540625 0.418010753125 0.616216215625 0.4099462359375 0.575675675 0.412634409375 0.5445945953125 0.4274193546875
9 0.41891891875000004 0.4395161296875 0.390540540625 0.451612903125 0.416216215625 0.46102150468750003 0.45540540468749996 0.45967741875 0.46081081093750004 0.456989246875 0.44864864843749996 0.4448924734375 0.435135134375 0.4395161296875 0.41891891875000004 0.4395161296875
9 0.547297296875 0.47311827968750003 0.5418918921875 0.456989246875 0.5324324328125 0.4448924734375 0.5135135140625 0.4422043015625 0.49054054062499997 0.456989246875 0.4770270265625 0.508064515625 0.46081081093750004 0.5295698921875001 0.46081081093750004 0.543010753125 0.4729729734375 0.5524193546875 0.502702703125 0.5604838703125 0.5391891890625 0.559139784375 0.5581081078125 0.55107526875 0.5581081078125 0.5295698921875001 0.55 0.5107526874999999 0.547297296875 0.47311827968750003
9 0.5891891890625 0.4529569890625 0.566216215625 0.4650537640625 0.583783784375 0.47177419374999996 0.625675675 0.4704301078125 0.63108108125 0.4677419359375 0.624324325 0.46102150468750003 0.6054054046874999 0.4529569890625 0.5891891890625 0.4529569890625
9 0.5081081078125 0.5981182796875 0.49729729687499996 0.5927419359375 0.44864864843749996 0.6034946234375 0.433783784375 0.6129032265625 0.44864864843749996 0.6142473125000001 0.45675675625 0.627688171875 0.475675675 0.6357526874999999 0.5121621625 0.639784946875 0.5324324328125 0.6384408609375 0.56891891875 0.6182795703124999 0.5297297296875 0.5954301078124999 0.5081081078125 0.5981182796875
1 0.3445945953125 0.3763440859375 0.364864865625 0.35618279531249997 0.4 0.331989246875 0.4324324328125 0.31854838750000003 0.46486486562499996 0.31317204374999996 0.502702703125 0.31854838750000003 0.5702702703125 0.3427419359375 0.6216216218749999 0.3508064515625 0.64324324375 0.3588709671875 0.6608108109375 0.3736559140625 0.66891891875 0.389784946875 0.6824324328125 0.45967741875 0.6891891890624999 0.46102150468750003 0.697297296875 0.4556451609375 0.7175675671875 0.395161290625 0.714864865625 0.30107526875 0.7040540546875 0.25537634374999996 0.6797297296875 0.20967741874999998 0.64324324375 0.170698925 0.597297296875 0.1438172046875 0.5513513515625 0.133064515625 0.516216215625 0.13037634375 0.475675675 0.133064515625 0.42972972968749995 0.1465053765625 0.3486486484375 0.19220430156249999 0.3270270265625 0.20833333281250002 0.2959459453125 0.24193548437499998 0.2770270265625 0.27688172031249997 0.26891891874999996 0.309139784375 0.2635135140625 0.41397849531249997 0.2675675671875 0.42069892500000006 0.2864864859375 0.42876344062499994 0.2959459453125 0.440860215625 0.3054054046875 0.4771505375 0.314864865625 0.4274193546875 0.328378378125 0.39784946250000003 0.3445945953125 0.3763440859375
4 0.42972972968749995 0.3911290328125 0.4 0.3911290328125 0.383783784375 0.3965053765625 0.36891891875 0.411290321875 0.440540540625 0.412634409375 0.48648648593750005 0.42607526875 0.49324324375 0.4166666671875 0.483783784375 0.4072580640625 0.42972972968749995 0.3911290328125
3 0.435135134375 0.4395161296875 0.41891891875000004 0.4395161296875 0.390540540625 0.451612903125 0.416216215625 0.46102150468750003 0.45405405468750004 0.46102150468750003 0.46081081093750004 0.456989246875 0.44864864843749996 0.4448924734375 0.435135134375 0.4395161296875
10 0.49729729687499996 0.5927419359375 0.44864864843749996 0.6034946234375 0.433783784375 0.6129032265625 0.4891891890625 0.6115591390625 0.5621621625000001 0.616935484375 0.5297297296875 0.5954301078124999 0.5081081078125 0.5981182796875 0.49729729687499996 0.5927419359375
5 0.4891891890625 0.6115591390625 0.45 0.6129032265625 0.45540540468749996 0.6263440859375 0.46216216250000003 0.63037634375 0.5108108109375 0.6411290328125 0.5324324328125 0.6384408609375 0.56891891875 0.6182795703124999 0.4891891890625 0.6115591390625
6 0.55 0.5107526874999999 0.547297296875 0.47311827968750003 0.5418918921875 0.456989246875 0.5324324328125 0.4448924734375 0.5135135140625 0.4422043015625 0.49054054062499997 0.456989246875 0.4770270265625 0.508064515625 0.46081081093750004 0.5295698921875001 0.46081081093750004 0.543010753125 0.4729729734375 0.5524193546875 0.502702703125 0.5604838703125 0.5378378374999999 0.5604838703125 0.5581081078125 0.55107526875 0.5581081078125 0.5295698921875001 0.55 0.5107526874999999
8 0.575675675 0.412634409375 0.5445945953125 0.4274193546875 0.5540540546875 0.43682795625 0.5648648656249999 0.43145161249999997 0.6027027031250001 0.42876344062499994 0.6513513515625 0.434139784375 0.6621621625 0.4395161296875 0.640540540625 0.418010753125 0.616216215625 0.4099462359375 0.575675675 0.412634409375
7 0.5891891890625 0.4529569890625 0.566216215625 0.4650537640625 0.583783784375 0.47177419374999996 0.624324325 0.47177419374999996 0.63108108125 0.4677419359375 0.6054054046874999 0.4529569890625 0.5891891890625 0.4529569890625