0 0 0 0 0.9985875703125 0.9971910109375001 0.9985875703125 0.9971910109375001 0 0 0
0 0.672752809375 0.686440678125 0.7064606734375001 0.6327683609375 0.7191011234375 0.620056496875 0.730337078125 0.620056496875 0.7457865171875 0.6073446328125 0.7626404499999999 0.5621468921874999 0.7710674156249999 0.5112994343749999 0.7710674156249999 0.46045197812499994 0.7654494374999999 0.44632768437500003 0.758426965625 0.4392655375 0.7429775281250001 0.4350282484375 0.7429775281250001 0.4237288140625 0.7345505625000001 0.40395480156249997 0.7106741578125 0.3742937859375 0.6966292140625 0.3686440671875 0.6825842703125 0.3742937859375 0.6460674156249999 0.3742937859375 0.45224719062499996 0.3601694921875 0.3651685390625 0.365819209375 0.30898876406250003 0.3742937859375 0.269662921875 0.3855932203125 0.257022471875 0.40960452031249994 0.2542134828125 0.46892655312500003 0.242977528125 0.48587570625 0.242977528125 0.5197740109375 0.2598314609375 0.553672315625 0.27668539375 0.6214689265625 0.30477528125000003 0.644067796875 0.31882022499999996 0.6807909609375 0.3384831453125 0.7090395484375 0.39606741562500003 0.7556497171875 0.45786516875 0.7867231640625 0.5238764046875 0.7881355937500001 0.5449438203125 0.7838983046875 0.5814606734375001 0.766949153125 0.6207865171875 0.7387005656250001 0.672752809375 0.686440678125
9 0.672752809375 0.686440678125 0.7064606734375001 0.6327683609375 0.7191011234375 0.620056496875 0.730337078125 0.620056496875 0.7457865171875 0.6073446328125 0.7626404499999999 0.5621468921874999 0.7682584265625 0.5338983046875 0.7682584265625 0.4519774015625 0.758426965625 0.4392655375 0.744382021875 0.436440678125 0.7261235953125 0.4661016953125 0.716292134375 0.47033898281250003 0.7064606734375001 0.45762711874999995 0.7064606734375001 0.44067796562500006 0.69522471875 0.40677966093749995 0.6839887640625 0.384180790625 0.674157303125 0.3742937859375 0.4550561796875 0.3601694921875 0.3286516859375 0.3714689265625 0.313202246875 0.384180790625 0.29353932656250004 0.426553671875 0.2963483140625 0.43785310781250003 0.2907303375 0.45480225937499996 0.2879213484375 0.497175140625 0.2780898875 0.5014124296875 0.255617978125 0.47033898281250003 0.2457865171875 0.4774011296875 0.242977528125 0.48587570625 0.242977528125 0.5197740109375 0.26264045 0.5621468921874999 0.2738764046875 0.615819209375 0.2893258421875 0.634180790625 0.30477528125000003 0.644067796875 0.31882022499999996 0.6807909609375 0.3384831453125 0.7090395484375 0.39606741562500003 0.7556497171875 0.45786516875 0.7867231640625 0.522471909375 0.7895480218750001 0.5814606734375001 0.766949153125 0.6207865171875 0.7387005656250001 0.672752809375 0.686440678125
9 0.5449438203125 0.3884180796875 0.5238764046875 0.40112994375 0.5238764046875 0.40677966093749995 0.5365168546875 0.4138418078125 0.547752809375 0.40819209062499995 0.5926966296875 0.40819209062499995 0.6615168546875 0.41807909531250004 0.6460674156249999 0.3968926546875 0.6039325843750001 0.3827683609375 0.5730337078125001 0.3827683609375 0.5449438203125 0.3884180796875
9 0.4269662921875 0.39406779687500004 0.382022471875 0.39406779687500004 0.3511235953125 0.40819209062499995 0.32724719062499996 0.43785310781250003 0.33286516875 0.43785310781250003 0.3932584265625 0.4166666671875 0.44101123593749997 0.41949152500000003 0.4480337078125 0.40677966093749995 0.4269662921875 0.39406779687500004
9 0.535112359375 0.51412429375 0.5210674156249999 0.45480225937499996 0.51404494375 0.4477401125 0.4971910109375 0.44209039531250005 0.4719101125 0.44491525468750004 0.4564606734375 0.45762711874999995 0.44522471875 0.5084745765625 0.43117977500000004 0.5338983046875 0.43117977500000004 0.5508474578125 0.4353932578125 0.5550847453125 0.4634831453125 0.563559321875 0.48735955000000003 0.5649717515625 0.5393258421875 0.5550847453125 0.5519662921874999 0.54237288125 0.549157303125 0.5282485875 0.535112359375 0.51412429375
9 0.5463483140625 0.45762711874999995 0.5533707859375 0.46186440624999997 0.5997191015625 0.4632768359375 0.625 0.46045197812499994 0.5955056187500001 0.44209039531250005 0.5730337078125001 0.44209039531250005 0.5463483140625 0.45762711874999995
9 0.3932584265625 0.45621468906249996 0.366573034375 0.4717514125 0.383426965625 0.4717514125 0.42977528125 0.467514125 0.436797753125 0.4632768359375 0.42134831406249995 0.45621468906249996 0.3932584265625 0.45621468906249996
9 0.5280898875 0.5974576265625 0.508426965625 0.5974576265625 0.494382021875 0.6031073453125 0.4634831453125 0.6002824859375 0.44101123593749997 0.605932203125 0.4185393265625 0.6144067796875 0.4058988765625 0.62711864375 0.44101123593749997 0.6624293781249999 0.466292134375 0.6737288140625 0.50140449375 0.6751412421875 0.5252808984375 0.6737288140625 0.5449438203125 0.6652542375 0.591292134375 0.6242937859375 0.5280898875 0.5974576265625
1 0.7373595500000001 0.40960452031249994 0.7106741578125 0.3742937859375 0.6966292140625 0.3686440671875 0.6769662921874999 0.3742937859375 0.7036516859375 0.42937853125 0.7064606734375001 0.45762711874999995 0.7191011234375 0.47033898281250003 0.7429775281250001 0.44067796562500006 0.7429775281250001 0.4237288140625 0.7373595500000001 0.40960452031249994
1 0.2963483140625 0.43785310781250003 0.29353932656250004 0.426553671875 0.32022471874999997 0.3742937859375 0.269662921875 0.3855932203125 0.257022471875 0.40960452031249994 0.2542134828125 0.46892655312500003 0.2738764046875 0.497175140625 0.283707865625 0.5014124296875 0.2879213484375 0.497175140625 0.2907303375 0.45480225937499996 0.2963483140625 0.43785310781250003
4 0.4480337078125 0.40677966093749995 0.4269662921875 0.39406779687500004 0.382022471875 0.39406779687500004 0.3511235953125 0.40819209062499995 0.32724719062499996 0.43785310781250003 0.33146067343749996 0.4392655375 0.3932584265625 0.4166666671875 0.44101123593749997 0.41949152500000003 0.4480337078125 0.40677966093749995
3 0.42134831406249995 0.45621468906249996 0.3932584265625 0.45621468906249996 0.366573034375 0.4717514125 0.382022471875 0.4731638421875 0.42977528125 0.467514125 0.436797753125 0.4632768359375 0.42134831406249995 0.45621468906249996
5 0.561797753125 0.6539548015625 0.5856741578125 0.62711864375 0.5168539328125 0.6454802265625 0.4634831453125 0.6454802265625 0.408707865625 0.629943503125 0.44101123593749997 0.6624293781249999 0.466292134375 0.6737288140625 0.5 0.676553671875 0.5252808984375 0.6737288140625 0.5449438203125 0.6652542375 0.561797753125 0.6539548015625
10 0.547752809375 0.6087570625 0.5280898875 0.5974576265625 0.508426965625 0.5974576265625 0.494382021875 0.6031073453125 0.4634831453125 0.6002824859375 0.44101123593749997 0.605932203125 0.4185393265625 0.6144067796875 0.408707865625 0.6242937859375 0.41292134843749995 0.6285310734375 0.45224719062499996 0.620056496875 0.5856741578125 0.6214689265625 0.547752809375 0.6087570625
2 0.561797753125 0.620056496875 0.45224719062499996 0.620056496875 0.4143258421875 0.62711864375 0.42134831406249995 0.634180790625 0.4466292140625 0.6426553671875 0.5168539328125 0.6454802265625 0.5730337078125001 0.6313559328125 0.5856741578125 0.6242937859375 0.561797753125 0.620056496875
6 0.549157303125 0.5282485875 0.535112359375 0.51412429375 0.5210674156249999 0.45480225937499996 0.51404494375 0.4477401125 0.4971910109375 0.44209039531250005 0.4719101125 0.44491525468750004 0.4564606734375 0.45762711874999995 0.44241572968750004 0.516949153125 0.43117977500000004 0.5338983046875 0.43117977500000004 0.5508474578125 0.4353932578125 0.5550847453125 0.48595505625 0.56638418125 0.5393258421875 0.5550847453125 0.5519662921874999 0.54237288125 0.549157303125 0.5282485875
8 0.5730337078125001 0.3827683609375 0.5449438203125 0.3884180796875 0.5238764046875 0.40112994375 0.5252808984375 0.40819209062499995 0.5365168546875 0.4138418078125 0.547752809375 0.40819209062499995 0.5926966296875 0.40819209062499995 0.6460674156249999 0.4138418078125 0.660112359375 0.41949152500000003 0.6460674156249999 0.3968926546875 0.6039325843750001 0.3827683609375 0.5730337078125001 0.3827683609375
7 0.5730337078125001 0.44209039531250005 0.5463483140625 0.45762711874999995 0.5533707859375 0.46186440624999997 0.59831460625 0.464689265625 0.625 0.46045197812499994 0.5955056187500001 0.44209039531250005 0.5730337078125001 0.44209039531250005