0 0.447447884375 0 0 0.095107984375 0 0.552552115625 0.095107984375 1 0.552552115625 1 1 0.904892015625 1 0.447447884375 0.904892015625 0 0.447447884375 0
0 0.4474478796875 0 0.24496777500000003 0.043038475 0.20088371718750003 0.12251218593749999 0.183185621875 0.16716765625000002 0.1787201296875 0.1973265578125 0.203300821875 0.300177775 0.2438589625 0.41423774687500003 0.26696481250000004 0.45898299218750005 0.2752812796875 0.4981088953125 0.28820662656249996 0.533334178125 0.3198542671875 0.6054735390625 0.368073390625 0.6916163609375 0.420163971875 0.744805575 0.46649857343749995 0.7773109625 0.48448344531250004 0.7851720531249999 0.532272403125 0.792540034375 0.5853052437499999 0.7798070703125 0.6333604921875 0.75644823125 0.684058165625 0.7135414046874999 0.7171396765625 0.67729998125 0.7462473109375 0.628758853125 0.75956185 0.576272215625 0.7590497515625 0.5354874421875 0.7515526390625 0.487424459375 0.7540107078125 0.4606132234375 0.7610366890625 0.4488963984375 0.7826676953125 0.4355356671875 0.7991367578124999 0.4042858140625 0.794097715625 0.32941159531249997 0.7958183625 0.2735473703125 0.7860885046874999 0.2405638390625 0.77531396875 0.228249171875 0.7535395734375 0.215351621875 0.7533961859375 0.1890933421875 0.739958740625 0.11308328593750001 0.718491603125 0.050463884375000004 0.69337833125 0.0090663046875 0.680454821875 0 0.4474478796875 0
1 0.44744788281250003 0 0.24496777500000003 0.043038475 0.20088371718750003 0.12251218593749999 0.18035884062500002 0.1794524 0.1787201296875 0.1973265578125 0.1894127296875 0.247631290625 0.19598806562499999 0.25937804062500003 0.2110027703125 0.2532655921875 0.238656046875 0.22986186874999998 0.274482403125 0.21932576718750002 0.3210832953125 0.2211043359375 0.39845101875 0.2397109953125 0.42446558124999995 0.2341814296875 0.44550255468750005 0.21802598906249998 0.5041479859375 0.1997185734375 0.54822935625 0.1640600296875 0.56584551875 0.157394625 0.582826678125 0.16692954843750002 0.5909997578125 0.179797171875 0.594707346875 0.222823696875 0.6148430281249999 0.2535954015625 0.6783431453125 0.3028989578125 0.690531071875 0.309071253125 0.7087412671875 0.3052005578125 0.7222401625 0.25997716875 0.7549529625 0.2092092515625 0.739958740625 0.11308328593750001 0.718491603125 0.050463884375000004 0.70036334375 0.016344514062500003 0.6787410546875 0 0.44744788281250003 0
9 0.7515526390625 0.487424459375 0.7540107078125 0.4606132234375 0.7610366890625 0.4488963984375 0.7826676953125 0.4355356671875 0.7991367578124999 0.4042858140625 0.7937290031249999 0.3148851015625 0.7958183625 0.2735473703125 0.7860885046874999 0.2405638390625 0.760934265625 0.21816129218750002 0.7525358625 0.21702545468749998 0.7222401625 0.25997716875 0.7087412671875 0.3052005578125 0.690531071875 0.309071253125 0.6148430281249999 0.2535954015625 0.594707346875 0.222823696875 0.5909997578125 0.179797171875 0.582826678125 0.16692954843750002 0.56584551875 0.157394625 0.54822935625 0.1640600296875 0.5041479859375 0.1997185734375 0.44550255468750005 0.21802598906249998 0.42446558124999995 0.2341814296875 0.39845101875 0.2397109953125 0.3210832953125 0.2211043359375 0.274482403125 0.21932576718750002 0.238656046875 0.22986186874999998 0.2110027703125 0.2532655921875 0.19598806562499999 0.25937804062500003 0.203300821875 0.300177775 0.23212168281249998 0.38460187968750004 0.26696481250000004 0.45898299218750005 0.2752812796875 0.4981088953125 0.2999439078125 0.5629700468750001 0.3385765609375 0.6423876171875 0.368073390625 0.6916163609375 0.420163971875 0.744805575 0.46649857343749995 0.7773109625 0.48448344531250004 0.7851720531249999 0.532272403125 0.792540034375 0.5843015312500001 0.7814809015625 0.6333604921875 0.75644823125 0.684058165625 0.7135414046874999 0.7171396765625 0.67729998125 0.7462473109375 0.628758853125 0.75956185 0.576272215625 0.7590497515625 0.5354874421875 0.7515526390625 0.487424459375
9 0.45179111718750004 0.362737971875 0.4499680515625 0.3733488828125 0.46055823125 0.37840030156250004 0.4641634 0.3761735140625 0.469775990625 0.3705990625 0.5003994328125 0.3611688734375 0.553616628125 0.35569915625 0.5910407296875 0.34628393125 0.573465534375 0.3339543015625 0.5450748375 0.3283050390625 0.49304571093750005 0.339364171875 0.45179111718750004 0.362737971875
9 0.306478271875 0.4082300359375 0.3761235609375 0.3905055 0.3887211640625 0.39220925625 0.3921419765625 0.3827192203125 0.3841532515625 0.37711484375 0.351153675 0.3753662015625 0.31213182968750003 0.38366055 0.29250824531249997 0.3936736171875 0.28288080937500004 0.40594339843749994 0.2974858359375 0.404299490625 0.306478271875 0.4082300359375
9 0.3946614984375 0.42015632968750005 0.3802817953125 0.4100684515625 0.3576880421875 0.40610798125 0.338064459375 0.41612105 0.3218207203125 0.435639115625 0.3492077046875 0.4429622109375 0.373624525 0.4363117703125 0.3946614984375 0.42015632968750005
9 0.5575495390625 0.3869938953125 0.570372465625 0.3769658640625 0.5423914453124999 0.3668480609375 0.51117396875 0.373483540625 0.49032135 0.396902228125 0.5165202703125 0.3986359078125 0.5409370890625 0.39198546562500003 0.5575495390625 0.3869938953125
9 0.4401152921875 0.39735045 0.42450655312499996 0.4006681890625 0.4056613578125 0.4207392109375 0.4144899234375 0.5006498890625 0.4142646 0.512381675 0.4068289421875 0.5285670390625 0.41336330937500004 0.5593088203125001 0.4419383625 0.57222133125 0.47334019375 0.5728490984375 0.49917040312500005 0.560056284375 0.5176059203125 0.5444538031249999 0.5274586796875 0.5204522359375 0.51490204375 0.4997534453125 0.497736528125 0.48295527656250004 0.46490082031249996 0.4052265015625 0.456912096875 0.39962212343750003 0.4401152921875 0.39735045
9 0.52475480625 0.661233671875 0.5519984046874999 0.6422984875 0.5722569890625 0.61608509375 0.5474714609375 0.6082090421874999 0.50607348125 0.6053245609375 0.464450178125 0.6141718671875 0.42917688906249996 0.6464977078125 0.476330846875 0.670066015625 0.52475480625 0.661233671875
4 0.306478271875 0.4082300359375 0.3761235609375 0.3905055 0.387717453125 0.3938830875 0.3921419765625 0.3827192203125 0.3841532515625 0.37711484375 0.351153675 0.3753662015625 0.29971858125 0.38922004062500004 0.28288080937500004 0.40594339843749994 0.2974858359375 0.404299490625 0.306478271875 0.4082300359375
3 0.3726208125 0.4379856015625 0.3946614984375 0.42015632968750005 0.3802817953125 0.4100684515625 0.3576880421875 0.40610798125 0.338064459375 0.41612105 0.3218207203125 0.435639115625 0.3492077046875 0.4429622109375 0.3726208125 0.4379856015625
5 0.5519984046874999 0.6422984875 0.5722569890625 0.61608509375 0.47299196875 0.641565984375 0.42917688906249996 0.6464977078125 0.476330846875 0.670066015625 0.52375109375 0.662907503125 0.5519984046874999 0.6422984875
6 0.4401152921875 0.39735045 0.42450655312499996 0.4006681890625 0.4056613578125 0.4207392109375 0.4144899234375 0.5006498890625 0.4142646 0.512381675 0.4068289421875 0.5285670390625 0.41336330937500004 0.5593088203125001 0.4419383625 0.57222133125 0.47233648281249996 0.57452293125 0.5176059203125 0.5444538031249999 0.5274586796875 0.5204522359375 0.51490204375 0.4997534453125 0.497736528125 0.48295527656250004 0.46490082031249996 0.4052265015625 0.456912096875 0.39962212343750003 0.4401152921875 0.39735045
10 0.50607348125 0.6053245609375 0.464450178125 0.6141718671875 0.43378576718749995 0.6425970875 0.5654563328125 0.61607013125 0.5474714609375 0.6082090421874999 0.50607348125 0.6053245609375
2 0.5566482515625 0.6194028328125001 0.44218417031249996 0.643732925 0.5198181843749999 0.6316127640625 0.5566482515625 0.6194028328125001
8 0.49304571093750005 0.339364171875 0.45179111718750004 0.362737971875 0.4499680515625 0.3733488828125 0.4631596875 0.3778473453125 0.469775990625 0.3705990625 0.5003994328125 0.3611688734375 0.553616628125 0.35569915625 0.5910407296875 0.34628393125 0.573465534375 0.3339543015625 0.5450748375 0.3283050390625 0.49304571093750005 0.339364171875
7 0.570372465625 0.3769658640625 0.5423914453124999 0.3668480609375 0.51117396875 0.373483540625 0.49032135 0.396902228125 0.5165202703125 0.3986359078125 0.539933378125 0.39365929843749997 0.570372465625 0.3769658640625