0 0.451855478125 0 0 0.0878318078125 0 0.5481445218750001 0.0878318078125 1 0.5481445218750001 1 1 0.9121681921875 1 0.451855478125 0.9121681921875 0 0.451855478125 0
0 0.73551055 0.5569146015625 0.739089940625 0.4904951796875 0.7370772765625 0.45186298125 0.7243823234375 0.3865531078125 0.72228046875 0.3191841453125 0.7145865578125 0.279602403125 0.7025234484375 0.2552469984375 0.6787131546875 0.2270134234375 0.6397036234375 0.20070734687499997 0.5919454875 0.18123648750000002 0.5543269859375 0.176225596875 0.49744576093750004 0.1852283234375 0.45837766249999995 0.2010378484375 0.4194675265625 0.2270859921875 0.3801039203125 0.2696531953125 0.33736724375 0.323145378125 0.29939466875 0.38700776718749996 0.26512129375 0.4840398671875 0.263444965625 0.5131198125 0.25377921875 0.52937569375 0.26107822812500003 0.543360890625 0.277352571875 0.5422513437500001 0.2866438296875 0.54763383125 0.2941797796875 0.5769769546875 0.3037079796875 0.5977173687499999 0.34641671406249996 0.6571931531249999 0.3784431625 0.6899912640625 0.42075699218749996 0.7238705078125001 0.4475556625 0.7392000171875 0.473584940625 0.7505713515625 0.48886315937499997 0.7537631593749999 0.51081875 0.753603153125 0.571536721875 0.74077384375 0.6191266875 0.7263886312500001 0.6631066390625 0.7075704734375 0.6837501796875001 0.6912345890625 0.6955661390625 0.6766146140625 0.710064759375 0.6522307921875 0.7231723515625 0.6065517828125 0.729691759375 0.592961353125 0.73551055 0.5569146015625
9 0.729691759375 0.592961353125 0.73551055 0.5569146015625 0.739089940625 0.4904951796875 0.7370772765625 0.45186298125 0.7243823234375 0.3865531078125 0.72228046875 0.3191841453125 0.7145865578125 0.279602403125 0.7025234484375 0.2552469984375 0.6787131546875 0.2270134234375 0.6397036234375 0.20070734687499997 0.5919454875 0.18123648750000002 0.5543269859375 0.176225596875 0.49744576093750004 0.1852283234375 0.45837766249999995 0.2010378484375 0.4194675265625 0.2270859921875 0.3801039203125 0.2696531953125 0.33736724375 0.323145378125 0.29939466875 0.38700776718749996 0.26512129375 0.4840398671875 0.263444965625 0.5131198125 0.25377921875 0.52937569375 0.26107822812500003 0.543360890625 0.277352571875 0.5422513437500001 0.2866438296875 0.54763383125 0.2941797796875 0.5769769546875 0.3037079796875 0.5977173687499999 0.34641671406249996 0.6571931531249999 0.3784431625 0.6899912640625 0.42075699218749996 0.7238705078125001 0.4475556625 0.7392000171875 0.473584940625 0.7505713515625 0.48886315937499997 0.7537631593749999 0.51081875 0.753603153125 0.5708463109374999 0.741934978125 0.643074528125 0.7176259125 0.6631066390625 0.7075704734375 0.6837501796875001 0.6912345890625 0.6955661390625 0.6766146140625 0.710064759375 0.6522307921875 0.7231723515625 0.6065517828125 0.729691759375 0.592961353125
9 0.38334965468750004 0.319341965625 0.38480945625 0.322139003125 0.43385922343749994 0.31055083125 0.4614960578125 0.3113403671875 0.494587403125 0.321338975 0.5149354374999999 0.33176076875 0.5209223984375 0.3295700890625 0.5258342515625001 0.32656145625 0.5246801640625 0.320624196875 0.51638503125 0.3109403515625 0.483905115625 0.29466130156250003 0.451198465625 0.2866417796875 0.40844137343750003 0.29289905156249996 0.390559475 0.30459040000000004 0.38334965468750004 0.319341965625
9 0.4987604890625 0.385224534375 0.48900555468749995 0.3727436515625 0.47072875156249994 0.35883845625 0.46289729375000005 0.356253009375 0.43602985 0.359421646875 0.423750215625 0.3669432265625 0.43949211093749996 0.3772334296875 0.4686677265625 0.385939315625 0.4987604890625 0.385224534375
9 0.62932973125 0.354709784375 0.667717625 0.36367885 0.6923660828125 0.377372453125 0.7178629125 0.4001435390625 0.703876328125 0.3658926984375 0.67446376875 0.3418288890625 0.6290138078124999 0.3342325515625 0.61135864375 0.33766436718750004 0.602610040625 0.344499584375 0.6037641265625 0.3504368453125 0.61128986875 0.3561625140625 0.62932973125 0.354709784375
9 0.5116821765624999 0.442274878125 0.5011680578125 0.449453278125 0.49357354375 0.4622257546875 0.49665110781250005 0.4780584515625 0.54686516875 0.49602499375000003 0.5862491875 0.500692703125 0.5957671828125 0.49781566093749996 0.5995249484375 0.48886976718749997 0.5900655218749999 0.44963120781250004 0.585517946875 0.4073840171875 0.579678740625 0.39619585625 0.5574862109375001 0.3809979375 0.533153675 0.3877815671875 0.52478976875 0.3965958703125 0.5116821765624999 0.442274878125
9 0.6728868375 0.423263053125 0.6652821125 0.412418075 0.6513057359375 0.401784690625 0.6395585500000001 0.39790651875 0.616606834375 0.40236788125 0.602946378125 0.41221172968750003 0.6339664921875 0.425693740625 0.65277574375 0.4281991859375 0.6728868375 0.423263053125
9 0.5261528546875 0.530859025 0.5155597546874999 0.532918115625 0.48570393437500003 0.5489908203125 0.4619930375 0.5731114640625 0.46590876562499994 0.5744041859375 0.4821933171875 0.59691209375 0.5313322734375 0.6140606843749999 0.566721584375 0.6123163593750001 0.5806877546875 0.599332290625 0.5777681515624999 0.5937382109375 0.5774522281250001 0.5732609765625 0.575913446875 0.5653446296875 0.5570939874999999 0.539221728125 0.5492625296875 0.5366362812500001 0.540434946875 0.5383521890625 0.5261528546875 0.530859025
4 0.40844137343750003 0.29289905156249996 0.390559475 0.30459040000000004 0.38334965468750004 0.319341965625 0.38480945625 0.322139003125 0.43385922343749994 0.31055083125 0.4614960578125 0.3113403671875 0.494587403125 0.321338975 0.5149354374999999 0.33176076875 0.5202319875 0.3307312234375 0.5258342515625001 0.32656145625 0.5246801640625 0.320624196875 0.51638503125 0.3109403515625 0.483905115625 0.29466130156250003 0.45864522812499997 0.287248140625 0.4419861890625 0.28637860000000004 0.40844137343750003 0.29289905156249996
2 0.49615948750000005 0.583928025 0.53101635 0.5935834515625 0.563338303125 0.5996238859374999 0.57784713125 0.59885751875 0.5726983359375 0.586508225 0.5629434 0.5740273421875 0.5489670234374999 0.5633939578125 0.535069625 0.55787988125 0.5091983078125 0.5567471640625 0.46690489062499996 0.57010283125 0.49615948750000005 0.583928025
3 0.4686677265625 0.385939315625 0.49807007968750006 0.38638567031250004 0.48900555468749995 0.3727436515625 0.47072875156249994 0.35883845625 0.46289729375000005 0.356253009375 0.43602985 0.359421646875 0.423750215625 0.3669432265625 0.43949211093749996 0.3772334296875 0.4686677265625 0.385939315625
5 0.4821933171875 0.59691209375 0.5313322734375 0.6140606843749999 0.5660311734375 0.6134774953125001 0.5806877546875 0.599332290625 0.5756969187500001 0.5972216140625 0.563338303125 0.5996238859374999 0.53101635 0.5935834515625 0.49615948750000005 0.583928025 0.46337385781249996 0.57078919375 0.4821933171875 0.59691209375
10 0.5035858359375001 0.537299475 0.48570393437500003 0.5489908203125 0.4647546796875 0.568466925 0.4662144796875 0.571263965625 0.47603818750000004 0.5652467015625 0.5091983078125 0.5567471640625 0.535069625 0.55787988125 0.5489670234374999 0.5633939578125 0.5629434 0.5740273421875 0.577077740625 0.5948993453125 0.579148971875 0.5914159421875 0.575913446875 0.5653446296875 0.5581690921875 0.5400396828125 0.5492625296875 0.5366362812500001 0.540434946875 0.5383521890625 0.5261528546875 0.530859025 0.5035858359375001 0.537299475
6 0.533153675 0.3877815671875 0.52478976875 0.3965958703125 0.5116821765624999 0.442274878125 0.5011680578125 0.449453278125 0.49357354375 0.4622257546875 0.49665110781250005 0.4780584515625 0.54686516875 0.49602499375000003 0.5862491875 0.500692703125 0.5950767703125 0.4989767953125 0.59891351875 0.49515020937500004 0.5995249484375 0.48886976718749997 0.5900655218749999 0.44963120781250004 0.585517946875 0.4073840171875 0.579678740625 0.39619585625 0.5574862109375001 0.3809979375 0.533153675 0.3877815671875
7 0.65277574375 0.4281991859375 0.6721964265625 0.4244241875 0.6652821125 0.412418075 0.6513057359375 0.401784690625 0.6395585500000001 0.39790651875 0.616606834375 0.40236788125 0.602946378125 0.41221172968750003 0.6339664921875 0.425693740625 0.65277574375 0.4281991859375
8 0.61128986875 0.3561625140625 0.62932973125 0.354709784375 0.667717625 0.36367885 0.6977416140625 0.381462215625 0.717172503125 0.4013046734375 0.703876328125 0.3658926984375 0.67446376875 0.3418288890625 0.6290138078124999 0.3342325515625 0.61135864375 0.33766436718750004 0.602610040625 0.344499584375 0.6037641265625 0.3504368453125 0.61128986875 0.3561625140625