0 0.43860771875 0 0 0.10935718593749999 0 0.5613922812500001 0.10935718593749999 1 0.5613922812500001 1 1 0.8906428140625 1 0.43860771875 0.8906428140625 0 0.43860771875 0
0 0.7373984421875 0.517515896875 0.7375267390625 0.45454567187499995 0.733722146875 0.41812468437500006 0.7184866078125001 0.357018275 0.7131858359375001 0.2934348484375 0.7039521765625001 0.25640066093749997 0.6913271171875001 0.2339797828125 0.6673822421875 0.20848079218749999 0.6291322687500001 0.185565053125 0.5829296328125 0.16954918593749999 0.547043640625 0.16669565 0.49359652499999995 0.17805469062499998 0.45735997812500007 0.1949567578125 0.42177604999999996 0.22153020625000003 0.3865739984375 0.2637430015625 0.3487129765625 0.31645285312500004 0.315874903125 0.37872785000000003 0.2881709078125 0.47217530781250006 0.28801129062499997 0.499750584375 0.2796525078125 0.5156024015625 0.28725461874999997 0.5284581312500001 0.302618453125 0.5265943171874999 0.3116854203125 0.5312175390625 0.3202664609375 0.55858034375 0.3303123578125 0.5777106390625 0.3736964078125 0.6317988375 0.4056495125 0.6612016109375001 0.4474020109375 0.6911113531249999 0.473544171875 0.7042615796875 0.49876296875000004 0.7137083859375 0.5133943750000001 0.7159608265624999 0.534187278125 0.7147102125 0.5910813562499999 0.699541515625 0.6354615046875 0.683559253125 0.676203753125 0.6635669703125 0.6949589875 0.6470898468749999 0.705435246875 0.6326769 0.717973421875 0.608899175 0.728147615625 0.5650592453125001 0.7336564890624999 0.551884809375 0.7373984421875 0.517515896875
9 0.7336564890624999 0.551884809375 0.7373984421875 0.517515896875 0.7375267390625 0.45454567187499995 0.733722146875 0.41812468437500006 0.7184866078125001 0.357018275 0.7131858359375001 0.2934348484375 0.7039521765625001 0.25640066093749997 0.6913271171875001 0.2339797828125 0.6673822421875 0.20848079218749999 0.6291322687500001 0.185565053125 0.5829296328125 0.16954918593749999 0.547043640625 0.16669565 0.49359652499999995 0.17805469062499998 0.45735997812500007 0.1949567578125 0.42177604999999996 0.22153020625000003 0.3865739984375 0.2637430015625 0.3487129765625 0.31645285312500004 0.315874903125 0.37872785000000003 0.2881709078125 0.47217530781250006 0.28801129062499997 0.499750584375 0.2796525078125 0.5156024015625 0.28725461874999997 0.5284581312500001 0.302618453125 0.5265943171874999 0.3116854203125 0.5312175390625 0.3202664609375 0.55858034375 0.3303123578125 0.5777106390625 0.3736964078125 0.6317988375 0.4056495125 0.6612016109375001 0.4474020109375 0.6911113531249999 0.473544171875 0.7042615796875 0.49876296875000004 0.7137083859375 0.5133943750000001 0.7159608265624999 0.534187278125 0.7147102125 0.5904843 0.7006737890625 0.657719265625 0.6740761296875 0.676203753125 0.6635669703125 0.6949589875 0.6470898468749999 0.705435246875 0.6326769 0.717973421875 0.608899175 0.728147615625 0.5650592453125001 0.7336564890624999 0.551884809375
9 0.39208995 0.3105548078125 0.39361037187500003 0.3131259546875 0.43951094218750003 0.29971483593750003 0.46573291250000004 0.299077425 0.4975748859375 0.3068728875 0.517364615625 0.31570649375 0.52292905625 0.3133357140625 0.5274347578125 0.310245496875 0.5260497078124999 0.30469036875 0.5177151703125 0.295950890625 0.486143940625 0.2821874640625 0.45476365 0.2762437109375 0.4145628921875 0.2843000640625 0.39819588125 0.2962481 0.39208995 0.3105548078125
9 0.5046668265625 0.367059496875 0.494811865625 0.355748875 0.47681330468749994 0.34351845000000003 0.46926675937500006 0.341466375 0.44396815468749995 0.34580720625 0.4327039015625 0.35353275 0.4481233015625 0.36247259062500004 0.4761920046875 0.3692420171875 0.5046668265625 0.367059496875
9 0.6268693265625 0.331673940625 0.6636786875 0.3382308953125 0.687703371875 0.3499422484375 0.71297773125 0.3701927109375 0.6980442578125 0.3385132859375 0.668996625 0.3172367859375 0.6255640875 0.3123311734375 0.6090061390625 0.31645953437499996 0.601053475 0.32335940625 0.602438525 0.328914534375 0.609849696875 0.3339505921875 0.6268693265625 0.331673940625
9 0.519711428125 0.4203462328125 0.5101029703125 0.4276589390625 0.5035353546875 0.44011394062500003 0.50722881875 0.45492761562500006 0.55568430625 0.46939837500000003 0.59322609375 0.471839075 0.6021021234374999 0.46864262187500005 0.605222775 0.4599972765625 0.5943333203125001 0.42337592500000004 0.5879495671875 0.3836643546875 0.5818678796875 0.373379771875 0.5600960453125 0.360123309375 0.537376603125 0.367754721875 0.529885621875 0.376506303125 0.519711428125 0.4203462328125
9 0.671503053125 0.39430125 0.663765571875 0.3844295 0.6500019671875 0.37507682343750004 0.6386821484375 0.3719987109375 0.617156815625 0.3773655796875 0.6046984515625 0.38735566875 0.634749259375 0.39854794843749997 0.6526922546875 0.39997471875 0.671503053125 0.39430125
9 0.5377726296875001 0.5033665546874999 0.5278378609375001 0.5058435703125 0.5003419703125 0.5225331671875 0.479063140625 0.5465233640625 0.48283641250000003 0.5475494015625 0.499370115625 0.568012334375 0.5467668640625 0.5817636562499999 0.58020906875 0.5783426281249999 0.59280280625 0.5653685578125 0.5897619625 0.560226265625 0.5884567234375 0.5408834984374999 0.586609990625 0.5334766609375 0.5674971265625001 0.5097231453125 0.5599505828125 0.5076710703125 0.5516716078125 0.5097352500000001 0.5377726296875001 0.5033665546874999
4 0.4145628921875 0.2843000640625 0.39819588125 0.2962481 0.39208995 0.3105548078125 0.39361037187500003 0.3131259546875 0.43951094218750003 0.29971483593750003 0.46573291250000004 0.299077425 0.4975748859375 0.3068728875 0.517364615625 0.31570649375 0.5223320015625 0.3144679859375 0.5274347578125 0.310245496875 0.5260497078124999 0.30469036875 0.5177151703125 0.295950890625 0.486143940625 0.2821874640625 0.46184851250000003 0.2764440765625 0.4460229921875 0.27645618125000004 0.4145628921875 0.2843000640625
2 0.5119638546874999 0.5550382625 0.5454616234375 0.562420890625 0.5763802328125001 0.566512934375 0.5900882734375 0.56506195625 0.5846036421874999 0.5536451 0.57474868125 0.5423344765625 0.5609850765625 0.5329818000000001 0.54754778125 0.5284648140625 0.52298160625 0.5286893906250001 0.483568840625 0.543433146875 0.5119638546874999 0.5550382625
3 0.4761920046875 0.3692420171875 0.5040697703125 0.36819176875 0.494811865625 0.355748875 0.47681330468749994 0.34351845000000003 0.46926675937500006 0.341466375 0.44396815468749995 0.34580720625 0.4327039015625 0.35353275 0.4481233015625 0.36247259062500004 0.4761920046875 0.3692420171875
5 0.499370115625 0.568012334375 0.5467668640625 0.5817636562499999 0.5796120140625 0.5794749 0.59280280625 0.5653685578125 0.5879707953125 0.5636230828125 0.5763802328125001 0.566512934375 0.5454616234375 0.562420890625 0.5119638546874999 0.5550382625 0.4802572515625 0.54425881875 0.499370115625 0.568012334375
10 0.5167089796875 0.5105851328125001 0.5003419703125 0.5225331671875 0.4814513640625 0.5419942734375 0.4829717859375 0.54456541875 0.4919831875 0.538384984375 0.52298160625 0.5286893906250001 0.54754778125 0.5284648140625 0.5609850765625 0.5329818000000001 0.57474868125 0.5423344765625 0.5891649078125 0.5613585375000001 0.590956075 0.5579617203125 0.586609990625 0.5334766609375 0.5685558656249999 0.5104425828125 0.5599505828125 0.5076710703125 0.5516716078125 0.5097352500000001 0.5377726296875001 0.5033665546874999 0.5167089796875 0.5105851328125001
6 0.537376603125 0.367754721875 0.529885621875 0.376506303125 0.519711428125 0.4203462328125 0.5101029703125 0.4276589390625 0.5035353546875 0.44011394062500003 0.50722881875 0.45492761562500006 0.55568430625 0.46939837500000003 0.59322609375 0.471839075 0.6015050671875 0.4697748953125 0.6049520296875001 0.465965240625 0.605222775 0.4599972765625 0.5943333203125001 0.42337592500000004 0.5879495671875 0.3836643546875 0.5818678796875 0.373379771875 0.5600960453125 0.360123309375 0.537376603125 0.367754721875
7 0.6526922546875 0.39997471875 0.6709059984375 0.39543352187499997 0.663765571875 0.3844295 0.6500019671875 0.37507682343750004 0.6386821484375 0.3719987109375 0.617156815625 0.3773655796875 0.6046984515625 0.38735566875 0.634749259375 0.39854794843749997 0.6526922546875 0.39997471875
8 0.609849696875 0.3339505921875 0.6268693265625 0.331673940625 0.6636786875 0.3382308953125 0.692997065625 0.3535394328125 0.712380675 0.371324984375 0.6980442578125 0.3385132859375 0.668996625 0.3172367859375 0.6255640875 0.3123311734375 0.6090061390625 0.31645953437499996 0.601053475 0.32335940625 0.602438525 0.328914534375 0.609849696875 0.3339505921875