0 0.0337424578125 0 0 0.48253961562500003 0 0.9662575421874999 0.48253961562500003 1 0.9662575421874999 1 1 0.517460384375 1 0.0337424578125 0.517460384375 0 0.0337424578125 0
0 0.3908202578125 0 0.389059621875 0.00037248125 0.3582404484375 0.0131792140625 0.32464915 0.03888369375 0.3116603890625 0.0641586140625 0.2564254125 0.105181665625 0.2217019578125 0.1738222078125 0.21649625156250002 0.2482672875 0.2302403578125 0.372663378125 0.2246961078125 0.3984588703125 0.212488203125 0.41256702812499996 0.2066836671875 0.442084775 0.20806335156250003 0.4758453453125 0.22787228124999998 0.5670014375 0.253316475 0.6043149890625 0.2676849203125 0.6128006390625 0.2862961890625 0.614102065625 0.2949511125 0.6240584140625 0.3208248625 0.6819745046875 0.36063750156249996 0.7277737078125 0.41759070937500004 0.7691608125 0.46719042499999996 0.7819802984375 0.5545332484375 0.7899581312499999 0.6156510234375 0.7717891734375 0.677900953125 0.710684153125 0.71954834375 0.6500086890625 0.7620548484375 0.6305383046874999 0.803884265625 0.5137687484375 0.804847146875 0.44650789218750003 0.8146342234375 0.413528178125 0.823562184375 0.3393433859375 0.8328286890625 0.313808178125 0.8371752812500001 0.198158021875 0.8320733406249999 0.164137165625 0.8224682921875001 0.141022784375 0.7883691765624999 0.093752884375 0.7379103484375 0.039728320312499996 0.7002858953125 0.0127844046875 0.5174603796875 0 0.3908202578125 0
1 0.390593403125 0 0.389059621875 0.00037248125 0.346553115625 0.019842865625 0.32464915 0.03888369375 0.3116603890625 0.0641586140625 0.2564254125 0.105181665625 0.2217019578125 0.1738222078125 0.21649625156250002 0.2482672875 0.2302403578125 0.372663378125 0.2246961078125 0.3984588703125 0.2390645515625 0.40694451875000004 0.2478887453125 0.44122565937499997 0.2693504 0.48200118124999997 0.2874410984375 0.49074711718749997 0.2934149078125 0.4855541625 0.3031237234375 0.40020260781249994 0.33888831875 0.3166730515625 0.3677289765625 0.2251784140625 0.4053938265625 0.16796492031250002 0.44322795 0.13507621875 0.48547416875 0.11932808749999999 0.5495333421875 0.1125861765625 0.6090894046875001 0.11675074218749999 0.6715868656249999 0.1323423546875 0.7186747390625 0.15433733593750001 0.7377155671875 0.1762413 0.7473206171875 0.1993556796875 0.7561448109375 0.233636821875 0.76962863125 0.3617551671875 0.7561848062500001 0.5272653234375 0.7778284875 0.5119467515625 0.8035457203125 0.4651191609375 0.8177576468750001 0.3688611296875 0.8328286890625 0.313808178125 0.8371752812500001 0.198158021875 0.8224682921875001 0.141022784375 0.7883691765624999 0.093752884375 0.7379103484375 0.039728320312499996 0.7002858953125 0.0127844046875 0.5174603875 0 0.390593403125 0
9 0.3747456609375 0.7399816109375 0.41759070937500004 0.7691608125 0.46892140937500004 0.78397156875 0.5545332484375 0.7899581312499999 0.6156510234375 0.7717891734375 0.677900953125 0.710684153125 0.71954834375 0.6500086890625 0.7620548484375 0.6305383046874999 0.803884265625 0.5137687484375 0.8067474046875001 0.4728239546875 0.8015544515625 0.46685014531249996 0.7778284875 0.5119467515625 0.7599070609374999 0.527525609375 0.7544538234375 0.525274053125 0.76962863125 0.3617551671875 0.7561448109375 0.233636821875 0.7377155671875 0.1762413 0.7043062953125 0.1458516859375 0.6386071515625 0.12255527968749999 0.5194950265625 0.11422614843750001 0.48547416875 0.11932808749999999 0.44322795 0.13507621875 0.4053938265625 0.16796492031250002 0.3677289765625 0.2251784140625 0.33888831875 0.3166730515625 0.29836032968750004 0.41483133906249997 0.2934149078125 0.4855541625 0.2874410984375 0.49074711718749997 0.264157446875 0.47602737343749996 0.2373335671875 0.40495325 0.22270483749999997 0.400189853125 0.20746452343750002 0.4309180140625 0.20806335156250003 0.4758453453125 0.21878780312499999 0.5364425515625 0.24119958437500003 0.5903761015625 0.2676849203125 0.6128006390625 0.2862961890625 0.614102065625 0.30161476249999997 0.635745746875 0.3208248625 0.6819745046875 0.3747456609375 0.7399816109375
9 0.65216923125 0.303045465625 0.6101832968750001 0.3150713421875 0.596244409375 0.32718823124999996 0.6026477765625 0.34259781875 0.6875697734374999 0.3317040953125 0.7443537109375 0.3487664078125 0.7186492328125 0.31517510937500004 0.7042807875 0.3066894609375 0.65216923125 0.303045465625
9 0.4838869484375 0.3024993875 0.43948018749999995 0.2956537078125 0.397494253125 0.3076795859375 0.3668443515625 0.3448111109375 0.41454381093750003 0.3313145359375 0.44830438125 0.3299348484375 0.5073398734375 0.3415439234375 0.521018475 0.3331492859375 0.5215390453125 0.3257047796875 0.4838869484375 0.3024993875
9 0.6660953640625 0.3713474625 0.6363173343749999 0.3692651796875 0.606968859375 0.3877854375 0.61415308125 0.3920282609375 0.6679956218750001 0.397663525 0.6928409859375 0.3900497453125 0.6660953640625 0.3713474625
9 0.4650936546875 0.357292053125 0.43531562187499995 0.3552097703125 0.40596714843750004 0.373730028125 0.413151371875 0.3779728515625 0.478160671875 0.384388971875 0.49157898749999995 0.379716590625 0.4650936546875 0.357292053125
9 0.4972797578125 0.458664778125 0.47554506406249997 0.5020304 0.48740166875 0.519691540625 0.540463353125 0.5364935656250001 0.6030518265625 0.5240381328125 0.609025634375 0.5188451796875 0.6105873468749999 0.49651165625000004 0.5940583609375001 0.465432196875 0.5878370203125 0.3939285171875 0.5722581609375 0.37600709062500004 0.5427404140625 0.37020255468749996 0.5173744796874999 0.3852608421875 0.4972797578125 0.458664778125
9 0.41268355 0.598626975 0.42185904374999994 0.6011388140625 0.4460928234375 0.6290165890625 0.4874671734375 0.65248226875 0.5338652046875 0.6575969625 0.57533056875 0.6530155921875 0.6061497421875 0.640208859375 0.6325568171875 0.61026155625 0.5954252921875 0.57961165625 0.5661678296875 0.5700848656249999 0.5066117671875 0.5659202999999999 0.4574416109375 0.5737033515625 0.41268355 0.598626975
4 0.6101832968750001 0.3150713421875 0.596244409375 0.32718823124999996 0.6043787609375 0.34458908906249996 0.6349376484375 0.335504609375 0.6875697734374999 0.3317040953125 0.7443537109375 0.3487664078125 0.7186492328125 0.31517510937500004 0.7042807875 0.3066894609375 0.65216923125 0.303045465625 0.6101832968750001 0.3150713421875
3 0.6363173343749999 0.3692651796875 0.606968859375 0.3877854375 0.615884065625 0.3940195296875 0.6679956218750001 0.397663525 0.6928409859375 0.3900497453125 0.6660953640625 0.3713474625 0.6363173343749999 0.3692651796875
5 0.420128059375 0.5991475453125 0.4460928234375 0.6290165890625 0.4891981578125 0.6544735375 0.5338652046875 0.6575969625 0.57533056875 0.6530155921875 0.6061497421875 0.640208859375 0.628574278125 0.6137235249999999 0.5542984718749999 0.6328426109375 0.476391425 0.623654365625 0.4367480578125 0.60217995625 0.420128059375 0.5991475453125
10 0.4574416109375 0.5737033515625 0.43432723125 0.5833084015625001 0.4261018671875 0.5939545921875 0.4941435796875 0.5837507125 0.5723109125 0.5892167046875 0.6087525953124999 0.6029863203125 0.6219106265625001 0.60203619375 0.5954252921875 0.57961165625 0.5661678296875 0.5700848656249999 0.5066117671875 0.5659202999999999 0.4574416109375 0.5737033515625
2 0.42038834375 0.5954252921875 0.46176269375 0.6188909687499999 0.4984646625 0.62893833125 0.5768922812499999 0.63068206875 0.6288345640624999 0.6100012718750001 0.6236416109375 0.6040274609375 0.5723109125 0.5892167046875 0.4941435796875 0.5837507125 0.42038834375 0.5954252921875
6 0.47554506406249997 0.5020304 0.48740166875 0.519691540625 0.5421943359375 0.5384848359375 0.6030518265625 0.5240381328125 0.609025634375 0.5188451796875 0.6105873468749999 0.49651165625000004 0.5940583609375001 0.465432196875 0.5878370203125 0.3939285171875 0.5722581609375 0.37600709062500004 0.5427404140625 0.37020255468749996 0.5173744796874999 0.3852608421875 0.4972797578125 0.458664778125 0.47554506406249997 0.5020304
8 0.43948018749999995 0.2956537078125 0.397494253125 0.3076795859375 0.3685753359375 0.3468023796875 0.41454381093750003 0.3313145359375 0.44830438125 0.3299348484375 0.5073398734375 0.3415439234375 0.521018475 0.3331492859375 0.5215390453125 0.3257047796875 0.4838869484375 0.3024993875 0.43948018749999995 0.2956537078125
7 0.43531562187499995 0.3552097703125 0.40596714843750004 0.373730028125 0.41488235468749995 0.379964121875 0.478160671875 0.384388971875 0.49157898749999995 0.379716590625 0.4650936546875 0.357292053125 0.43531562187499995 0.3552097703125