0 0.447447884375 0 0 0.095107984375 0 0.552552115625 0.095107984375 1 0.552552115625 1 1 0.904892015625 1 0.447447884375 0.904892015625 0 0.447447884375 0
0 0.17915752812500002 0.0935390390625 0.1363893625 0.1545154 0.10899636875 0.2064585890625 0.10265436718750001 0.2308669375 0.10233447968750001 0.265525403125 0.12288754375 0.3803016703125 0.135713396875 0.4044791515625 0.15502310156250002 0.4772424609375 0.16941219999999999 0.508774434375 0.17980416562499998 0.575746496875 0.23791131875 0.68638378125 0.28305076875 0.6998494109375 0.3331108234375 0.7545463734375 0.403786546875 0.806783034375 0.46731223125000004 0.8163405484374999 0.5533367140625 0.7961337875 0.6010254859375 0.7763887609375 0.6520452046874999 0.727110328125 0.6853448765625 0.6758333296875 0.70303850625 0.614421646875 0.710277565625 0.6032744734375 0.7286637984375 0.5993663578125 0.7418095390625 0.5888853734375 0.761963471875 0.548089359375 0.7689452484375 0.4543640796875 0.7655878890625 0.4204872375 0.755657659375 0.3918508859375 0.741499428125 0.37948676875 0.7323508203125 0.354527665625 0.7286207453125 0.228488790625 0.7129882859375 0.1549438578125 0.6687194796875 0.0913291546875 0.6078585515625 0.0581449171875 0.5913554515625 0.034749059375 0.554236684375 0.013813503125000001 0.5216922187499999 0.0053575015625 0.4466062953125 0.000178884375 0.23884186093749998 0.044340578125 0.2207087515625 0.05395996875 0.17915752812500002 0.0935390390625
1 0.4474478859375 0 0.23884186093749998 0.044340578125 0.2207087515625 0.05395996875 0.17915752812500002 0.0935390390625 0.1363893625 0.1545154 0.10899636875 0.2064585890625 0.10233447968750001 0.265525403125 0.12288754375 0.3803016703125 0.14564362656250002 0.4331155015625 0.173320315625 0.52716066875 0.2055448921875 0.5702751359375 0.2292870515625 0.5825238203125 0.1926662109375 0.41927715781249997 0.1881545109375 0.289561034375 0.1921516453125 0.254120946875 0.19849364687499998 0.2297125984375 0.214419578125 0.205188815625 0.25831566875 0.1766414859375 0.31848399375 0.15232215625 0.37731994062499996 0.13981618906249998 0.442178 0.137560340625 0.48653582812499996 0.147348721875 0.5288950875 0.174857146875 0.574496275 0.2266584859375 0.6161003265625 0.3138999140625 0.663495625 0.39222360312500004 0.6851501984375 0.47601865312499997 0.691838503125 0.4803620890625 0.7086614906250001 0.46909948124999995 0.724356553125 0.42540784218749994 0.7283536875000001 0.389967753125 0.741499428125 0.37948676875 0.7323508203125 0.354527665625 0.7286207453125 0.228488790625 0.7129882859375 0.1549438578125 0.6687194796875 0.0913291546875 0.6078585515625 0.0581449171875 0.5913554515625 0.034749059375 0.5668316703125 0.018823128124999998 0.5216922187499999 0.0053575015625 0.46754004218749995 0 0.4474478859375 0
9 0.7519442234375 0.5732793296875001 0.766742228125 0.5163265171875 0.7689452484375 0.4543640796875 0.7632430203125 0.40945549843749995 0.7437288625 0.38093458125 0.7298014984375001 0.3877383203125 0.7130049265625 0.46241117656249997 0.691838503125 0.4803620890625 0.6851501984375 0.47601865312499997 0.6702993640625 0.4061509671875 0.6161003265625 0.3138999140625 0.574496275 0.2266584859375 0.5288950875 0.174857146875 0.48653582812499996 0.147348721875 0.442178 0.137560340625 0.4075195359375 0.137240453125 0.28984764375 0.1622523859375 0.22756531875000002 0.19470783125 0.19849364687499998 0.2297125984375 0.1881545109375 0.289561034375 0.1926662109375 0.41927715781249997 0.2307348640625 0.5802943859374999 0.22560980625 0.58330544375 0.2055448921875 0.5702751359375 0.17554975 0.5286084796875 0.1712063140625 0.5352967843750001 0.17980416562499998 0.575746496875 0.23791131875 0.68638378125 0.28305076875 0.6998494109375 0.3331108234375 0.7545463734375 0.403786546875 0.806783034375 0.46731223125000004 0.8163405484374999 0.5518889031249999 0.7983632218750001 0.6010254859375 0.7763887609375 0.6396810859375 0.741268559375 0.6853448765625 0.6758333296875 0.6980288812500001 0.6270166328125 0.710277565625 0.6032744734375 0.7286637984375 0.5993663578125 0.7519442234375 0.5732793296875001
9 0.3565790609375 0.3767496328125 0.3608070625 0.36047740156249997 0.3452010203125 0.35034271875 0.301624815625 0.344231584375 0.25014336406250004 0.3551743046875 0.23699762343750003 0.3656552890625 0.21606206718749998 0.40277405625 0.27032371093749996 0.3777885390625 0.3565790609375 0.3767496328125
9 0.542670828125 0.33911630000000004 0.5921537140625001 0.345893625 0.5563673234375 0.31314470625 0.5127911203125 0.307033571875 0.46944578281249993 0.32009029375 0.43513361875 0.3485221890625 0.4366968640625 0.3558766828125 0.45152128593749996 0.36233411875 0.508793984375 0.3424736609375 0.542670828125 0.33911630000000004
9 0.3267257671875 0.4080771546875 0.29730779531249996 0.41433013750000003 0.2732457484375 0.43673991875 0.299101909375 0.44085248750000006 0.3520311734375 0.42768033125000005 0.35860404375 0.4224398390625 0.3267257671875 0.4080771546875
9 0.5252970859375 0.3658695171875 0.49587911250000005 0.3721225 0.4725986875 0.3982095296875 0.4866414859375 0.4009897203125 0.550602490625 0.3854726953125 0.5571753609375001 0.380232203125 0.5252970859375 0.3658695171875
9 0.38237261718750004 0.49809877187499996 0.3702393671875 0.5314248593750001 0.37492910468749996 0.5534883390625 0.381617409375 0.557831775 0.44580928125 0.56148260625 0.496393678125 0.5372787125 0.5057467390625 0.517995421875 0.47798102968749995 0.47777657656250005 0.4476395859375 0.4073581359375 0.420220178125 0.395891075 0.3915838296875 0.4058213046875 0.378553521875 0.4258862171875 0.38237261718750004 0.49809877187499996
9 0.3642700828125 0.647995240625 0.39481597968750004 0.6741712890625 0.42736044375000004 0.6826272921875 0.4693734015625 0.6813839328125 0.5149481734375 0.6697750250000001 0.552937584375 0.6405615046875 0.57320695 0.60934941875 0.5820092546875 0.6055567359375 0.533858746875 0.58696605 0.4837096734375 0.5860954078125 0.42487372656250005 0.598601375 0.397019 0.61220885 0.3642700828125 0.647995240625
4 0.27032371093749996 0.3777885390625 0.323368409375 0.3742003109375 0.35513125 0.37897906875 0.3608070625 0.36047740156249997 0.3452010203125 0.35034271875 0.301624815625 0.344231584375 0.25014336406250004 0.3551743046875 0.23699762343750003 0.3656552890625 0.21606206718749998 0.40277405625 0.27032371093749996 0.3777885390625
3 0.35860404375 0.4224398390625 0.3267257671875 0.4080771546875 0.29730779531249996 0.41433013750000003 0.2732457484375 0.43673991875 0.299101909375 0.44085248750000006 0.3505833625 0.42990976718749996 0.35860404375 0.4224398390625
5 0.39481597968750004 0.6741712890625 0.42736044375000004 0.6826272921875 0.4693734015625 0.6813839328125 0.5135003625000001 0.6720044578125 0.552937584375 0.6405615046875 0.5746547625 0.6071199828125 0.5584979640625 0.612475909375 0.521956365625 0.63945999375 0.44551580937499996 0.659551321875 0.36872895156249996 0.6508908640625 0.39481597968750004 0.6741712890625
10 0.3869997515625 0.6373988234375 0.4214273484375 0.618550853125 0.4986495265625 0.6021367718749999 0.5679664578125 0.6027765484375001 0.5582670953125 0.593308053125 0.533858746875 0.58696605 0.4837096734375 0.5860954078125 0.42487372656250005 0.598601375 0.397019 0.61220885 0.3737385765625 0.6382958796875 0.3869997515625 0.6373988234375
2 0.42267070625000003 0.6605638125 0.500674509375 0.647826978125 0.5358837296875001 0.63265625625 0.5738731390625 0.6034427359375 0.4986495265625 0.6021367718749999 0.4214273484375 0.618550853125 0.3722907640625 0.6405253140625 0.367947328125 0.64721361875 0.42267070625000003 0.6605638125
6 0.378553521875 0.4258862171875 0.38237261718750004 0.49809877187499996 0.3702393671875 0.5314248593750001 0.37492910468749996 0.5534883390625 0.381617409375 0.557831775 0.44436146875000004 0.5637120421875 0.496393678125 0.5372787125 0.5057467390625 0.517995421875 0.47798102968749995 0.47777657656250005 0.4476395859375 0.4073581359375 0.420220178125 0.395891075 0.3915838296875 0.4058213046875 0.378553521875 0.4258862171875
8 0.508793984375 0.3424736609375 0.542670828125 0.33911630000000004 0.5907059015625 0.348123059375 0.5563673234375 0.31314470625 0.5127911203125 0.307033571875 0.46944578281249993 0.32009029375 0.43513361875 0.3485221890625 0.4366968640625 0.3558766828125 0.45152128593749996 0.36233411875 0.508793984375 0.3424736609375
7 0.5571753609375001 0.380232203125 0.5252970859375 0.3658695171875 0.49587911250000005 0.3721225 0.4725986875 0.3982095296875 0.4866414859375 0.4009897203125 0.5491546796875 0.3877021296875 0.5571753609375001 0.380232203125