0 0.49127245156250005 0 0 0.0171556125 0 0.5087275484375 0.0171556125 1 0.5087275484375 1 1 0.9828443874999999 1 0.49127245156250005 0.9828443874999999 0 0.49127245156250005 0
0 0.317866796875 0.6177419515625 0.3812970375 0.7086493390624999 0.42093225156249997 0.7456097734375 0.481942453125 0.7672163375000001 0.5421884328125001 0.76693843125 0.567465575 0.7587520140625 0.6351105828125 0.708915625 0.6718162750000001 0.6619855859375 0.7002081828125 0.5861309968749999 0.74410449375 0.5882499640625001 0.7530319671875 0.5824604203125 0.8001472484375001 0.46760746875 0.79925565625 0.4420755859375 0.7913239796875 0.42409326875 0.781887025 0.4152931640625 0.7506929687499999 0.41090469687500003 0.7418233703125 0.2614881828125 0.7335095828125 0.23256363124999999 0.7064492546875 0.1896862828125 0.6218987671875 0.1214275875 0.5811403859375 0.1045916015625 0.514977490625 0.0922946234375 0.434861803125 0.098744184375 0.373620025 0.12279395312500001 0.3200551828125 0.157531215625 0.2726619953125 0.2121381875 0.25230596875 0.25667135 0.24276480781249998 0.29717499062499997 0.25214388906249996 0.46118115 0.2248519859375 0.46396013593749996 0.2163066234375 0.4806919140625 0.2213551109375 0.5206860718749999 0.23357104999999997 0.5567780796874999 0.27195572343749996 0.6102155515625001 0.2850400921875 0.618888284375 0.317866796875 0.6177419515625
9 0.3812970375 0.7086493390624999 0.42093225156249997 0.7456097734375 0.48382984375 0.7689763578125001 0.5421884328125001 0.76693843125 0.567465575 0.7587520140625 0.6351105828125 0.708915625 0.6718162750000001 0.6619855859375 0.6984481609375 0.5880183890625 0.74410449375 0.5882499640625001 0.7530319671875 0.5824604203125 0.7968819500000001 0.47867707499999995 0.79925565625 0.4420755859375 0.781887025 0.4152931640625 0.7525803609375 0.4126647171875 0.7230421203125 0.45569260156249997 0.7142420171875 0.46512955624999996 0.7050598015625 0.4636242765625 0.7027671343749999 0.39797086406250004 0.6863943015625 0.34741658124999997 0.6814731859375 0.311069834375 0.673541509375 0.2930875171875 0.6454853843749999 0.2739820296875 0.5136690796875001 0.26397771875 0.45844841875000003 0.2512986265625 0.385500184375 0.2538460359375 0.342240725 0.269964128125 0.301505509375 0.3060793 0.28844430625 0.3503577234375 0.2779305125 0.46758438125 0.2726504515625 0.4732465546875 0.2576786921875 0.46281380156249996 0.23201943906250003 0.46005798125 0.2163066234375 0.4806919140625 0.21694347500000002 0.49892897343750003 0.23357104999999997 0.5567780796874999 0.27195572343749996 0.6102155515625001 0.2850400921875 0.618888284375 0.317866796875 0.6177419515625 0.3812970375 0.7086493390624999
9 0.55748435 0.368351584375 0.517872303125 0.38434230625 0.5090721984375 0.3937792625 0.5167491328125 0.40446675625 0.5620233546875 0.393756096875 0.6442811749999999 0.39636137968749996 0.601253290625 0.36682313906249997 0.55748435 0.368351584375
9 0.3718484609375 0.38578971093750003 0.349963990625 0.386553934375 0.330349021875 0.4000204125 0.316523596875 0.4224143640625 0.33639330625 0.4162427109375 0.42770597187500003 0.4167058609375 0.4366334453125 0.4109163171875 0.4363787046875 0.40362149531249997 0.3718484609375 0.38578971093750003
9 0.5889563124999999 0.432986034375 0.5670718406249999 0.43375025625 0.5332493375 0.45866845156249997 0.5555159203125 0.46884646406249997 0.5792877796875 0.4698422625 0.6170124375 0.4520915203125 0.5889563124999999 0.432986034375
9 0.3922508171875 0.447158859375 0.3740137578125 0.4477957109375 0.34748607656249997 0.472459165625 0.369752659375 0.48263717812499995 0.39717193281249996 0.48350560781249996 0.4240817234375 0.4697843875 0.3922508171875 0.447158859375
9 0.4403271875 0.516691259375 0.426756503125 0.546380034375 0.43280078906249997 0.5626023328125 0.4714170375 0.5703834718749999 0.5132985875 0.56709500625 0.5402083796875 0.5533737859375 0.5395715265625001 0.535136728125 0.520442875 0.510241696875 0.5114922359375 0.46308008593750005 0.48721089375000004 0.447494640625 0.4654537921875 0.45190627499999997 0.44961360624999996 0.46889279375 0.4403271875 0.516691259375
9 0.47105809218749994 0.61239239375 0.44440304062499997 0.6334084359375 0.430577615625 0.6558023890625 0.47837608125 0.6650888078125 0.52025763125 0.6618003421875 0.5543348765625 0.6441769703125 0.5297987921875 0.6212967015624999 0.507532209375 0.6111186890625 0.47105809218749994 0.61239239375
1 0.6983555 0.37621376406249996 0.7009029078125 0.449162 0.7069471921875 0.4653842984375 0.7142420171875 0.46512955624999996 0.750947709375 0.4181995203125 0.7477634484375 0.327014225 0.7375391062500001 0.2433784953125 0.7064492546875 0.1896862828125 0.6218987671875 0.1214275875 0.5811403859375 0.1045916015625 0.514977490625 0.0922946234375 0.434861803125 0.098744184375 0.3449502125 0.1384025625 0.3200551828125 0.157531215625 0.2726619953125 0.2121381875 0.25230596875 0.25667135 0.24276480781249998 0.29717499062499997 0.25403128124999996 0.462941171875 0.2726504515625 0.4732465546875 0.2779305125 0.46758438125 0.28844430625 0.3503577234375 0.301505509375 0.3060793 0.342240725 0.269964128125 0.385500184375 0.2538460359375 0.4181995203125 0.24905229062499998 0.45844841875000003 0.2512986265625 0.5136690796875001 0.26397771875 0.6271209546875001 0.2709714703125 0.6603297703125001 0.2807673703125 0.6774436609375 0.30025497031250004 0.6863943015625 0.34741658124999997 0.6983555 0.37621376406249996
4 0.517872303125 0.38434230625 0.5090721984375 0.3937792625 0.518636525 0.4062267765625 0.5620233546875 0.393756096875 0.6442811749999999 0.39636137968749996 0.601253290625 0.36682313906249997 0.55748435 0.368351584375 0.517872303125 0.38434230625
3 0.5670718406249999 0.43375025625 0.5332493375 0.45866845156249997 0.5574033109375 0.470606484375 0.5937500578125 0.46568536875 0.6170124375 0.4520915203125 0.5889563124999999 0.432986034375 0.5670718406249999 0.43375025625
5 0.4865393328125 0.63741479375 0.4304502453125 0.6521549765625 0.480263471875 0.666848828125 0.52025763125 0.6618003421875 0.5543348765625 0.6441769703125 0.5157186265625 0.63639583125 0.4865393328125 0.63741479375
10 0.47105809218749994 0.61239239375 0.45320314375 0.6239714796875 0.43937771875 0.6463654328125 0.47182231406249997 0.6342768624999999 0.5467853125000001 0.6371368875 0.5297987921875 0.6212967015624999 0.507532209375 0.6111186890625 0.47105809218749994 0.61239239375
2 0.51923866875 0.632621046875 0.47182231406249997 0.6342768624999999 0.46113482031249997 0.6419537984375 0.5321956640625001 0.63764636875 0.51923866875 0.632621046875
6 0.426756503125 0.546380034375 0.43280078906249997 0.5626023328125 0.4733044296875 0.5721434921874999 0.5132985875 0.56709500625 0.5402083796875 0.5533737859375 0.5395715265625001 0.535136728125 0.520442875 0.510241696875 0.5114922359375 0.46308008593750005 0.48721089375000004 0.447494640625 0.4654537921875 0.45190627499999997 0.44961360624999996 0.46889279375 0.4403271875 0.516691259375 0.426756503125 0.546380034375
8 0.349963990625 0.386553934375 0.330349021875 0.4000204125 0.31841098749999996 0.424174384375 0.33639330625 0.4162427109375 0.42770597187500003 0.4167058609375 0.4366334453125 0.4109163171875 0.4363787046875 0.40362149531249997 0.3718484609375 0.38578971093750003 0.349963990625 0.386553934375
7 0.3740137578125 0.4477957109375 0.34748607656249997 0.472459165625 0.37164005 0.48439719999999997 0.39717193281249996 0.48350560781249996 0.4240817234375 0.4697843875 0.3922508171875 0.447158859375 0.3740137578125 0.4477957109375