0 0.49127245156250005 0 0 0.0171556125 0 0.5087275484375 0.0171556125 1 0.5087275484375 1 1 0.9828443874999999 1 0.49127245156250005 0.9828443874999999 0 0.49127245156250005 0
0 0.780308828125 0.46813913124999995 0.77054586875 0.451925859375 0.7429249828125 0.45105104531249995 0.7408254000000001 0.28558234374999997 0.72839133125 0.2455507234375 0.7048062625 0.20222979375 0.6533436921875 0.1506855890625 0.5970754640625 0.1195421140625 0.5338436953125 0.099677946875 0.45288230625 0.0988264703125 0.387259378125 0.1158329203125 0.347484371875 0.1356154515625 0.2673161609375 0.2101498625 0.24313622812500002 0.2551387828125 0.23681422031250002 0.28478924375000003 0.2384005765625 0.435561021875 0.2073620734375 0.442162978125 0.1984972625 0.45166932187500003 0.1917903359375 0.470297090625 0.19268848593750001 0.4960167078125 0.248105234375 0.608121571875 0.2574832734375 0.6133121515625 0.30144573750000003 0.608098234375 0.33530699375 0.6823293609375 0.3754902578125 0.726910025 0.4469686359375 0.7722371953125 0.472944865625 0.778687509375 0.533505525 0.7747333281250001 0.593296340625 0.7487337625 0.6305285421875 0.7088071125 0.6878815265625 0.6129971578125 0.720949603125 0.6118423953125001 0.7334886468749999 0.60220774375 0.76830635 0.5458112093749999 0.7780459750000001 0.508683978125 0.780308828125 0.46813913124999995
9 0.7809503624999999 0.4865102859375 0.780308828125 0.46813913124999995 0.7630691015625 0.448508240625 0.7374777906250001 0.453080621875 0.7231657874999999 0.4646165421875 0.7174619812499999 0.45929765624999996 0.6986592328125 0.34223549375 0.6824226265625 0.29865795 0.6389500531250001 0.265228284375 0.594346053125 0.2520710453125 0.5208614328125 0.254637184375 0.466261196875 0.2712587109375 0.33450210937499997 0.29057468750000004 0.3076510671875 0.3117452609375 0.3009441390625 0.3303730296875 0.298552978125 0.3672436453125 0.28565235 0.4191961078125 0.2879618765625 0.485332265625 0.2788404515625 0.4874901484375 0.2693341078125 0.47862533906250004 0.23662761406250002 0.43746229062499997 0.2073620734375 0.442162978125 0.1917903359375 0.470297090625 0.1967476375 0.5069110953125 0.248105234375 0.608121571875 0.2574832734375 0.6133121515625 0.30334700625 0.609871196875 0.33530699375 0.6823293609375 0.3754902578125 0.726910025 0.4469686359375 0.7722371953125 0.472944865625 0.778687509375 0.5317325625 0.7766345968749999 0.593296340625 0.7487337625 0.6305285421875 0.7088071125 0.6878815265625 0.6129971578125 0.720949603125 0.6118423953125001 0.7334886468749999 0.60220774375 0.76830635 0.5458112093749999 0.7809503624999999 0.4865102859375
9 0.4800016734375 0.40137314375 0.470495328125 0.392508334375 0.429565559375 0.3792227875 0.3854747875 0.380762471875 0.3443117390625 0.413468965625 0.4267894765625 0.4050707125 0.47303813124999994 0.4126524515625 0.4800016734375 0.40137314375
9 0.67550575625 0.41661826093750004 0.660038990625 0.39508610312500003 0.6393816453125 0.3829319828125 0.617336259375 0.383701825 0.55374290625 0.40615546875 0.55399951875 0.4135039296875 0.5633775578125 0.418694509375 0.6551050265625 0.411812603125 0.67550575625 0.41661826093750004
9 0.424526621875 0.445615559375 0.40248123593749996 0.44638540156250006 0.37563019375 0.4675559734375 0.4147869984375 0.482742790625 0.438605346875 0.48007167968750003 0.4602658125 0.46827914374999996 0.424526621875 0.445615559375
9 0.619517478125 0.4461637515625 0.6011463234375001 0.44680528593749996 0.5707493546875 0.471778396875 0.5987551625 0.483675903125 0.6262477421875 0.48087648437499997 0.64790820625 0.4690839515625 0.619517478125 0.4461637515625
9 0.47675903281250004 0.51920515 0.4592860265625 0.5455663015625001 0.4599275609375 0.5639374562499999 0.48793336875 0.5758349625 0.5302511796875 0.5761965484375 0.5685098359375 0.5656637484375 0.5734438015625 0.548937246875 0.557720421875 0.5200566281250001 0.5450297390625 0.472676546875 0.5279183171875 0.4567198875 0.505744625 0.45381549843749996 0.48243950468749996 0.471183534375 0.47675903281250004 0.51920515
9 0.5299129296875 0.6718548609375 0.5772930109375001 0.6591641781249999 0.5618262453125 0.6376320203125 0.5335638234375 0.61838605 0.49682151562500004 0.6196691203125 0.47516105 0.6314616562500001 0.45211254375000004 0.6561781515625 0.48759511875 0.6714932765625 0.5299129296875 0.6718548609375
1 0.466261196875 0.2712587109375 0.5208614328125 0.254637184375 0.5611496671875 0.2495515765625 0.594346053125 0.2520710453125 0.6389500531250001 0.265228284375 0.6824226265625 0.29865795 0.6986592328125 0.34223549375 0.7174619812499999 0.45929765624999996 0.7231657874999999 0.4646165421875 0.741152021875 0.452952315625 0.7408254000000001 0.28558234374999997 0.72839133125 0.2455507234375 0.7048062625 0.20222979375 0.6533436921875 0.1506855890625 0.626982540625 0.13321258281249998 0.5338436953125 0.099677946875 0.45288230625 0.0988264703125 0.387259378125 0.1158329203125 0.347484371875 0.1356154515625 0.2673161609375 0.2101498625 0.2398469171875 0.26628978281250004 0.235449515625 0.351053709375 0.238657190625 0.442909484375 0.2788404515625 0.4874901484375 0.28618891562500004 0.48723353437499994 0.29112288125 0.470507034375 0.288556740625 0.397022415625 0.298552978125 0.3672436453125 0.3042334484375 0.3192220296875 0.3200618 0.298436378125 0.35274495781250004 0.286258921875 0.466261196875 0.2712587109375
4 0.47126517031250004 0.41455372031250004 0.4800016734375 0.40137314375 0.470495328125 0.392508334375 0.429565559375 0.3792227875 0.3854747875 0.380762471875 0.3443117390625 0.413468965625 0.4267894765625 0.4050707125 0.47126517031250004 0.41455372031250004
3 0.4602658125 0.46827914374999996 0.424526621875 0.445615559375 0.40248123593749996 0.44638540156250006 0.37563019375 0.4675559734375 0.3999617671875 0.4795817859375 0.436832384375 0.48197294843750005 0.4602658125 0.46827914374999996
5 0.5771647046874999 0.6554899468750001 0.51976505 0.6446188953124999 0.49037120156249997 0.6456453515625 0.45211254375000004 0.6561781515625 0.48759511875 0.6714932765625 0.5281399671875 0.6737561296875 0.5771647046874999 0.6554899468750001
10 0.567786665625 0.6502993671875 0.5523199 0.6287672093750001 0.5335638234375 0.61838605 0.49682151562500004 0.6196691203125 0.47516105 0.6314616562500001 0.45920439062499996 0.6485730765625 0.534333665625 0.6404314359375001 0.567786665625 0.6502993671875
2 0.47390131562500004 0.6480598484375 0.5456129734374999 0.647394978125 0.534333665625 0.6404314359375001 0.48656866406250004 0.6420994265625 0.47390131562500004 0.6480598484375
6 0.48243950468749996 0.471183534375 0.47675903281250004 0.51920515 0.4592860265625 0.5455663015625001 0.4599275609375 0.5639374562499999 0.48793336875 0.5758349625 0.5284782171875 0.5780978171875 0.5685098359375 0.5656637484375 0.5734438015625 0.548937246875 0.557720421875 0.5200566281250001 0.5450297390625 0.472676546875 0.5279183171875 0.4567198875 0.505744625 0.45381549843749996 0.48243950468749996 0.471183534375
8 0.6551050265625 0.411812603125 0.67373279375 0.41851952968750006 0.660038990625 0.39508610312500003 0.6393816453125 0.3829319828125 0.617336259375 0.383701825 0.55374290625 0.40615546875 0.55399951875 0.4135039296875 0.5633775578125 0.418694509375 0.6551050265625 0.411812603125
7 0.64790820625 0.4690839515625 0.619517478125 0.4461637515625 0.6011463234375001 0.44680528593749996 0.5707493546875 0.471778396875 0.5987551625 0.483675903125 0.6244747796875 0.48277775468749995 0.64790820625 0.4690839515625