0 0.0418344125 0 0 0.4781695265625 0 0.9581655874999999 0.4781695265625 1 0.9581655874999999 1 1 0.5218304734375 1 0.0418344125 0.5218304734375 0 0.0418344125 0
0 0.313713484375 0.7966576390625 0.3275232546875 0.8141040984375 0.34863555156250003 0.82776083125 0.3823284546875 0.8410420171874999 0.42509199999999997 0.8462595468749999 0.470649021875 0.8354832156249999 0.4968355921875 0.8230121859375 0.5404206968749999 0.7869678359375001 0.5999188296875 0.7124581437499999 0.6377131781250001 0.6788595796875 0.671176009375 0.6788347859375 0.6736606078125 0.698242834375 0.6829613234374999 0.703485159375 0.7129404625 0.679536290625 0.7418942390625001 0.6673073625 0.7557565453125 0.65228189375 0.765648746875 0.6029563578125 0.747612534375 0.5541398125 0.72878103125 0.5303491859375 0.715201334375 0.5262087046875 0.6943453749999999 0.5096219890625 0.6614477625 0.471314884375 0.653146140625 0.4705885875 0.620912475 0.4884353859375 0.5952385859375 0.495046446875 0.5456851921875 0.487758675 0.5273401015625 0.47434404218750004 0.46631027031250005 0.4070039859375 0.4326436359375 0.3774868359375 0.38739549218749997 0.35286125625000003 0.34086564531249997 0.3428856 0.31795896562500003 0.349738759375 0.307376546875 0.35914635625 0.2841609875 0.4014014296875 0.2772923328125 0.44803907968749995 0.2664273078125 0.47661262656250003 0.2603802109375 0.481988396875 0.252742534375 0.5374160015625 0.24592641875000001 0.5515817249999999 0.2473593859375 0.5989456734374999 0.2595523078125 0.68267993125 0.2778448609375 0.7285664921875 0.2878883296875 0.7412548265625001 0.313713484375 0.7966576390625
1 0.64189343125 0.5832719375 0.63430829375 0.6062276140625 0.64335266875 0.614399921875 0.6695392375 0.6019288953124999 0.6919332375 0.6009357046875 0.706538296875 0.593356246875 0.723680490625 0.5727129109375 0.7274730593750001 0.561235071875 0.7237330281250001 0.5402409828125 0.7300364640625 0.5319352281249999 0.715201334375 0.5262087046875 0.6943453749999999 0.5096219890625 0.6614477625 0.471314884375 0.653146140625 0.4705885875 0.634005759375 0.48219987187499996 0.6387711546875 0.4914740234375 0.645482196875 0.5422521546875 0.64189343125 0.5832719375
1 0.6726877828125 0.67749084375 0.6716624203125 0.6892107828125 0.6774269078125 0.703000959375 0.691775625 0.6983514875 0.721754765625 0.6744026203125 0.7418942390625001 0.6673073625 0.7557565453125 0.65228189375 0.7641107046875 0.620536265625 0.7639069 0.590994321875 0.7388245 0.5430375203125 0.7359784859375 0.5915033140625 0.7119939046875 0.6425483375 0.6726877828125 0.67749084375
9 0.313713484375 0.7966576390625 0.3275232546875 0.8141040984375 0.3835838875 0.8426280578125 0.4364171703125 0.8442979609375 0.470649021875 0.8354832156249999 0.5086734421875 0.8151906296875 0.5404206968749999 0.7869678359375001 0.6228517796874999 0.6893690203125 0.6377131781250001 0.6788595796875 0.671176009375 0.6788347859375 0.7056904703125 0.6508540921875 0.7359784859375 0.5915033140625 0.7393109124999999 0.553413515625 0.728524690625 0.5332791703125 0.7239893687500001 0.5373109984375 0.7277294000000001 0.5583050875 0.723680490625 0.5727129109375 0.7080500703125 0.59201230625 0.6919332375 0.6009357046875 0.6695392375 0.6019288953124999 0.64335266875 0.614399921875 0.63430829375 0.6062276140625 0.64189343125 0.5832719375 0.645482196875 0.5422521546875 0.63526119375 0.48378591406250004 0.5952385859375 0.495046446875 0.5456851921875 0.487758675 0.496697015625 0.44213900625 0.45493256249999997 0.44143750156249995 0.4491680765625 0.42764732343749995 0.4567269453125 0.4209276109375 0.47509830624999994 0.41810627968749997 0.4326436359375 0.3774868359375 0.38739549218749997 0.35286125625000003 0.34086564531249997 0.3428856 0.31795896562500003 0.349738759375 0.307376546875 0.35914635625 0.28390464843749996 0.4043314140625 0.30909212343750003 0.3873443578125 0.345065821875 0.3904916484375 0.373710721875 0.41366463124999997 0.38249875625 0.424766925 0.381729734375 0.433556878125 0.36612558281249996 0.436620309375 0.339735209375 0.41954939375 0.289925475 0.41519160624999996 0.27985573750000003 0.4187392359375 0.2772923328125 0.44803907968749995 0.2664273078125 0.47661262656250003 0.2603802109375 0.481988396875 0.252742534375 0.5374160015625 0.24592641875000001 0.5515817249999999 0.2473593859375 0.5989456734374999 0.2595523078125 0.68267993125 0.2778448609375 0.7285664921875 0.2878883296875 0.7412548265625001 0.313713484375 0.7966576390625
9 0.35377505 0.4503018328125 0.326359315625 0.44495085625 0.30419538749999997 0.45925002499999995 0.3250513453125 0.47583674218749994 0.365047684375 0.48081217499999995 0.3751174203125 0.47726454374999994 0.35377505 0.4503018328125
9 0.523803871875 0.4828918953125 0.493877271875 0.474368834375 0.46289903906249996 0.493801675 0.48703488593750005 0.504770521875 0.5242640171875 0.5095038546875 0.540124509375 0.5035104390625 0.523803871875 0.4828918953125
9 0.334937203125 0.5859408609375001 0.333911840625 0.5976607984375 0.3502324765625 0.6182793421875 0.37034568125 0.627420046875 0.3937387765625 0.630942884375 0.427457946875 0.62798810625 0.4438311203125 0.6161347234375001 0.4461381828125 0.5897648625 0.43635105625000004 0.57414654375 0.4405050390625 0.494794865625 0.41588278125 0.4734500234375 0.399279534375 0.471997428125 0.38290636093749997 0.4838508109375 0.35436019218750003 0.5551636281250001 0.334937203125 0.5859408609375001
9 0.3174598609375 0.6582220734375 0.3242234421875 0.6765282765625 0.34305494531249997 0.7003189046875 0.36316815 0.7094596109375 0.40895524375000003 0.71198925625 0.4489778515625 0.7007287234375 0.46811823124999996 0.689117440625 0.42612370781250003 0.67510995625 0.4183347640625 0.6685236890625 0.371035896875 0.6673379859375 0.36324695625 0.66075171875 0.3174598609375 0.6582220734375
3 0.493877271875 0.474368834375 0.46289903906249996 0.493801675 0.48829031875 0.5063565640625 0.5242640171875 0.5095038546875 0.540124509375 0.5035104390625 0.523803871875 0.4828918953125 0.493877271875 0.474368834375
4 0.4567269453125 0.4209276109375 0.4491680765625 0.42764732343749995 0.45493256249999997 0.44143750156249995 0.49544158281249995 0.4405529640625 0.47635373750000004 0.41969232031250003 0.46805211562500004 0.4189660234375 0.4567269453125 0.4209276109375
5 0.3242234421875 0.6765282765625 0.34305494531249997 0.7003189046875 0.3644235828125 0.711045653125 0.40895524375000003 0.71198925625 0.4489778515625 0.7007287234375 0.46811823124999996 0.689117440625 0.37805581718750003 0.68271420625 0.34536200781250004 0.6739490453125 0.33229499218749997 0.6639485953125 0.319970728125 0.66139415625 0.3242234421875 0.6765282765625
10 0.32022706875 0.6584641734375001 0.34536200781250004 0.6739490453125 0.37805581718750003 0.68271420625 0.4472360046875 0.6887666890624999 0.46007295 0.6854611578124999 0.42612370781250003 0.67510995625 0.4183347640625 0.6685236890625 0.371035896875 0.6673379859375 0.36324695625 0.66075171875 0.32022706875 0.6584641734375001
6 0.333911840625 0.5976607984375 0.3502324765625 0.6182793421875 0.3716011140625 0.6290060890625 0.427457946875 0.62798810625 0.4438311203125 0.6161347234375001 0.4461381828125 0.5897648625 0.43635105625000004 0.57414654375 0.4405050390625 0.494794865625 0.41588278125 0.4734500234375 0.399279534375 0.471997428125 0.38290636093749997 0.4838508109375 0.35436019218750003 0.5551636281250001 0.334937203125 0.5859408609375001 0.333911840625 0.5976607984375
8 0.28413472031250003 0.4176373921875 0.339735209375 0.41954939375 0.36612558281249996 0.436620309375 0.3802179609375 0.434900821875 0.38249875625 0.424766925 0.345065821875 0.3904916484375 0.30909212343750003 0.3873443578125 0.2975106140625 0.3922359296875 0.2836483078125 0.40726139687499996 0.28413472031250003 0.4176373921875
7 0.326359315625 0.44495085625 0.30419538749999997 0.45925002499999995 0.32630677812500003 0.477422784375 0.365047684375 0.48081217499999995 0.3751174203125 0.47726454374999994 0.35377505 0.4503018328125 0.326359315625 0.44495085625