0 0.46941869062499997 0 0 0.0576373671875 0 0.530581309375 0.0576373671875 1 0.530581309375 1 1 0.9423626328125 1 0.46941869062499997 0.9423626328125 0 0.46941869062499997 0
0 0.43433815468750003 0.7834065609375 0.45219724375 0.798422759375 0.4831544046875 0.8133951734375 0.5199584765624999 0.8166984812500001 0.578954640625 0.8110191203125 0.6068839921875 0.801332003125 0.6394151765625 0.7816931140625 0.7104341046875 0.719781571875 0.7489218484375 0.677508921875 0.8125304296875001 0.5789603062500001 0.8247619046875 0.583716296875 0.8419736875 0.5816029546875 0.8555598874999999 0.573676953125 0.8717458890625001 0.55135163125 0.88977474375 0.5084621046875 0.9013093828125 0.460112140625 0.8990385249999999 0.4416174921875 0.903481178125 0.406653965625 0.8972062624999999 0.379264215625 0.8785902234374999 0.358083134375 0.8470352875 0.36195759375000003 0.8421646265625 0.35786226718749997 0.8208497234375001 0.2791276828125 0.7950921671875 0.235356625 0.7837272937499999 0.2258008625 0.7370722515625 0.22527155625 0.7277094078124999 0.22016334375 0.58294433125 0.0846215484375 0.5523656453125 0.072731575 0.5082007609375 0.0687676046875 0.465171303125 0.0740509578125 0.4043322890625 0.1002945234375 0.34965854375 0.16489249687500002 0.31933809687500003 0.2499671046875 0.3141384921875 0.2787657484375 0.308758534375 0.44838760000000005 0.313678725 0.48845933906249994 0.33710530781250003 0.560676815625 0.349057365625 0.6343031875 0.366965984375 0.6852957984375 0.43433815468750003 0.7834065609375
9 0.4709229296875 0.808639184375 0.5011231390625001 0.8174467140624999 0.5215820296875 0.818063590625 0.578954640625 0.8110191203125 0.6151114078125001 0.797192890625 0.6394151765625 0.7816931140625 0.7104341046875 0.719781571875 0.7489218484375 0.677508921875 0.8125304296875001 0.5789603062500001 0.8247619046875 0.583716296875 0.8419736875 0.5816029546875 0.8555598874999999 0.573676953125 0.8855513875 0.5214963171875 0.9013093828125 0.460112140625 0.8990385249999999 0.4416174921875 0.903481178125 0.406653965625 0.8972062624999999 0.379264215625 0.8785902234374999 0.358083134375 0.8499039187499999 0.3616053703125 0.8187769906250001 0.40453868125000003 0.8156289453125 0.4737612890625 0.8075607093749999 0.5029121546875001 0.801335321875 0.5114988171875 0.78710181875 0.5022952796875 0.7836955328124999 0.47455330625 0.7910669343750001 0.3922964859375 0.7819835046875 0.3183178921875 0.769214375 0.28546770625 0.7449707234375 0.254026415625 0.7354487 0.223906446875 0.6506454484375 0.1498383390625 0.6235331656249999 0.11874927187499999 0.57682859375 0.08224355312500001 0.56286391875 0.0870871125 0.5364484703125 0.1091039953125 0.5213483671875 0.10470023125000001 0.499156275 0.11368290156250001 0.46186407812499997 0.1182618078125 0.43913433125 0.0991502828125 0.418296965625 0.095450965625 0.4043322890625 0.1002945234375 0.37082485625 0.1356978453125 0.3450567109375 0.17484426875 0.31933809687500003 0.2499671046875 0.311429040625 0.3041297265625 0.308758534375 0.44838760000000005 0.313678725 0.48845933906249994 0.3312088671875 0.5363695078124999 0.3431609265625 0.6099958796875 0.358957865625 0.667505596875 0.395970646875 0.7317970734375 0.43433815468750003 0.7834065609375 0.4709229296875 0.808639184375
9 0.5373434296874999 0.306115596875 0.602943453125 0.29493201406249997 0.638123971875 0.2968702140625 0.7001479453125 0.315850384375 0.7026380999999999 0.3124157203125 0.6881357671874999 0.2891650828125 0.6706551578125 0.277231325 0.6278449968750001 0.2605853640625 0.604139 0.25723826875 0.566846803125 0.261817175 0.5146136828125 0.28700407031249997 0.5058981421875 0.2990253984375 0.50665509375 0.30519028125 0.51801996875 0.3147460453125 0.5373434296874999 0.306115596875
9 0.41058603125 0.29351923593749996 0.372915359375 0.2950157 0.332156759375 0.31879370156250003 0.3182416125 0.3596136734375 0.33518456875 0.3434532328125 0.35699818437499997 0.3313881203125 0.3996491640625 0.32302232656249996 0.43445120625 0.3218780859375 0.44381405156250003 0.3269862984375 0.45290806874999995 0.3180474125 0.452151115625 0.311882528125 0.41058603125 0.29351923593749996
9 0.3944495609375 0.351820971875 0.37799472968750003 0.3600991953125 0.3621872015625 0.385506959375 0.3772873078125 0.3899107234375 0.41620305625 0.3866969265625 0.44499901093750005 0.372210034375 0.41490844843749997 0.352437846875 0.3944495609375 0.351820971875
9 0.587026278125 0.331304434375 0.5652126625 0.3433695484375 0.5511383390625 0.3591777625 0.5756012875 0.3686897421875 0.625991559375 0.36406705 0.6465600984375001 0.3537192703125 0.6042380609375 0.32919109375 0.587026278125 0.331304434375
9 0.4316710515625 0.47710061562500006 0.4335634328125 0.492512821875 0.44530678124999995 0.5051510265625 0.48211085468750003 0.5084543359375 0.5432186953125 0.4962578671875 0.5523127109375 0.48731898281249997 0.5460377953125 0.45992923281250003 0.5326708921875001 0.44592591875 0.522452034375 0.3626999984375 0.5078400546874999 0.35041401875 0.48662421250000004 0.34363225937499997 0.4697909046875 0.34882804218749996 0.453604903125 0.3711533640625 0.4422294421875 0.44451508281249996 0.4316710515625 0.47710061562500006
9 0.42975749687500003 0.62752336875 0.450863690625 0.6452697859375001 0.4692109015625 0.6524037703125 0.48804623906250005 0.6516555375 0.5323207734375 0.6446548515625 0.575679175 0.606477528125 0.540827603125 0.57164535625 0.519233284375 0.56178115625 0.464350828125 0.5653909609375 0.43955893437500004 0.5887729546875 0.42975749687500003 0.62752336875
1 0.41992051874999997 0.096816075 0.43913433125 0.0991502828125 0.46186407812499997 0.1182618078125 0.499156275 0.11368290156250001 0.5184797359375 0.10505245468749999 0.5364484703125 0.1091039953125 0.5686011796875 0.086382665625 0.5690893046875 0.07850045 0.5082007609375 0.0687676046875 0.44833799531249996 0.0792467390625 0.41992051874999997 0.096816075
1 0.7836955328124999 0.47455330625 0.78710181875 0.5022952796875 0.801335321875 0.5114988171875 0.8156289453125 0.4737612890625 0.8187769906250001 0.40453868125000003 0.848658840625 0.36332270312500003 0.837782090625 0.345884725 0.8208497234375001 0.2791276828125 0.7950921671875 0.235356625 0.7837272937499999 0.2258008625 0.7370722515625 0.22527155625 0.7449707234375 0.254026415625 0.7615847328124999 0.270759946875 0.7819835046875 0.3183178921875 0.7910669343750001 0.3922964859375 0.7836955328124999 0.47455330625
4 0.626270975 0.29519666718750004 0.68017718125 0.30735129375 0.7017715 0.31721549375 0.7026380999999999 0.3124157203125 0.6832651078125 0.2850697546875 0.6188606296875 0.25855959375 0.566846803125 0.261817175 0.5146136828125 0.28700407031249997 0.5058981421875 0.2990253984375 0.50665509375 0.30519028125 0.51801996875 0.3147460453125 0.57138851875 0.2988064734375 0.626270975 0.29519666718750004
3 0.5652126625 0.3433695484375 0.5511383390625 0.3591777625 0.577224840625 0.37005485 0.625991559375 0.36406705 0.6465600984375001 0.3537192703125 0.6042380609375 0.32919109375 0.587026278125 0.331304434375 0.5652126625 0.3433695484375
5 0.450863690625 0.6452697859375001 0.4692109015625 0.6524037703125 0.4896697921875 0.653020646875 0.5323207734375 0.6446548515625 0.575679175 0.606477528125 0.42937902031249997 0.6244409296875 0.450863690625 0.6452697859375001
2 0.4731159 0.589346046875 0.44594349843750003 0.6051980484375 0.43349272812499995 0.6223713734375 0.5666948078125 0.6044517578125 0.5193924640625001 0.5867929109375 0.4731159 0.589346046875
10 0.5075394656250001 0.5851193640625 0.5373612 0.590844453125 0.5683183625 0.6058168671875 0.5720535921875001 0.60066486875 0.540827603125 0.57164535625 0.5102489171875 0.559755384375 0.464350828125 0.5653909609375 0.453633259375 0.5729647390625 0.43955893437500004 0.5887729546875 0.4314906984375 0.6179238218750001 0.43598288125 0.6189367078125 0.44594349843750003 0.6051980484375 0.4731159 0.589346046875 0.5075394656250001 0.5851193640625
6 0.4335634328125 0.492512821875 0.44530678124999995 0.5051510265625 0.4837344078125 0.5098194453125 0.5432186953125 0.4962578671875 0.5523127109375 0.48731898281249997 0.5460377953125 0.45992923281250003 0.5326708921875001 0.44592591875 0.522452034375 0.3626999984375 0.5078400546874999 0.35041401875 0.48662421250000004 0.34363225937499997 0.4697909046875 0.34882804218749996 0.453604903125 0.3711533640625 0.4422294421875 0.44451508281249996 0.4316710515625 0.47710061562500006 0.4335634328125 0.492512821875
8 0.332156759375 0.31879370156250003 0.320353290625 0.35309656718750004 0.322355321875 0.3575441171875 0.33518456875 0.3434532328125 0.35699818437499997 0.3313881203125 0.3996491640625 0.32302232656249996 0.43445120625 0.3218780859375 0.44381405156250003 0.3269862984375 0.45290806874999995 0.3180474125 0.452151115625 0.311882528125 0.41058603125 0.29351923593749996 0.372915359375 0.2950157 0.332156759375 0.31879370156250003
7 0.37799472968750003 0.3600991953125 0.3621872015625 0.385506959375 0.3789108609375 0.3912758328125 0.41620305625 0.3866969265625 0.44499901093750005 0.372210034375 0.41490844843749997 0.352437846875 0.3944495609375 0.351820971875 0.37799472968750003 0.3600991953125