0 0.46941869062499997 0 0 0.0576373671875 0 0.530581309375 0.0576373671875 1 0.530581309375 1 1 0.9423626328125 1 0.46941869062499997 0.9423626328125 0 0.46941869062499997 0
0 0.3963436453125 0.813822290625 0.4129444828125 0.8277072499999999 0.44172702656249996 0.8415440578125001 0.47595420937500005 0.844579346875 0.5308260734375 0.8392894999999999 0.5568070234375 0.8303091546875001 0.5870736437499999 0.8121171640625 0.653159896875 0.754785359375 0.688979528125 0.71564554375 0.7481952546875 0.624415615625 0.7595681937500001 0.6288094796875 0.7755770015625 0.6268438453125 0.7882172765625 0.619501528125 0.803283859375 0.5988331546875 0.8200763453125001 0.559134434375 0.830832165625 0.5143866390625 0.8287309703125001 0.4972737734375 0.8328831828125001 0.4649173703125 0.8270632546875 0.4395756796875 0.8097620187500001 0.4199864296875 0.7804125375 0.42359009375 0.775885034375 0.4198032875 0.756107315625 0.3469579625 0.73217738125 0.306469040625 0.7216132125 0.29763315625 0.6782226578125 0.2971705609375 0.6695178546875 0.2924490890625 0.5349601578125001 0.16710868125 0.5065278140625 0.15612401874999998 0.46545519375 0.15248167343750002 0.42543317187499996 0.157395759375 0.3688354015625 0.1817159515625 0.3179491890625 0.241524140625 0.2897004828125 0.3202663671875 0.284847871875 0.34691848125 0.2797454171875 0.503882715625 0.28429800781250003 0.5409605890625 0.306043465625 0.60777401875 0.3171163828125 0.675897871875 0.3337423078125 0.7230738999999999 0.3963436453125 0.813822290625
9 0.43035408906250006 0.8371501921875 0.458436234375 0.8452827125000001 0.47746337656250004 0.8458416156249999 0.5308260734375 0.8392894999999999 0.564461228125 0.82647419375 0.5870736437499999 0.8121171640625 0.653159896875 0.754785359375 0.688979528125 0.71564554375 0.7481952546875 0.624415615625 0.7595681937500001 0.6288094796875 0.7755770015625 0.6268438453125 0.7882172765625 0.619501528125 0.8161408734375 0.571198221875 0.830832165625 0.5143866390625 0.8287309703125001 0.4972737734375 0.8328831828125001 0.4649173703125 0.8270632546875 0.4395756796875 0.8097620187500001 0.4199864296875 0.783080671875 0.4232624875 0.7541064765625001 0.4630093609375 0.751138321875 0.5270669546875 0.743617575 0.554046675 0.7378227359375 0.5619960484375001 0.7245904328125 0.553487771875 0.7214386390625 0.527818475 0.728342265625 0.45169709375 0.719937484375 0.38324563437500003 0.7080808875 0.3528548671875 0.6855517515625 0.323774521875 0.676713490625 0.2959082921875 0.5978866046875 0.2274181515625 0.5726893343749999 0.1986654125 0.529273690625 0.1649117484375 0.5162832140625 0.169401921875 0.49170306249999995 0.18979084531249998 0.477661990625 0.18572458593750002 0.457017309375 0.1940497203125 0.42233155624999996 0.1983085953125 0.40120321875 0.180636825 0.3818258765625 0.1772257765625 0.3688354015625 0.1817159515625 0.3376516421875 0.21449626562500002 0.3136635171875 0.250735784375 0.2897004828125 0.3202663671875 0.2823131953125 0.370390846875 0.2797454171875 0.503882715625 0.28429800781250003 0.5409605890625 0.3005737375 0.5852844734375 0.311646653125 0.6534083265625 0.32630484375 0.706616246875 0.360690575 0.7660873609375 0.3963436453125 0.813822290625 0.43035408906250006 0.8371501921875
9 0.4924205375 0.3720967703125 0.5534374390625 0.3617096921875 0.5861554546875001 0.3634827125 0.6438289125 0.38101001874999996 0.646146846875 0.37783026875000003 0.6326727140624999 0.3563235390625 0.6164220765625 0.3452907234375 0.57661679375 0.32991219374999997 0.5545713171875 0.326828753125 0.519885565625 0.33108762812500003 0.4712922 0.354425 0.46317942343749996 0.3655541265625 0.463879821875 0.37125841406250004 0.4744439921875 0.38009429687499996 0.4924205375 0.3720967703125
9 0.374538946875 0.36051452031250003 0.33950299375 0.3619212515625 0.30158216875 0.383948203125 0.28861678281250003 0.42172944062499995 0.3043837625 0.4067653546875 0.32467824375 0.3955880765625 0.364350065625 0.387821846875 0.3967178828125 0.38674272187500003 0.4054226859375 0.3914641921875 0.413885659375 0.3831872125 0.41318526093749997 0.3774829234375 0.374538946875 0.36051452031250003
9 0.3594974546875 0.4144739609375 0.34418904375000003 0.42214388437499994 0.3294726625 0.4456644015625 0.3435137359375 0.4497306609375 0.37970865468750004 0.44673405468749994 0.40649837343749995 0.43331169062499997 0.37852459843749997 0.4150328640625 0.3594974546875 0.4144739609375
9 0.5386126875 0.39537651875 0.51831820625 0.4065537984375 0.5052193625 0.421190278125 0.5279652359375 0.42997800625 0.5748326953125 0.42567097968749995 0.5939682093750001 0.41608357656250006 0.5546214968750001 0.393410884375 0.5386126875 0.39537651875
9 0.3940417359375 0.5303808984375 0.3957927328125 0.54464161875 0.40670710000000004 0.556329646875 0.4409342828125 0.559364934375 0.49777388437500003 0.5480431953125 0.5062368562499999 0.5397662140625 0.5004169296875001 0.5144245234375 0.48799339374999995 0.5014742265625001 0.47853801406249996 0.4244663359375 0.464955509375 0.4131059125 0.4452279671875 0.4068427203125 0.429569359375 0.4116605 0.41450277812499997 0.4323288734375 0.4038804171875 0.5002214281249999 0.3940417359375 0.5303808984375
9 0.39217435625 0.66957705625 0.41179352812500003 0.6859865546874999 0.42885293437499994 0.692577353125 0.44637091093750003 0.6918739875 0.48755190156249995 0.685370025 0.5278990328125001 0.6500170171875 0.4955061265625 0.617805078125 0.47542838437499996 0.608689740625 0.4243836234375 0.61206210625 0.4013126390625 0.633713296875 0.39217435625 0.66957705625
1 0.38333504375 0.178488046875 0.40120321875 0.180636825 0.42233155624999996 0.1983085953125 0.457017309375 0.1940497203125 0.47499385624999996 0.186052190625 0.49170306249999995 0.18979084531249998 0.521619484375 0.1687467109375 0.5220780546875 0.1614525484375 0.46545519375 0.15248167343750002 0.4097745625 0.1622135390625 0.38333504375 0.178488046875
1 0.7214386390625 0.527818475 0.7245904328125 0.553487771875 0.7378227359375 0.5619960484375001 0.751138321875 0.5270669546875 0.7541064765625001 0.4630093609375 0.781921703125 0.4248523640625 0.771816103125 0.40872231562500005 0.756107315625 0.3469579625 0.73217738125 0.306469040625 0.7216132125 0.29763315625 0.6782226578125 0.2971705609375 0.6855517515625 0.323774521875 0.700993621875 0.33924935624999997 0.719937484375 0.38324563437500003 0.728342265625 0.45169709375 0.7214386390625 0.527818475
4 0.5751327171875 0.3619409921875 0.6252603390625 0.3731569515625 0.6453380796875 0.38227228750000003 0.646146846875 0.37783026875000003 0.6281452140625 0.35253673124999996 0.5682621906249999 0.32804286718750003 0.519885565625 0.33108762812500003 0.4712922 0.354425 0.46317942343749996 0.3655541265625 0.463879821875 0.37125841406250004 0.4744439921875 0.38009429687499996 0.52408795625 0.36531335625 0.5751327171875 0.3619409921875
3 0.51831820625 0.4065537984375 0.5052193625 0.421190278125 0.5294744046875001 0.4312402765625 0.5748326953125 0.42567097968749995 0.5939682093750001 0.41608357656250006 0.5546214968750001 0.393410884375 0.5386126875 0.39537651875 0.51831820625 0.4065537984375
5 0.41179352812500003 0.6859865546874999 0.42885293437499994 0.692577353125 0.447880078125 0.6931362578125 0.48755190156249995 0.685370025 0.5278990328125001 0.6500170171875 0.3918241578125 0.6667249109375 0.41179352812500003 0.6859865546874999
2 0.43252148906250004 0.634224046875 0.4072409375 0.64890868125 0.395651259375 0.6648074312500001 0.5195444296875 0.648147690625 0.47556184375 0.6318344984375 0.43252148906250004 0.634224046875
10 0.46453910625 0.6302927781250001 0.4922710515625 0.635573153125 0.5210535953125001 0.649409959375 0.5245304984375 0.644640334375 0.4955061265625 0.617805078125 0.46707378125 0.6068204140625 0.4243836234375 0.61206210625 0.41441148437499997 0.6190768171875 0.4013126390625 0.633713296875 0.39379189375 0.6606930171875 0.3979691953125 0.6616276812499999 0.4072409375 0.64890868125 0.43252148906250004 0.634224046875 0.46453910625 0.6302927781250001
6 0.3957927328125 0.54464161875 0.40670710000000004 0.556329646875 0.44244345 0.5606272046874999 0.49777388437500003 0.5480431953125 0.5062368562499999 0.5397662140625 0.5004169296875001 0.5144245234375 0.48799339374999995 0.5014742265625001 0.47853801406249996 0.4244663359375 0.464955509375 0.4131059125 0.4452279671875 0.4068427203125 0.429569359375 0.4116605 0.41450277812499997 0.4323288734375 0.4038804171875 0.5002214281249999 0.3940417359375 0.5303808984375 0.3957927328125 0.54464161875
8 0.30158216875 0.383948203125 0.29058451875 0.41569754843749995 0.292443884375 0.41981195937500004 0.3043837625 0.4067653546875 0.32467824375 0.3955880765625 0.364350065625 0.387821846875 0.3967178828125 0.38674272187500003 0.4054226859375 0.3914641921875 0.413885659375 0.3831872125 0.41318526093749997 0.3774829234375 0.374538946875 0.36051452031250003 0.33950299375 0.3619212515625 0.30158216875 0.383948203125
7 0.34418904375000003 0.42214388437499994 0.3294726625 0.4456644015625 0.34502290156250004 0.4509929296875 0.37970865468750004 0.44673405468749994 0.40649837343749995 0.43331169062499997 0.37852459843749997 0.4150328640625 0.3594974546875 0.4144739609375 0.34418904375000003 0.42214388437499994