0 0.0878318078125 0 0 0.451855478125 0 0.9121681921875 0.451855478125 1 0.9121681921875 1 1 0.5481445218750001 1 0.0878318078125 0.5481445218750001 0 0.0878318078125 0
0 0.36198834375 0.74758109375 0.3825039703125 0.75336244375 0.43509891562499997 0.7653793796875 0.45889816562499997 0.7628314234375 0.5491744046875 0.7265738875000001 0.6118472890625 0.68674431875 0.6942219125 0.596938921875 0.7205572296875 0.59847095625 0.748311965625 0.5841372625 0.8061397843749999 0.5092891171875 0.8258415203125 0.4593132875 0.8197284187499999 0.42225471406250004 0.8489025703124999 0.3920552890625 0.8775562390625 0.3474065703125 0.8815874156250001 0.3266679671875 0.875247240625 0.316467984375 0.8545045421875 0.337545228125 0.7996669359374999 0.362756184375 0.7411009171875 0.3728942859375 0.721853325 0.3691529328125 0.5739856921875 0.3762806828125 0.44820448281249997 0.3554183234375 0.4335085484375 0.3453876609375 0.3950133640625 0.33790495468750004 0.3641263890625 0.34266222812499997 0.3241360984375 0.3599981171875 0.2989174328125 0.3784118046875 0.2832468734375 0.40764903124999996 0.259220553125 0.43705557968750003 0.22393330156250002 0.43019643125 0.21811360937500002 0.4344457453125 0.2198264328125 0.4598878984375 0.24436388281250002 0.5220499859375 0.254725878125 0.5886307046875 0.275534915625 0.6357199375 0.3390123390625 0.7287668890625 0.36198834375 0.74758109375
1 0.7298969703125 0.48191440781250006 0.7395207671875 0.483785084375 0.76473943125 0.4653713984375 0.789361925 0.44146128124999995 0.8236082140625 0.419421840625 0.8489025703124999 0.3920552890625 0.8775562390625 0.3474065703125 0.8815874156250001 0.3266679671875 0.875247240625 0.316467984375 0.8545045421875 0.337545228125 0.7996669359374999 0.362756184375 0.7430408140625 0.3714778484375 0.7267647296875 0.472337984375 0.7298969703125 0.48191440781250006
9 0.3837720046875 0.7554024390625 0.43509891562499997 0.7653793796875 0.45889816562499997 0.7628314234375 0.5491744046875 0.7265738875000001 0.6118472890625 0.68674431875 0.6942219125 0.596938921875 0.7205572296875 0.59847095625 0.748311965625 0.5841372625 0.7963646078125 0.52532416875 0.8238259328125 0.4696825890625 0.8259929015624999 0.4414075609375 0.817788521875 0.42367115312500003 0.7395207671875 0.483785084375 0.7298969703125 0.48191440781250006 0.7267647296875 0.472337984375 0.7411009171875 0.3728942859375 0.721853325 0.3691529328125 0.647919509375 0.3727168078125 0.6599279921875 0.3965732046875 0.599649146875 0.3812691546875 0.5341467828125 0.3757108453125 0.513555465625 0.37888235937500003 0.5059472578124999 0.36664238125000004 0.44820448281249997 0.3554183234375 0.4335085484375 0.3453876609375 0.41933309375 0.34980629375 0.4110530234375 0.3410227484375 0.3950133640625 0.33790495468750004 0.3641263890625 0.34266222812499997 0.3241360984375 0.3599981171875 0.2989174328125 0.3784118046875 0.2832468734375 0.40764903124999996 0.259220553125 0.43705557968750003 0.22393330156250002 0.43019643125 0.21811360937500002 0.4344457453125 0.2198264328125 0.4598878984375 0.24436388281250002 0.5220499859375 0.254725878125 0.5886307046875 0.275534915625 0.6357199375 0.3390123390625 0.7287668890625 0.35303640937499997 0.7422539828125 0.3837720046875 0.7554024390625
9 0.3259246140625 0.3764874078125 0.3521085515625 0.3959251703125 0.3982876328125 0.406694990625 0.4105231890625 0.40369279531249996 0.39150266875 0.373092853125 0.3800146671875 0.36368575000000003 0.360767075 0.359944396875 0.3259246140625 0.3764874078125
9 0.5189210140625 0.4283502296875 0.549656609375 0.4414986859375 0.57979603125 0.44915071093750003 0.6126229046875 0.44297700156250003 0.5865146578125 0.41458637343750004 0.5576432687499999 0.40897434375 0.5189210140625 0.4283502296875
9 0.3849167171875 0.5439901421875 0.416920346875 0.5591785953125 0.47473881249999994 0.5614497890625 0.4915260265625 0.5521582859375 0.49488534062499995 0.5348761171875 0.4860847875 0.5116432796875 0.48623616875 0.4937375515625 0.493929421875 0.41990532500000005 0.4728933125 0.3996746828125 0.4433500625 0.3975190859375 0.42656284843750003 0.40681059062499997 0.3957422109375 0.47973433906249996 0.3736557859375 0.5077244484375 0.3709683359375 0.521550184375 0.3849167171875 0.5439901421875
9 0.3693124953125 0.6413938453125 0.3974363296875 0.659415171875 0.4417512046875 0.6626485671875 0.47398190625 0.6509784265625 0.503080365625 0.6297318656249999 0.492860396875 0.6223647578125 0.4639890109375 0.6167527296875 0.45570893906250004 0.6079691859375 0.3819265046875 0.5936273328125 0.3401476984375 0.59447393125 0.3693124953125 0.6413938453125
4 0.513555465625 0.37888235937500003 0.5341467828125 0.3757108453125 0.599649146875 0.3812691546875 0.6618678906250001 0.3951567671875 0.650455578125 0.37679680000000004 0.63441591875 0.37367900625 0.6003210109375 0.37781271875 0.509155190625 0.367265940625 0.513555465625 0.37888235937500003
3 0.5509246421875 0.44353868125 0.57979603125 0.44915071093750003 0.6126229046875 0.44297700156250003 0.5865146578125 0.41458637343750004 0.5576432687499999 0.40897434375 0.5189210140625 0.4283502296875 0.5509246421875 0.44353868125
5 0.3987043640625 0.66145516875 0.4417512046875 0.6626485671875 0.47398190625 0.6509784265625 0.503080365625 0.6297318656249999 0.44003837968750004 0.6372064125 0.39191940000000003 0.6278530296875 0.3426837671875 0.598553925 0.3693124953125 0.6413938453125 0.3987043640625 0.66145516875
2 0.39191940000000003 0.6278530296875 0.44003837968750004 0.6372064125 0.4895767765625 0.6306940640625001 0.376031121875 0.6068295078125 0.3433556296875 0.5950974890625 0.39191940000000003 0.6278530296875
10 0.376031121875 0.6068295078125 0.49151667187500003 0.6292776250000001 0.49412843281249996 0.624404753125 0.4639890109375 0.6167527296875 0.45570893906250004 0.6079691859375 0.3819265046875 0.5936273328125 0.35044335625 0.5928881734375 0.376031121875 0.6068295078125
6 0.41818838124999996 0.561218590625 0.47473881249999994 0.5614497890625 0.4915260265625 0.5521582859375 0.49488534062499995 0.5348761171875 0.4860847875 0.5116432796875 0.48623616875 0.4937375515625 0.493929421875 0.41990532500000005 0.4728933125 0.3996746828125 0.45364572187499996 0.3959333296875 0.42656284843750003 0.40681059062499997 0.3957422109375 0.47973433906249996 0.3736557859375 0.5077244484375 0.3709683359375 0.521550184375 0.3849167171875 0.5439901421875 0.41818838124999996 0.561218590625
8 0.41933309375 0.34980629375 0.4315686515625 0.3468040984375 0.41232105937499997 0.343062746875 0.41933309375 0.34980629375
7 0.3533765859375 0.39796516875 0.3982876328125 0.406694990625 0.4105231890625 0.40369279531249996 0.39150266875 0.373092853125 0.3800146671875 0.36368575000000003 0.360767075 0.359944396875 0.3259246140625 0.3764874078125 0.3533765859375 0.39796516875