0 0.473796109375 0 0 0.049797978124999996 0 0.526203890625 0.049797978124999996 1 0.526203890625 1 1 0.9502020218749999 1 0.473796109375 0.9502020218749999 0 0.473796109375 0
0 0.7841009031249999 0.42666856875 0.7458500609375001 0.4306888953125 0.72299148125 0.39718041875 0.7090227546875 0.364627634375 0.68386571875 0.342701053125 0.6428641265625 0.32054974999999997 0.610389090625 0.31262269531250003 0.5686609 0.3170085046875 0.55206008125 0.326313534375 0.41605049375 0.3368286109375 0.25911748437500004 0.315521871875 0.2382533890625 0.3177147765625 0.17678066718750002 0.3014951828125 0.1206907859375 0.269589403125 0.100553290625 0.24524519531250003 0.0928423265625 0.255505915625 0.0952001125 0.277938740625 0.12156570625 0.32808909375 0.14983679218749998 0.3629187453125 0.1398570359375 0.4017687234375 0.156183546875 0.4567543328125 0.21082022656250002 0.5417343375 0.23906165000000001 0.5595566296875 0.2672734078125 0.5603715609375 0.34667416093750003 0.6635393406250001 0.40974840468749996 0.7117215140625001 0.5025765984375 0.7586664703125 0.5277039718750001 0.763585690625 0.584883753125 0.7556858 0.6072900406249999 0.7514407515625 0.6335369796875 0.7335616609375 0.7098903437499999 0.6404842078125 0.7364709171875 0.5923292 0.7537390078125 0.5224723375 0.7857024234375001 0.458631146875 0.7899063734375 0.43172855 0.7841009031249999 0.42666856875
1 0.0952001125 0.277938740625 0.12156570625 0.32808909375 0.1459664796875 0.359545425 0.1804063359375 0.3861665015625 0.2044141453125 0.41388402968750004 0.22957118125 0.435810609375 0.2400032296875 0.4347141578125 0.24423684375 0.4248189203125 0.23631823125 0.3160281171875 0.17678066718750002 0.3014951828125 0.1206907859375 0.269589403125 0.100553290625 0.24524519531250003 0.0928423265625 0.255505915625 0.0952001125 0.277938740625
9 0.7899063734375 0.43172855 0.7841009031249999 0.42666856875 0.7458500609375001 0.4306888953125 0.72299148125 0.39718041875 0.7090227546875 0.364627634375 0.68386571875 0.342701053125 0.6428641265625 0.32054974999999997 0.610389090625 0.31262269531250003 0.5930023453125 0.3144501171875 0.583356225 0.32302417656250004 0.5686609 0.3170085046875 0.55206008125 0.326313534375 0.48946779375 0.3328922484375 0.48021463906250006 0.3452051140625 0.45856461406250004 0.339920409375 0.3882317015625 0.339752484375 0.322555028125 0.35043548750000003 0.3375839890625 0.3261752421875 0.25911748437500004 0.315521871875 0.2382533890625 0.3177147765625 0.24423684375 0.4248189203125 0.2400032296875 0.4347141578125 0.22957118125 0.435810609375 0.1517719484375 0.36460540625000004 0.141369565625 0.3827092171875 0.14103592812500002 0.4129851359375 0.1651030671875 0.474717384375 0.21082022656250002 0.5417343375 0.23906165000000001 0.5595566296875 0.2672734078125 0.5603715609375 0.34667416093750003 0.6635393406250001 0.40974840468749996 0.7117215140625001 0.5025765984375 0.7586664703125 0.5277039718750001 0.763585690625 0.5833415609375 0.75773794375 0.617329125 0.74660549375 0.6335369796875 0.7335616609375 0.7098903437499999 0.6404842078125 0.7364709171875 0.5923292 0.7537390078125 0.5224723375 0.7857024234375001 0.458631146875 0.7899063734375 0.43172855
9 0.6804180328125 0.3600738984375 0.6448289468749999 0.3392437703125 0.623964853125 0.3414366765625 0.6108413828125 0.3503762203125 0.5877084953125 0.3811583828125 0.6004686640625 0.38548739374999996 0.6506937453125 0.378318471875 0.6804180328125 0.3600738984375
9 0.430412184375 0.3731202 0.399116040625 0.37640955625 0.3686354890625 0.4041838828125 0.4030456828125 0.4137975984375 0.43588401718750003 0.408456096875 0.46987158281249997 0.397323646875 0.430412184375 0.3731202
9 0.49729741406250005 0.3906609703125 0.4985949609375 0.469906825 0.49708243281250003 0.4889663296875 0.48553082031250006 0.512861090625 0.48749564218749997 0.5315551109375 0.5045190875000001 0.542996246875 0.5663551109375 0.5459472859375001 0.60188486875 0.5327626921874999 0.6188489859375 0.51018910625 0.6172771296875 0.4952338890625 0.5963537062500001 0.4634120734375 0.5703217484375 0.382985803125 0.5532983015624999 0.3715446671875 0.52160919375 0.37109522031250003 0.49729741406250005 0.3906609703125
9 0.4969564453125 0.638293771875 0.530217409375 0.6536984343750001 0.5777510703125001 0.6543726046875 0.6094105140625 0.637814690625 0.6448809437499999 0.5906153765625 0.6004316671875001 0.5858369171875 0.520452634375 0.5942430515625 0.5108065140625 0.6028171140625 0.4795103703125 0.606106471875 0.46792909375 0.6129938703125 0.4969564453125 0.638293771875
4 0.45856461406250004 0.339920409375 0.48021463906250006 0.3452051140625 0.48599044375 0.33325773281250004 0.3878387375 0.33601368125 0.35188635156250003 0.328452109375 0.3344996046875 0.33027953125 0.320619871875 0.3487488265625 0.3882317015625 0.339752484375 0.45856461406250004 0.339920409375
3 0.46987158281249997 0.397323646875 0.430412184375 0.3731202 0.399116040625 0.37640955625 0.3686354890625 0.4041838828125 0.4030456828125 0.4137975984375 0.434341825 0.41050824218750004 0.46987158281249997 0.397323646875
5 0.530217409375 0.6536984343750001 0.576208878125 0.6564247484375 0.6094105140625 0.637814690625 0.6417965578125 0.5947196640625 0.5865815984375 0.6213135750000001 0.5344213578125 0.6267958375 0.46792909375 0.6129938703125 0.4969564453125 0.638293771875 0.530217409375 0.6536984343750001
2 0.605480871875 0.60042665 0.48223145624999997 0.6152707390625001 0.5344213578125 0.6267958375 0.5865815984375 0.6213135750000001 0.64140359375 0.590980859375 0.605480871875 0.60042665
10 0.605480871875 0.60042665 0.63405593125 0.5879730249999999 0.6004316671875001 0.5858369171875 0.520452634375 0.5942430515625 0.5108065140625 0.6028171140625 0.477968178125 0.6081586140625 0.4802962984375 0.6135840796875 0.605480871875 0.60042665
6 0.52160919375 0.37109522031250003 0.49729741406250005 0.3906609703125 0.4985949609375 0.469906825 0.49708243281250003 0.4889663296875 0.48553082031250006 0.512861090625 0.48749564218749997 0.5315551109375 0.5045190875000001 0.542996246875 0.5648129171875 0.5479994296874999 0.60188486875 0.5327626921874999 0.6188489859375 0.51018910625 0.6172771296875 0.4952338890625 0.5963537062500001 0.4634120734375 0.5703217484375 0.382985803125 0.542473290625 0.36890231562500003 0.52160919375 0.37109522031250003
8 0.5914601515625 0.316502259375 0.57059605625 0.3186951640625 0.583356225 0.32302417656250004 0.5914601515625 0.316502259375
7 0.6491515531250001 0.380370615625 0.6804180328125 0.3600738984375 0.6448289468749999 0.3392437703125 0.623964853125 0.3414366765625 0.6108413828125 0.3503762203125 0.5877084953125 0.3811583828125 0.6004686640625 0.38548739374999996 0.6491515531250001 0.380370615625