0 0.4956365609375 0 0 0.008651368750000001 0 0.5043634390625 0.008651368750000001 1 0.5043634390625 1 1 0.99134863125 1 0.4956365609375 0.99134863125 0 0.4956365609375 0
0 1 0.6116456390625 0.9987717796875 0.610106328125 0.85292445625 0.4796531234375 0.8394662046875 0.4479682828125 0.8389711015625 0.419603809375 0.8221637578125 0.38088414843749996 0.8058515171874999 0.3705289609375 0.80237865 0.356403021875 0.7710883328125 0.31970948125 0.6386028609375 0.3078354671875 0.4605916484375 0.2754762703125 0.35086904375 0.27384484531250003 0.33334641875000004 0.28656394218750003 0.327205228125 0.3044043328125 0.3199429140625 0.44285003749999996 0.30809374843750004 0.5033497359375 0.3121854953125 0.5529312671875 0.32942605468749997 0.616469840625 0.30114087343749996 0.6595232359375001 0.288734715625 0.6881128999999999 0.2892298203125 0.716477375 0.34018146875 0.770560921875 0.3597190234375 0.7808598109375 0.3823581171875 0.784011284375 0.4048115484375 0.7765260796875 0.41278200312499996 0.7710669953125 0.4109527375 0.7586856859375 0.44370099375 0.786487178125 0.4777834109375 0.79830550625 0.5407079984375 0.798980475 0.5825133203124999 0.79115748125 0.6016795484374999 0.7801830140625 0.6333757078125 0.74771 0.6525419343750001 0.736735534375 0.715810478125 0.6646983875 0.7396599562499999 0.644775578125 0.7737768890625001 0.5661539953125 0.784848884375 0.553547496875 0.7977501453125 0.5533223031250001 0.8026809500000001 0.5585561953125 0.8097504593749999 0.593899190625 0.8080104546875001 0.679048909375 0.8195156671875001 0.6912613234375 0.8874329484375 0.700715740625 0.9325254718749999 0.6963820093749999 1 0.7253210343750001 1 0.6116456390625
1 0.7411595515625 0.36101824374999997 0.7485385 0.41408903593749996 0.757004059375 0.43699442499999996 0.7933834734375 0.39557306875 0.805727740625 0.3634378421875 0.7710883328125 0.31970948125 0.7194214031249999 0.3170646921875 0.717901578125 0.3224111796875 0.7310503890625 0.3363682234375 0.7411595515625 0.36101824374999997
1 1 0.6148899125 0.9692488390625 0.5822485359375 0.8545680578124999 0.4813977546875 0.8411098062500001 0.44971291406249997 0.8309661296874999 0.5155028015625 0.8247630515625 0.529797634375 0.7993937468750001 0.5550669328125 0.8097504593749999 0.593899190625 0.8080104546875001 0.679048909375 0.8195156671875001 0.6912613234375 0.8324788140624999 0.6945816890625001 0.8874329484375 0.700715740625 0.9325254718749999 0.6963820093749999 1 0.7267434703125 1 0.6148899125
1 0.2892298203125 0.716477375 0.34018146875 0.770560921875 0.36945685781250004 0.7842364765625 0.4048115484375 0.7765260796875 0.412720115625 0.7675214359375 0.3795386453125 0.714901028125 0.34263675625 0.6339724453125 0.327844340625 0.6182707703125 0.288734715625 0.6881128999999999 0.2892298203125 0.716477375
9 0.399447528125 0.7464732734374999 0.44370099375 0.786487178125 0.47942701249999997 0.8000501375000001 0.5664486328125 0.7949845296875 0.6016795484374999 0.7801830140625 0.6206601109375 0.7585718703125 0.6525419343750001 0.736735534375 0.715810478125 0.6646983875 0.7396599562499999 0.644775578125 0.7737768890625001 0.5661539953125 0.784848884375 0.553547496875 0.8009754593749999 0.55326600625 0.8105276281249999 0.5460059921875 0.8309661296874999 0.5155028015625 0.8397756453125 0.46569607968750004 0.8389711015625 0.419603809375 0.82052015625 0.3791395171875 0.8010444890624999 0.37238618749999997 0.7933834734375 0.39557306875 0.757004059375 0.43699442499999996 0.7485385 0.41408903593749996 0.737748571875 0.350437865625 0.7161960875 0.317120990625 0.4605916484375 0.2754762703125 0.35086904375 0.27384484531250003 0.33334641875000004 0.28656394218750003 0.3244131296875 0.329279546875 0.326489946875 0.3558430921875 0.3423689703125 0.34137936562500004 0.384236178125 0.3371019296875 0.4265984921875 0.36118896875 0.42836586875 0.37002471875 0.41394478437500004 0.37559639843750003 0.3555177828125 0.355336409375 0.32180669375000004 0.3647914375 0.3199429140625 0.44285003749999996 0.30809374843750004 0.5033497359375 0.3191931171875 0.5847287046874999 0.32942605468749997 0.616469840625 0.34263675625 0.6339724453125 0.3595059859375 0.676237665625 0.399447528125 0.7464732734374999
9 0.5453781609374999 0.3271959078125 0.5005331890625 0.3457118765625 0.48946119374999997 0.3583183765625 0.4960974875 0.36884245937500004 0.5554254328125 0.3483003671875 0.6038051609374999 0.347455896875 0.623342715625 0.3577547859375 0.6540760421875 0.3625382921875 0.6327092203125 0.3398580953125 0.5808566265625 0.326576628125 0.5453781609374999 0.3271959078125
9 0.40774170468750004 0.38989123124999997 0.3818154078125 0.383250496875 0.351515296875 0.40328590625 0.3742781671875 0.41352849531249997 0.41462555156249997 0.41459755 0.425821321875 0.4090821671875 0.40774170468750004 0.38989123124999997
9 0.5528189984375 0.383812259375 0.5368162 0.3911848671875 0.5225807765625 0.407393225 0.5419945562499999 0.41060099531249994 0.5984066265625 0.407843 0.60637708125 0.40238391562500003 0.59164655625 0.3902278 0.5721708890625 0.38347447031250004 0.5528189984375 0.383812259375
9 0.4016278875 0.5017170921874999 0.4018754390625 0.515899328125 0.4199550578125 0.535090265625 0.450812159375 0.5469648890625 0.51026388125 0.53351391875 0.5245611921875 0.52085111875 0.5242517515625 0.503123325 0.507691959375 0.4785859 0.5000035703125 0.4077873125 0.4722480078125 0.38876526875 0.4528961171875 0.3891030578125 0.4385988078125 0.4017658578125 0.41725936093750005 0.47307112812499996 0.4016278875 0.5017170921874999
9 0.40987326875 0.6044257125 0.41694277968750004 0.6397687078125001 0.435208059375 0.6695963218750001 0.46606516249999996 0.681470946875 0.49028596875 0.6828214921875 0.5351928296875 0.66785108125 0.5653691640625 0.64072455625 0.5905528062500001 0.604818578125 0.5661463343750001 0.5928313578125 0.514293740625 0.579549890625 0.42082148906250005 0.5847280921875 0.4162620125 0.60076755625 0.40987326875 0.6044257125
9 0.5841640625 0.608476734375 0.5631066828125 0.6035243328125001 0.569804865625 0.6175939734375 0.5841640625 0.608476734375
4 0.5005331890625 0.3457118765625 0.48946119374999997 0.3583183765625 0.49774108906250003 0.3705870890625 0.5232960578125 0.3559544671875 0.54264795 0.355616678125 0.5554254328125 0.3483003671875 0.6038051609374999 0.347455896875 0.623342715625 0.3577547859375 0.6540760421875 0.3625382921875 0.6327092203125 0.3398580953125 0.5808566265625 0.326576628125 0.5453781609374999 0.3271959078125 0.5005331890625 0.3457118765625
3 0.5368162 0.3911848671875 0.5225807765625 0.407393225 0.5436381578125 0.4123456265625 0.5984066265625 0.407843 0.60637708125 0.40238391562500003 0.59164655625 0.3902278 0.5528189984375 0.383812259375 0.5368162 0.3911848671875
10 0.4179056140625 0.6025121875 0.5565941640625 0.6000913703124999 0.5696192015625 0.6069572953125 0.5905528062500001 0.604818578125 0.5661463343750001 0.5928313578125 0.514293740625 0.579549890625 0.4336608609375 0.5809573421875001 0.42082148906250005 0.5847280921875 0.41620012500000003 0.5972219984375 0.4179056140625 0.6025121875
5 0.4135318 0.6291883296874999 0.43027725625 0.6643624296875 0.46770876406250006 0.683215578125 0.49028596875 0.6828214921875 0.5351928296875 0.66785108125 0.5511337421875 0.6569329140625 0.58422595 0.6120222921875 0.579357034375 0.6103339609375 0.5122442953124999 0.6469718125 0.451025196875 0.6515870359375 0.4264949484375 0.6325086953125 0.4114549828125 0.6026247828125 0.4135318 0.6291883296874999
2 0.41316047187500005 0.6079149734375 0.4264949484375 0.6325086953125 0.451025196875 0.6515870359375 0.5122442953124999 0.6469718125 0.5681612640625 0.6158493421875 0.5565941640625 0.6000913703124999 0.41468029843750004 0.6025684859375 0.41316047187500005 0.6079149734375
6 0.4018754390625 0.515899328125 0.4199550578125 0.535090265625 0.4524557609375 0.5487095203125001 0.51026388125 0.53351391875 0.5245611921875 0.52085111875 0.5242517515625 0.503123325 0.507691959375 0.4785859 0.5000035703125 0.4077873125 0.4722480078125 0.38876526875 0.4528961171875 0.3891030578125 0.4385988078125 0.4017658578125 0.41725936093750005 0.47307112812499996 0.4016278875 0.5017170921874999 0.4018754390625 0.515899328125
8 0.32174480625 0.3612458765625 0.3555177828125 0.355336409375 0.41394478437500004 0.37559639843750003 0.42678415625 0.3718256484375 0.42824209375000005 0.36293359999999997 0.384236178125 0.3371019296875 0.3423689703125 0.34137936562500004 0.32174480625 0.3612458765625
7 0.3818154078125 0.383250496875 0.351515296875 0.40328590625 0.37592176875 0.41527312656250004 0.41462555156249997 0.41459755 0.425821321875 0.4090821671875 0.40774170468750004 0.38989123124999997 0.3818154078125 0.383250496875