0 0.4956365609375 0 0 0.008651368750000001 0 0.5043634390625 0.008651368750000001 1 0.5043634390625 1 1 0.99134863125 1 0.4956365609375 0.99134863125 0 0.4956365609375 0
0 0.351675871875 0.8108551359374999 0.3499141234375 0.798897759375 0.38144344218750004 0.8257488484375 0.4142563609375 0.8371642234375001 0.47483602812500003 0.8378193906250001 0.5150830125 0.8302665171875001 0.533534409375 0.8196689109375 0.5640476640625 0.7883096859375 0.5824990609375 0.777712078125 0.64340603125 0.7081453609375 0.6663656828125 0.6889061109375 0.6992070625 0.6129789203125 0.7098657828125 0.6008047453125 0.72228625 0.6005879453125 0.7270335796875 0.6056428484375 0.7338414984375 0.639775809375 0.7321708265625 0.7220092703125001 0.743247925 0.733804046875 0.808634690625 0.7429382546875 0.8520465609375 0.73875531875 0.9208970531249999 0.7683801406249999 0.946722746875 0.7353901484375001 0.9494692515625 0.7147911328125 0.9332862125 0.6773966375 0.9158195734374999 0.6554378546875 0.7754005453125 0.5294446578125 0.7624421609375001 0.49884423437500003 0.7619640125 0.47145114687499995 0.7457809734375 0.43405665156250006 0.7300760828125 0.42405524375 0.7267318921875 0.4104129 0.696605709375 0.3749743734375 0.5690568359375 0.36350003124999997 0.3976777125 0.3322396703125 0.2920439640625 0.3306583359375 0.275175009375 0.3429409109375 0.26926361718749997 0.360169990625 0.2622792390625 0.49387389375 0.25087483593750004 0.55230100625 0.2548167125 0.6001847078125 0.27141813125 0.6615481546875001 0.24418929843749998 0.7031255875 0.23224697968750002 0.7307354734375 0.232725128125 0.7581285624999999 0.281780853125 0.8103625687499999 0.3005908609375 0.8203097765624999 0.3223864484375 0.8233545124999999 0.3440027328125 0.8161268390625 0.351675871875 0.8108551359374999
1 0.667794434375 0.41486683593749996 0.6749011984375 0.46612047656250005 0.6830524859375 0.488241859375 0.71807399375 0.4482409953125 0.7299565453125 0.41720697187500005 0.696605709375 0.3749743734375 0.64686406875 0.3724174375 0.6454011625 0.377580740625 0.6580607046875 0.3910604859375 0.667794434375 0.41486683593749996
1 0.808634690625 0.7429382546875 0.8520465609375 0.73875531875 0.9177919343750001 0.768434340625 0.931615540625 0.7596301000000001 0.946722746875 0.7353901484375001 0.9495887890624999 0.7216394046875 0.9332862125 0.6773966375 0.8873953718750001 0.6285325671875001 0.7769829890625 0.5311296265625 0.764024603125 0.5005292015625 0.7542624109375 0.5640654171875 0.7482912500000001 0.5778703609375 0.72386869375 0.6022729124999999 0.7338414984375 0.639775809375 0.7321708265625 0.7220092703125001 0.743247925 0.733804046875 0.7557281625 0.7370113828125 0.808634690625 0.7429382546875
1 0.232725128125 0.7581285624999999 0.281780853125 0.8103625687499999 0.30996598125 0.8235713125 0.3440027328125 0.8161268390625 0.35161610312499997 0.807431 0.3196684046875 0.7566109609375 0.284137440625 0.678452034375 0.26989545625 0.6632873218750001 0.23224697968750002 0.7307354734375 0.232725128125 0.7581285624999999
9 0.3388370234375 0.7871029843749999 0.38144344218750004 0.8257488484375 0.41583880312500004 0.838849190625 0.49961719687499995 0.8339616546874999 0.533534409375 0.8196689109375 0.5518065015625 0.7987988953125 0.5824990609375 0.777712078125 0.64340603125 0.7081453609375 0.6663656828125 0.6889061109375 0.6992070625 0.6129789203125 0.7098657828125 0.6008047453125 0.72539136875 0.6005337453124999 0.7345871828125 0.5935228718750001 0.7542624109375 0.5640654171875 0.762741003125 0.5159649140625 0.7619640125 0.47145114687499995 0.74419853125 0.43237168437499995 0.7254482921875 0.42584861093750004 0.71807399375 0.4482409953125 0.6830524859375 0.488241859375 0.6749011984375 0.46612047656250005 0.6645100140625 0.404648628125 0.6437589515625 0.3724716375 0.3976777125 0.3322396703125 0.2920439640625 0.3306583359375 0.275175009375 0.3429409109375 0.26657688125 0.38419314375 0.26857770312499996 0.4098470625 0.2838642140625 0.39587951875 0.3241709671875 0.39175078281250003 0.36495586874999997 0.41501513437500004 0.3666578484375 0.4235483734375 0.35277447500000003 0.428928478125 0.29652375625 0.40935926250000004 0.2640694484375 0.41848870156249995 0.2622792390625 0.49387389375 0.25087483593750004 0.55230100625 0.2615648625 0.63089353125 0.27141813125 0.6615481546875001 0.284137440625 0.678452034375 0.30038025 0.7192706656250001 0.3388370234375 0.7871029843749999
9 0.4793072828125 0.3821925109375 0.43613448750000006 0.400071990625 0.42547576718749996 0.41224616718749996 0.4318653078125 0.4224101734375 0.4889812453125 0.40257472656250004 0.535558003125 0.4017617265625 0.5543680109375 0.4117089328125 0.583956275 0.41633023593749996 0.5633845187500001 0.394425653125 0.513463571875 0.3815963109375 0.4793072828125 0.3821925109375
9 0.346803315625 0.44273342187500003 0.32184284218750003 0.43631875000000003 0.29267295625 0.455666396875 0.3145880796875 0.46555940625 0.353431928125 0.4665939734375 0.3642101859375 0.46126806875000004 0.346803315625 0.44273342187500003
9 0.48647381406249995 0.43687028593750005 0.47106776562499997 0.44398955625000003 0.457363696875 0.45964206875 0.47605416875 0.4627410046875 0.5303638328125 0.4600804375 0.538036971875 0.45480873125 0.52385475625 0.44306815625 0.505104515625 0.43654508593749997 0.48647381406249995 0.43687028593750005
9 0.34092323125 0.5507292046875001 0.3411623046875 0.5644257484375 0.358569175 0.5829603953125 0.3882769765625 0.5944299703125 0.4455124515625 0.58144279375 0.45927629062499997 0.56921441875 0.458977446875 0.5520937390625 0.4430334828125 0.5283957890625001 0.43562787812500003 0.46002146875000005 0.40890565468749995 0.44164942187499995 0.3902749546875 0.44197462187500003 0.376511115625 0.454202996875 0.3559706671875 0.5230651171875 0.34092323125 0.5507292046875001
9 0.3488667515625 0.6499207453125 0.3556746703125 0.6840537062500001 0.373260846875 0.7128607625 0.40296865000000004 0.7243303359375 0.4262869109375 0.7256359046874999 0.4695194765625 0.7111805609374999 0.498569825 0.684984640625 0.5228130765625 0.65030968125 0.49931550781249995 0.6387317046875001 0.4493945609375 0.6259023625 0.359405934375 0.6308982984375 0.3550172171875 0.6463882109375 0.3488667515625 0.6499207453125
9 0.516662609375 0.6538422171875 0.496389696875 0.6490583140624999 0.5028390046875 0.6626464578125 0.516662609375 0.6538422171875
4 0.43613448750000006 0.400071990625 0.42547576718749996 0.41224616718749996 0.43344775 0.4240951421875 0.4580496125 0.409964996875 0.476680315625 0.40963979687499996 0.4889812453125 0.40257472656250004 0.535558003125 0.4017617265625 0.5543680109375 0.4117089328125 0.583956275 0.41633023593749996 0.5633845187500001 0.394425653125 0.513463571875 0.3815963109375 0.4793072828125 0.3821925109375 0.43613448750000006 0.400071990625
3 0.47106776562499997 0.44398955625000003 0.457363696875 0.45964206875 0.4776366125 0.464425971875 0.5303638328125 0.4600804375 0.538036971875 0.45480873125 0.52385475625 0.44306815625 0.48647381406249995 0.43687028593750005 0.47106776562499997 0.44398955625000003
10 0.356599659375 0.648073178125 0.4901196921875 0.645742578125 0.5026596984375 0.6523740499999999 0.5228130765625 0.65030968125 0.49931550781249995 0.6387317046875001 0.4493945609375 0.6259023625 0.371766634375 0.6272573625 0.359405934375 0.6308982984375 0.3549574484375 0.642964075 0.356599659375 0.648073178125
5 0.352390246875 0.6738354984375 0.36851351875 0.70780585625 0.40455109218749996 0.7260153046875 0.4262869109375 0.7256359046874999 0.4695194765625 0.7111805609374999 0.48486575624999995 0.700637153125 0.516722378125 0.657266353125 0.51203481875 0.6556355843749999 0.44742504531250005 0.6910151453125 0.3884875890625 0.69546908125 0.364870484375 0.677042834375 0.3503894265625 0.648181578125 0.352390246875 0.6738354984375
2 0.35203163593750003 0.6532906828125 0.364870484375 0.677042834375 0.3884875890625 0.69546908125 0.44742504531250005 0.6910151453125 0.5012565609374999 0.660961490625 0.4901196921875 0.645742578125 0.3534945421875 0.648127378125 0.35203163593750003 0.6532906828125
6 0.3411623046875 0.5644257484375 0.358569175 0.5829603953125 0.3898594203125 0.5961149390625 0.4455124515625 0.58144279375 0.45927629062499997 0.56921441875 0.458977446875 0.5520937390625 0.4430334828125 0.5283957890625001 0.43562787812500003 0.46002146875000005 0.40890565468749995 0.44164942187499995 0.3902749546875 0.44197462187500003 0.376511115625 0.454202996875 0.3559706671875 0.5230651171875 0.34092323125 0.5507292046875001 0.3411623046875 0.5644257484375
8 0.2640096796875 0.4150645671875 0.29652375625 0.40935926250000004 0.35277447500000003 0.428928478125 0.3651351734375 0.42528754218750003 0.3665383109375 0.4167001015625 0.3241709671875 0.39175078281250003 0.2838642140625 0.39587951875 0.2640096796875 0.4150645671875
7 0.32184284218750003 0.43631875000000003 0.29267295625 0.455666396875 0.31617052343749996 0.4672443734375 0.353431928125 0.4665939734375 0.3642101859375 0.46126806875000004 0.346803315625 0.44273342187500003 0.32184284218750003 0.43631875000000003