0 0.447447884375 0 0 0.095107984375 0 0.552552115625 0.095107984375 1 0.552552115625 1 1 0.904892015625 1 0.447447884375 0.904892015625 0 0.447447884375 0
0 0.747221425 0.5387318734375001 0.7646270921875 0.5034989515625 0.76240259375 0.477417484375 0.76903046875 0.44613509687499997 0.758429246875 0.411876290625 0.7607306265625 0.3914713921875 0.7519551328125 0.3501859421875 0.7326012296875 0.3294050828125 0.710370603125 0.3341303484375 0.6736879124999999 0.30209604375 0.61564901875 0.294516865625 0.48511916718750003 0.2425989390625 0.4513360140625 0.23982190625 0.381468328125 0.2546727421875 0.33835715 0.27047488125 0.280241375 0.3093820703125 0.2501324921875 0.34731514375 0.220522071875 0.42663336249999995 0.21064151406249998 0.5050771562499999 0.16792910625 0.553987409375 0.1715036828125 0.5864204859375 0.190182546875 0.604025540625 0.1997099578125 0.6020004265625001 0.2125128671875 0.607577303125 0.236691728125 0.6588658171875 0.25999616406250003 0.6904244703125 0.2920532828125 0.708505178125 0.32063551874999996 0.7024298359375 0.3327633875 0.704830909375 0.3947756296875 0.7779512796875 0.4782437671875 0.8348935515625 0.5006737796875 0.8467223421875 0.5530361046875 0.8588274015625 0.6089501921875 0.8486021390625 0.6412835765625 0.836750534375 0.672167190625 0.8102702921875 0.704101803125 0.7653105734375 0.7170812859375 0.7326781109375 0.7328378 0.6662624953125 0.73561483125 0.6324793421875 0.72759125625 0.5478833265625 0.747221425 0.5387318734375001
9 0.72759125625 0.5478833265625 0.747221425 0.5387318734375001 0.7646270921875 0.5034989515625 0.76240259375 0.477417484375 0.76903046875 0.44613509687499997 0.758429246875 0.411876290625 0.7607306265625 0.3914713921875 0.7519551328125 0.3501859421875 0.7422283359375 0.335656996875 0.725574584375 0.3275793546875 0.7097952578125 0.3392315734375 0.7337747328125 0.3739660296875 0.7450509921874999 0.41140063906249996 0.7362983109375 0.42487858593750005 0.71656845 0.425753009375 0.7128173 0.431529271875 0.7170669140625 0.46713815312499996 0.7139908046875 0.47609022031250003 0.707639196875 0.47744029687499995 0.7005128578125001 0.4673375390625 0.6838362953125 0.40449650000000004 0.6188248234375 0.29384182812500004 0.5100499453125 0.25057688749999996 0.4647142671875 0.240297559375 0.381468328125 0.2546727421875 0.33835715 0.27047488125 0.280241375 0.3093820703125 0.2501324921875 0.34731514375 0.2364779703125 0.37677180312499997 0.225523603125 0.418931678125 0.2245723 0.44568818437499996 0.2535989328125 0.582247753125 0.24349617499999998 0.5893740921874999 0.24109510156249997 0.6015019625 0.2341681484375 0.6079532624999999 0.21626401562500003 0.6018010406250001 0.20866202500000003 0.6050765375 0.217038746875 0.6132538734375 0.2470935625 0.676570565625 0.25999616406250003 0.6904244703125 0.2920532828125 0.708505178125 0.32063551874999996 0.7024298359375 0.3327633875 0.704830909375 0.3947756296875 0.7779512796875 0.4782437671875 0.8348935515625 0.5006737796875 0.8467223421875 0.5428336546875 0.8576767109375 0.607699809375 0.8505275593749999 0.6412835765625 0.836750534375 0.672167190625 0.8102702921875 0.704101803125 0.7653105734375 0.7170812859375 0.7326781109375 0.7328378 0.6662624953125 0.73561483125 0.6324793421875 0.72759125625 0.5478833265625
9 0.4865148671875 0.35847734062500003 0.4677591234375 0.38735865468749997 0.471709659375 0.39813644843749996 0.4895140984375 0.39601164375 0.507119153125 0.377332778125 0.560908434375 0.3493030765625 0.602193884375 0.3405275828125 0.6174975593750001 0.3422536171875 0.6045949562499999 0.3283997109375 0.5802395234375 0.3153205359375 0.531927428125 0.32227030156250003 0.4865148671875 0.35847734062500003
9 0.27615989218750003 0.44634041093750004 0.2674072125 0.45981835625 0.2628044515625 0.50062815625 0.2666552953125 0.5031289218749999 0.2960891390625 0.46202004375000005 0.3201454953125 0.4502681328125 0.39703982656250003 0.437243025 0.401941665625 0.4212643140625 0.3923145609375 0.415012396875 0.3521798 0.4135854421875 0.298866171875 0.42823689062500003 0.27615989218750003 0.44634041093750004
9 0.582586528125 0.40444243125 0.5976908171875001 0.38961440937499997 0.584887909375 0.38403753281249997 0.55177979375 0.3844363046875 0.5265727484375 0.40639066562500004 0.515994340625 0.42689525625 0.5509281828125 0.41946983906249996 0.582586528125 0.40444243125
9 0.43461975312499995 0.5437705890625 0.42779249375 0.55849891875 0.4338678359375 0.5870811546875 0.4505215859375 0.5951587968750001 0.4836297 0.594760025 0.51346231875 0.5867592625 0.55694945625 0.549301840625 0.5655027515625 0.5192698375 0.5301701375000001 0.49358713906249996 0.49126294687499994 0.43547136406250003 0.47210843125 0.43124456406249995 0.44670199843749997 0.4366448671875 0.42091960781250004 0.4637004546875 0.43461975312499995 0.5437705890625
9 0.372906590625 0.49548130468749996 0.3968632546875 0.475452365625 0.37000705312500004 0.46622403281249997 0.34142481875 0.47229937499999997 0.32189434375000003 0.4897278546875 0.311315934375 0.510232446875 0.3526013859375 0.501456953125 0.372906590625 0.49548130468749996
9 0.1913332359375 0.5938230921875001 0.195084384375 0.5880468296875 0.18900904375 0.55946459375 0.174181021875 0.5443603031250001 0.1667784171875 0.564189859375 0.1715036828125 0.5864204859375 0.181805825 0.5958482046875 0.1913332359375 0.5938230921875001
9 0.48605358593750003 0.6373955515625 0.4544949328125 0.6606999890624999 0.4400656828125 0.6787038140625 0.4483427125 0.6786041218750001 0.5176578640625 0.7236179078125 0.5728969140625 0.7102168421874999 0.6088817546875 0.6843119468750001 0.61513366875 0.6746848421875 0.6267630750000001 0.6357007718750001 0.626939646875 0.59749143125 0.61288635625 0.5938399765625 0.5557218875000001 0.605990659375 0.529839803125 0.624769215625 0.48605358593750003 0.6373955515625
1 0.710470296875 0.34240737656250003 0.7122960234375 0.33538073125 0.6871658578125001 0.31084872343750003 0.6526079765625 0.296618859375 0.6226756640625 0.29634259375 0.6838362953125 0.40449650000000004 0.7005128578125001 0.4673375390625 0.707639196875 0.47744029687499995 0.7139908046875 0.47609022031250003 0.7170669140625 0.46713815312499996 0.7128173 0.431529271875 0.71656845 0.425753009375 0.7362983109375 0.42487858593750005 0.7450509921874999 0.41140063906249996 0.7337747328125 0.3739660296875 0.710470296875 0.34240737656250003
1 0.22427322031250002 0.4208570984375 0.2127435078125 0.46811819843749997 0.21064151406249998 0.5050771562499999 0.1761064421875 0.5456106875 0.18900904375 0.55946459375 0.195084384375 0.5880468296875 0.1837312453125 0.5970985875 0.188257125 0.6027751578125 0.21626401562500003 0.6018010406250001 0.2341681484375 0.6079532624999999 0.24109510156249997 0.6015019625 0.24349617499999998 0.5893740921874999 0.2535989328125 0.582247753125 0.25407458437499997 0.5688694984375 0.2245723 0.44568818437499996 0.22822375625000002 0.43163489374999997 0.22427322031250002 0.4208570984375
4 0.298866171875 0.42823689062500003 0.27615989218750003 0.44634041093750004 0.2674072125 0.45981835625 0.265404909375 0.5050543421875 0.2960891390625 0.46202004375000005 0.3201454953125 0.4502681328125 0.39703982656250003 0.437243025 0.401941665625 0.4212643140625 0.3923145609375 0.415012396875 0.3521798 0.4135854421875 0.298866171875 0.42823689062500003
3 0.3513510015625 0.5033823749999999 0.372906590625 0.49548130468749996 0.3968632546875 0.475452365625 0.37000705312500004 0.46622403281249997 0.34142481875 0.47229937499999997 0.32189434375000003 0.4897278546875 0.311315934375 0.510232446875 0.3513510015625 0.5033823749999999
2 0.500029996875 0.687533375 0.5610453109375 0.6778834578125 0.5976054953125 0.6468773375 0.6231884984375 0.60326769375 0.6022082546874999 0.6060675390625 0.5286891125000001 0.634971665625 0.44891805625 0.673502896875 0.4725984515625 0.6834062671875001 0.500029996875 0.687533375
5 0.4796250984375 0.6852319953125 0.45401928125 0.6740782421875 0.4425664484375 0.6748529734375001 0.5106312187500001 0.7217921796875 0.57164653125 0.7121422625 0.61513366875 0.6746848421875 0.6267630750000001 0.6357007718750001 0.626939646875 0.59749143125 0.5976054953125 0.6468773375 0.5610453109375 0.6778834578125 0.51340825 0.6880090265625001 0.4796250984375 0.6852319953125
10 0.44506721562499996 0.6710021312500001 0.456520046875 0.6702274 0.5286891125000001 0.634971665625 0.6225134609375 0.600091890625 0.61288635625 0.5938399765625 0.5557218875000001 0.605990659375 0.529839803125 0.624769215625 0.48605358593750003 0.6373955515625 0.44506721562499996 0.6710021312500001
6 0.42091960781250004 0.4637004546875 0.43461975312499995 0.5437705890625 0.42779249375 0.55849891875 0.4338678359375 0.5870811546875 0.4505215859375 0.5951587968750001 0.5122119359374999 0.5886846828125 0.55694945625 0.549301840625 0.5655027515625 0.5192698375 0.5301701375000001 0.49358713906249996 0.49126294687499994 0.43547136406250003 0.47210843125 0.43124456406249995 0.44670199843749997 0.4366448671875 0.42091960781250004 0.4637004546875
8 0.531927428125 0.32227030156250003 0.4865148671875 0.35847734062500003 0.4677591234375 0.38735865468749997 0.471709659375 0.39813644843749996 0.48826371562500004 0.3979370640625 0.507119153125 0.377332778125 0.560908434375 0.3493030765625 0.602193884375 0.3405275828125 0.6174975593750001 0.3422536171875 0.6045949562499999 0.3283997109375 0.5802395234375 0.3153205359375 0.531927428125 0.32227030156250003
7 0.5496778 0.4213952609375 0.582586528125 0.40444243125 0.5976908171875001 0.38961440937499997 0.574685459375 0.38288684375000004 0.55177979375 0.3844363046875 0.5265727484375 0.40639066562500004 0.515994340625 0.42689525625 0.5496778 0.4213952609375