0 0.473796109375 0 0 0.049797978124999996 0 0.526203890625 0.049797978124999996 1 0.526203890625 1 1 0.9502020218749999 1 0.473796109375 0.9502020218749999 0 0.473796109375 0
0 0.4000949203125 0.7901574375 0.4426999234375 0.821814925 0.478846521875 0.8368690437499999 0.51196925 0.8381010249999999 0.566193840625 0.830830684375 0.61052549375 0.8041757468749999 0.627539521875 0.7866764328125 0.6870093046875 0.70972610625 0.7220267 0.6243480828125 0.73241430625 0.61854298125 0.7603852343749999 0.6156031171875 0.7843523359375 0.5895174734374999 0.796298575 0.5536975265625 0.8031770234375 0.49955694375000004 0.813237978125 0.4906439625 0.8225616203125 0.4896640078125 0.83442385 0.46799285 0.8280494546874999 0.4372406921875 0.77440354375 0.4051725453125 0.7420275125 0.3363044953125 0.6913308484375 0.27250423437500004 0.652487028125 0.2467358578125 0.5877161984375 0.22840583906249998 0.5435525625000001 0.22676319843749998 0.47517918281249993 0.2339495296875 0.44508032656249996 0.24653968750000002 0.34103624843749997 0.33288828125 0.29016218125000004 0.357088640625 0.2661110703125 0.39732307499999997 0.2443559046875 0.3996096359375 0.2328203265625 0.4243886734375 0.2370667953125 0.4647911265625 0.245242465625 0.48278510937499997 0.24572775 0.51729845 0.26109913749999997 0.5439627734375 0.2668202296875 0.5684991687500001 0.29323252499999997 0.5955741515625 0.31392372812499997 0.5981127390625 0.331740309375 0.6779376874999999 0.344330465625 0.70803654375 0.378507771875 0.7641464171875 0.4000949203125 0.7901574375
9 0.4426999234375 0.821814925 0.478846521875 0.8368690437499999 0.513686515625 0.8394916406249999 0.57519083125 0.8267428499999999 0.61052549375 0.8041757468749999 0.627539521875 0.7866764328125 0.6870093046875 0.70972610625 0.7220267 0.6243480828125 0.73241430625 0.61854298125 0.7603852343749999 0.6156031171875 0.7843523359375 0.5895174734374999 0.792042721875 0.5729981140625 0.8007224453124999 0.5060993578125 0.8059582531249999 0.4961224125 0.7980252250000001 0.4953851 0.783465775 0.506342 0.7752060953125001 0.5024968078125001 0.7694009937499999 0.4921092015625 0.7580334328125 0.4885906609375 0.743987421875 0.35495178125 0.7351584484375 0.3307420359375 0.7125913453125 0.2954073734375 0.6913308484375 0.27250423437500004 0.652487028125 0.2467358578125 0.5877161984375 0.22840583906249998 0.5435525625000001 0.22676319843749998 0.46307430937499994 0.23836401562499998 0.42463176718750006 0.26125777031249997 0.3379283671875 0.3332149328125 0.3113292859375 0.4538436109375 0.314754434375 0.5163278796874999 0.3112358921875 0.527695440625 0.30502012968750003 0.52834874375 0.2995416796875 0.52106901875 0.29284063437499996 0.4872089796875 0.28768883437500004 0.48303713593750003 0.26936820156249996 0.488104925 0.2573473375 0.478370621875 0.2565354015625 0.44074939999999996 0.2681549890625 0.4018215703125 0.2502450140625 0.3958484515625 0.23740283125 0.40819596718750006 0.2328203265625 0.4243886734375 0.2370667953125 0.4647911265625 0.245242465625 0.48278510937499997 0.24572775 0.51729845 0.26109913749999997 0.5439627734375 0.2668202296875 0.5684991687500001 0.29323252499999997 0.5955741515625 0.31392372812499997 0.5981127390625 0.331740309375 0.6779376874999999 0.344330465625 0.70803654375 0.378507771875 0.7641464171875 0.4000949203125 0.7901574375 0.4426999234375 0.821814925
9 0.367037884375 0.3710041734375 0.4074403359375 0.3667577046875 0.46501545 0.37641738281250003 0.48668660781249995 0.3882796125 0.5036166265625 0.3849290890625 0.5040272875 0.3738881796875 0.47826829374999996 0.353028959375 0.4259289875 0.333392334375 0.379637425 0.3413999875 0.36123278281250004 0.3606165671875 0.353542396875 0.3771359265625 0.367037884375 0.3710041734375
9 0.583600209375 0.39851796875 0.6578627 0.387570453125 0.6833790515625 0.3911730046875 0.722549521875 0.42004926249999996 0.7253307515625 0.41661472968749996 0.7089794109375 0.38062676406249996 0.696958546875 0.3708924609375 0.67078889375 0.3610741484375 0.6176282671875 0.3635193421875 0.58131365 0.376762803125 0.5743605765625001 0.385349134375 0.583600209375 0.39851796875
9 0.3958207484375 0.40568553281249997 0.38575979375 0.414598515625 0.40399641875 0.42367951562500006 0.43744579687499996 0.42801937656250005 0.4716324875 0.4244262109375 0.455850440625 0.40880279843749995 0.4262462546875 0.39620325625 0.3958207484375 0.40568553281249997
9 0.47849216875 0.48969171093749997 0.45378775468750004 0.5237103828125 0.47054975624999995 0.5486574390625 0.521498446875 0.5700113296875 0.5511866421875 0.5684620812500001 0.5816121484375001 0.5589798046875 0.5944543328125 0.5466322906250001 0.59151446875 0.5186613625 0.5808842203125 0.5072097921875 0.569610053125 0.42983942031250005 0.53796195 0.412741384375 0.5130989031250001 0.41535459531249996 0.49682218593750005 0.42492088125 0.47849216875 0.48969171093749997
9 0.6169655796875 0.417006621875 0.5951264046875 0.43344197187500005 0.6230133234374999 0.4446508984375 0.643377875 0.44408160468749996 0.6837803265625 0.4398351359375 0.6679982796874999 0.424211721875 0.6449365078125 0.4140667578125 0.6169655796875 0.417006621875
9 0.8103821234374999 0.44852424375 0.8133219875 0.476495171875 0.8184737859375 0.4806670171875 0.827797428125 0.47968706250000004 0.83442385 0.46799285 0.832137290625 0.44623768437500005 0.8194631250000001 0.43028761875 0.8103821234374999 0.44852424375
9 0.4323404703125 0.6485109046875001 0.454580921875 0.6807376859375001 0.46316725312499996 0.687690759375 0.503812346875 0.7007009625 0.5583635890624999 0.6965385015625001 0.6084257203125001 0.6347169187499999 0.6160320968749999 0.63234635 0.5974688203125 0.62015746875 0.561648871875 0.60821123125 0.5178118875 0.6096764703125 0.4885343546875 0.600184809375 0.432592496875 0.6060645359375 0.42081427656250003 0.6135869031250001 0.4323404703125 0.6485109046875001
1 0.29284063437499996 0.4872089796875 0.2995416796875 0.52106901875 0.30502012968750003 0.52834874375 0.3112358921875 0.527695440625 0.314754434375 0.5163278796874999 0.3113292859375 0.4538436109375 0.3351471390625 0.336649465625 0.3078295125 0.345805090625 0.280427878125 0.36910950468750003 0.26472045624999996 0.3990403421875 0.268481640625 0.40492945156250004 0.2565354015625 0.44074939999999996 0.2573473375 0.478370621875 0.26936820156249996 0.488104925 0.28768883437500004 0.48303713593750003 0.29284063437499996 0.4872089796875
1 0.7694009937499999 0.4921092015625 0.7752060953125001 0.5024968078125001 0.783465775 0.506342 0.7980252250000001 0.4953851 0.8239522359375 0.4879467421875 0.8264068140624999 0.481404328125 0.8133219875 0.476495171875 0.8103821234374999 0.44852424375 0.8180725093750001 0.43200488437500006 0.77440354375 0.4051725453125 0.761486734375 0.371965809375 0.7368757140625 0.33213265000000003 0.736465053125 0.343173559375 0.743987421875 0.35495178125 0.753618946875 0.4764857875 0.7580334328125 0.4885906609375 0.7694009937499999 0.4921092015625
4 0.6578627 0.387570453125 0.6833790515625 0.3911730046875 0.7242667875000001 0.4214398765625 0.7089794109375 0.38062676406249996 0.696958546875 0.3708924609375 0.67078889375 0.3610741484375 0.6176282671875 0.3635193421875 0.58131365 0.376762803125 0.5743605765625001 0.385349134375 0.583600209375 0.39851796875 0.6578627 0.387570453125
3 0.5951264046875 0.43344197187500005 0.6230133234374999 0.4446508984375 0.645095140625 0.44547221875 0.6837803265625 0.4398351359375 0.6679982796874999 0.424211721875 0.6449365078125 0.4140667578125 0.6169655796875 0.417006621875 0.5951264046875 0.43344197187500005
2 0.425966075 0.617758746875 0.4623553171875 0.6500695375000001 0.505044328125 0.6675782359375 0.563767415625 0.6582639765625 0.5876505078125 0.646327121875 0.606381803125 0.6302184234375 0.5218997234375 0.6186734609375 0.446003975 0.614081571875 0.425966075 0.617758746875
5 0.4323404703125 0.6485109046875001 0.454580921875 0.6807376859375001 0.5055296140625 0.7020915765625 0.5642527 0.6927773187499999 0.6125975640625 0.6295651203125 0.60188330625 0.6322623421875 0.581761396875 0.65008830625 0.5516625421875 0.6626784640625 0.505044328125 0.6675782359375 0.4623553171875 0.6500695375000001 0.42081427656250003 0.6135869031250001 0.4323404703125 0.6485109046875001
10 0.42563942343749994 0.614650865625 0.5218997234375 0.6186734609375 0.598448775 0.6294811124999999 0.60916303125 0.6267838921875 0.561648871875 0.60821123125 0.5178118875 0.6096764703125 0.4885343546875 0.600184809375 0.432592496875 0.6060645359375 0.42563942343749994 0.614650865625
6 0.45378775468750004 0.5237103828125 0.47054975624999995 0.5486574390625 0.5232157140625 0.57140194375 0.5816121484375001 0.5589798046875 0.5944543328125 0.5466322906250001 0.59151446875 0.5186613625 0.5808842203125 0.5072097921875 0.569610053125 0.42983942031250005 0.53796195 0.412741384375 0.5130989031250001 0.41535459531249996 0.49682218593750005 0.42492088125 0.47849216875 0.48969171093749997 0.45378775468750004 0.5237103828125
8 0.4074403359375 0.3667577046875 0.46501545 0.37641738281250003 0.4884038734375 0.3896702265625 0.5036166265625 0.3849290890625 0.5040272875 0.3738881796875 0.47826829374999996 0.353028959375 0.4259289875 0.333392334375 0.379637425 0.3413999875 0.36123278281250004 0.3606165671875 0.353542396875 0.3771359265625 0.367037884375 0.3710041734375 0.4074403359375 0.3667577046875
7 0.38575979375 0.414598515625 0.40399641875 0.42367951562500006 0.43916306406250005 0.4294099921875 0.4716324875 0.4244262109375 0.455850440625 0.40880279843749995 0.4262462546875 0.39620325625 0.404817740625 0.401597696875 0.38575979375 0.414598515625