0 0.4956365609375 0 0 0.008651368750000001 0 0.5043634390625 0.008651368750000001 1 0.5043634390625 1 1 0.99134863125 1 0.4956365609375 0.99134863125 0 0.4956365609375 0
0 0.423930153125 0.6998116421875 0.5156350453125 0.7446097468749999 0.5956181890625001 0.7689907578125 0.64395126875 0.7707248124999999 0.7150081609375001 0.772062221875 0.7489139546875 0.7611595453125 0.77407341875 0.737520975 0.80707960625 0.675079759375 0.8349446046875 0.6436608265625 0.8566788453124999 0.5865717859374999 0.8491986765625 0.48359386562499995 0.801412071875 0.35038695 0.7932122140625 0.206178196875 0.7812205828125001 0.170299540625 0.75209613125 0.129564515625 0.71458519375 0.0967090125 0.67436871875 0.0716338734375 0.5828437484375 0.037143474999999995 0.5087214796875 0.0229710125 0.395102421875 0.024954240625 0.3159289265625 0.046957915625 0.242706265625 0.08432399375 0.195182834375 0.128974625 0.1509946640625 0.20192187343749998 0.12429915625000001 0.3003409078125 0.1262782953125 0.4137256984375 0.1507113625 0.5112522796875 0.2200522875 0.5770624468750001 0.255127575 0.6331598734375 0.298319465625 0.665916215625 0.33249514375 0.6704751 0.366310978125 0.6544185703125 0.423930153125 0.6998116421875
9 0.5156350453125 0.7446097468749999 0.57280441875 0.7642335484375 0.6468367265625 0.7732521593749999 0.7150081609375001 0.772062221875 0.7489139546875 0.7611595453125 0.77407341875 0.737520975 0.80707960625 0.675079759375 0.8349446046875 0.6436608265625 0.8566788453124999 0.5865717859374999 0.8491986765625 0.48359386562499995 0.807542828125 0.376057059375 0.807182984375 0.3554416421875 0.74198696875 0.36431278125 0.7081711359375 0.38036931093750004 0.6937438499999999 0.3677325796875 0.7472181171875001 0.33844434843750004 0.8013221109374999 0.34523309687500003 0.793841940625 0.242255175 0.7618320328125 0.198992803125 0.710253653125 0.1741159859375 0.681758928125 0.1694579390625 0.6252192828124999 0.1859111140625 0.512859678125 0.2600483 0.4787739609375 0.26064326875 0.421604590625 0.24101946718749998 0.3592040703125 0.2472640953125 0.330979228125 0.2580676109375 0.28931667031249997 0.3129267890625 0.26749246875 0.36486197656249997 0.27957406093750004 0.4058944859375 0.27551240312499997 0.498763021875 0.21004650468750002 0.49217259531249996 0.184887040625 0.515811165625 0.19119772031249999 0.551788984375 0.2200522875 0.5770624468750001 0.255127575 0.6331598734375 0.298319465625 0.665916215625 0.33249514375 0.6704751 0.366310978125 0.6544185703125 0.423930153125 0.6998116421875 0.5156350453125 0.7446097468749999
9 0.77958786875 0.4023221375 0.7367558203125 0.39018121250000004 0.7085309796875 0.4009847265625 0.689142428125 0.42967798906250004 0.7430664984375001 0.4261590296875 0.77958786875 0.4023221375
9 0.5663272375 0.39315605468750003 0.4812029046875 0.39979732968750004 0.444681534375 0.423634221875 0.4281784421875 0.4548548296875 0.5212394578125 0.41456476093749994 0.57236803125 0.413672309375 0.580664559375 0.40063893281249996 0.5663272375 0.39315605468750003
9 0.6693040734375 0.4326019828125 0.63521835625 0.43319695156250004 0.6043779390624999 0.45693468125000003 0.617629025 0.5649672953125 0.6886859140625 0.5663047031249999 0.736479228125 0.5371156359375 0.7303484703125 0.511445525 0.713125690625 0.5014353015624999 0.6693040734375 0.4326019828125
9 0.5875150031249999 0.46753987500000005 0.5559548999999999 0.45004677187500003 0.5218691843750001 0.45064174062499995 0.4855277359375 0.4847863421875 0.5395417671875 0.486421234375 0.5875150031249999 0.46753987500000005
9 0.638816790625 0.6393511140625 0.5964345468750001 0.652979459375 0.619698125 0.6835059390625 0.65423364375 0.708680240625 0.7196095828125 0.7101168109375 0.7671330140625 0.6654661796875 0.7604624906249999 0.608872946875 0.751806121875 0.6012909078125 0.71763044375 0.5967320218750001 0.70076750625 0.6073372140625 0.6780436953125 0.607733859375 0.6442278609375001 0.623790390625 0.638816790625 0.6393511140625
4 0.7077213312499999 0.354600040625 0.6937438499999999 0.3677325796875 0.7024901828125001 0.380468471875 0.801412071875 0.35038695 0.781303834375 0.3378493796875 0.7472181171875001 0.33844434843750004 0.7077213312499999 0.354600040625
1 0.1324990125 0.4445496609375 0.1507113625 0.5112522796875 0.1825413484375 0.54420694375 0.1910177984375 0.541481275 0.184887040625 0.515811165625 0.198774559375 0.49752477187500005 0.232770315625 0.49177594999999996 0.2727169078125 0.501389528125 0.28101343437500004 0.4883561515625 0.27957406093750004 0.4058944859375 0.26749246875 0.36486197656249997 0.28931667031249997 0.3129267890625 0.330979228125 0.2580676109375 0.3592040703125 0.2472640953125 0.421604590625 0.24101946718749998 0.4787739609375 0.26064326875 0.512859678125 0.2600483 0.6252192828124999 0.1859111140625 0.681758928125 0.1694579390625 0.710253653125 0.1741159859375 0.7618320328125 0.198992803125 0.790956484375 0.2397278296875 0.7932122140625 0.206178196875 0.7694988328125001 0.14988244687500002 0.71458519375 0.0967090125 0.67436871875 0.0716338734375 0.5999765671875 0.0419998453125 0.5087214796875 0.0229710125 0.3667876203125 0.0306039015625 0.242706265625 0.08432399375 0.1729987890625 0.16029439375 0.1509946640625 0.20192187343749998 0.12429915625000001 0.3003409078125 0.1324990125 0.4445496609375
3 0.7198029234375001 0.39563255 0.700144490625 0.40886425156249995 0.6920278859375 0.4322053375 0.760019396875 0.420707690625 0.77958786875 0.4023221375 0.7537986796875 0.389883728125 0.7198029234375001 0.39563255
5 0.5964345468750001 0.652979459375 0.619698125 0.6835059390625 0.6571191015625 0.7112075859375 0.7196095828125 0.7101168109375 0.7671330140625 0.6654661796875 0.7575770359375 0.6063456 0.7438694390625 0.6349397015625 0.713029021875 0.6586774328125 0.5964345468750001 0.652979459375
10 0.6442278609375001 0.623790390625 0.6358413734374999 0.6316699140625001 0.64449774375 0.6392519515624999 0.72926223125 0.6119952609375 0.7463950500000001 0.6168516312500001 0.754691578125 0.6038182546875001 0.71763044375 0.5967320218750001 0.70076750625 0.6073372140625 0.6780436953125 0.607733859375 0.6442278609375001 0.623790390625
2 0.72926223125 0.6119952609375 0.6077064921875001 0.6476272828125 0.650538540625 0.6597682078125 0.713029021875 0.6586774328125 0.7438694390625 0.6349397015625 0.7492805078125 0.619378978125 0.72926223125 0.6119952609375
6 0.63521835625 0.43319695156250004 0.6043779390624999 0.45693468125000003 0.6205144796875001 0.567494640625 0.6886859140625 0.5663047031249999 0.736479228125 0.5371156359375 0.7303484703125 0.511445525 0.713125690625 0.5014353015624999 0.6693040734375 0.4326019828125 0.63521835625 0.43319695156250004
7 0.5218691843750001 0.45064174062499995 0.49661975781249995 0.46912645625 0.4884131921875 0.48731368750000004 0.5395417671875 0.486421234375 0.5875150031249999 0.46753987500000005 0.5559548999999999 0.45004677187500003 0.5218691843750001 0.45064174062499995
8 0.4812029046875 0.39979732968750004 0.444681534375 0.423634221875 0.436654890625 0.4521291625 0.47038076406249996 0.430918778125 0.5212394578125 0.41456476093749994 0.57236803125 0.413672309375 0.580664559375 0.40063893281249996 0.5663272375 0.39315605468750003 0.4812029046875 0.39979732968750004