0 0.0729596578125 0 0 0.4606491453125 0 0.9270403421875001 0.4606491453125 1 0.9270403421875001 1 1 0.5393508546875 1 0.0729596578125 0.5393508546875 0 0.0729596578125 0
0 0.49583425937500003 0.7219887921875 0.538305565625 0.73105925625 0.6009337765625 0.743322259375 0.6326176015625 0.7389658078125 0.6585531718750001 0.7219805734375 0.6974793312500001 0.671897809375 0.727020865625 0.648452696875 0.7551443390625 0.6013462953125 0.7645897859375 0.509095534375 0.74310605 0.38382204375 0.758345365625 0.254990234375 0.75333655 0.22138554687499998 0.7339342859375 0.180813821875 0.7058868359375 0.14590384218750002 0.6742334203125 0.117453740625 0.5986754359375001 0.07267516093750001 0.5353381953125 0.0485815125 0.434553671875 0.0326188109375 0.36110756875 0.039735446875000004 0.29052799218750003 0.061368109375 0.24153858437500003 0.0934513265625 0.191085503125 0.1510830828125 0.152128934375 0.2339724015625 0.13619579375 0.3345702875 0.142592259375 0.4246428203125 0.1936479375 0.493664646875 0.21591672343749999 0.5487523999999999 0.2490034015625 0.5844605171875 0.27851452656250003 0.59382195625 0.310922584375 0.584892875 0.35479674375000003 0.6340279046874999 0.42890626093749995 0.6879517468749999 0.49583425937500003 0.7219887921875
9 0.5404630625 0.7337446390625 0.6009337765625 0.743322259375 0.6326176015625 0.7389658078125 0.6585531718750001 0.7219805734375 0.6974793312500001 0.671897809375 0.727020865625 0.648452696875 0.7551443390625 0.6013462953125 0.7645897859375 0.509095534375 0.7445241078125 0.407483334375 0.7474210421875 0.389192809375 0.688383590625 0.38687320468749997 0.6559755328125 0.3958022875 0.6451880515624999 0.382375371875 0.6970439859375 0.3648081828125 0.743830284375 0.3792494125 0.75327573125 0.286998653125 0.7317159734375001 0.24374154531249997 0.6899841046875 0.21369517343750002 0.6655122078125 0.20513186718749998 0.6129472453125 0.2108684109375 0.5020234484375 0.258922546875 0.47178809062499993 0.2541337375 0.42429276250000003 0.2278618625 0.3681370421875 0.223655009375 0.34149244218749997 0.2288095953125 0.2960937921875 0.2708362109375 0.2686945515625 0.3133699828125 0.272979134375 0.351547303125 0.254903703125 0.433056528125 0.198038953125 0.4170190296875 0.17210338281249998 0.43400426249999996 0.1720729734375 0.466810815625 0.1936479375 0.493664646875 0.21591672343749999 0.5487523999999999 0.2490034015625 0.5844605171875 0.27851452656250003 0.59382195625 0.310922584375 0.584892875 0.35479674375000003 0.6340279046874999 0.42890626093749995 0.6879517468749999 0.4764015875 0.714223621875 0.5404630625 0.7337446390625
9 0.6530785984375 0.41409281093750006 0.631458021875 0.4364488125 0.6796927875 0.441744778125 0.7157068093750001 0.426355815625 0.679723196875 0.408938225 0.6530785984375 0.41409281093750006
9 0.41621976250000003 0.39298374375 0.3967566796875 0.41802512500000005 0.48533566562499997 0.39689961875 0.5306887015624999 0.4040828328125 0.5400581265625 0.393848459375 0.528546409375 0.38499417343750003 0.4522337828125 0.3775947796875 0.41621976250000003 0.39298374375
9 0.5522484609375 0.44733994062500004 0.5471180062500001 0.5449614671874999 0.6097462171875 0.5572244703125 0.656562925 0.5388591468749999 0.6551448671875 0.51519785625 0.6414756546875 0.5036581875 0.6134586125 0.4359416546875 0.5832232562499999 0.43115284374999996 0.5522484609375 0.44733994062500004
9 0.4802660296875 0.4289080375 0.44280354062500005 0.4534422625 0.49031407343750005 0.4633108609375 0.5356823140625 0.4540907984375 0.5105013875 0.43369684687500004 0.4802660296875 0.4289080375
9 0.5304606328125 0.6501319859375 0.557074821875 0.6777839515624999 0.61466380625 0.68924881875 0.6636532140625 0.6571656015625 0.666580559375 0.6060685234375 0.6601080703125 0.5980123749999999 0.6305969453125 0.5886509328125 0.6140308 0.595401790625 0.593873896875 0.59220925 0.5614658375 0.6011383343750001 0.5542539109375 0.61405809375 0.5146491296875 0.6195036578125 0.5304606328125 0.6501319859375
4 0.65093630625 0.39500415312500003 0.74310605 0.38382204375 0.72727934375 0.36959699375 0.6970439859375 0.3648081828125 0.6595967 0.37293913125 0.6451880515624999 0.382375371875 0.65093630625 0.39500415312500003
1 0.165600484375 0.458754665625 0.173521440625 0.457665553125 0.17210338281249998 0.43400426249999996 0.187236265625 0.419995390625 0.2181958578125 0.4202115703125 0.2520219734375 0.43494377812499996 0.261391396875 0.4247094015625 0.272979134375 0.351547303125 0.2686945515625 0.3133699828125 0.2960937921875 0.2708362109375 0.34149244218749997 0.2288095953125 0.3681370421875 0.223655009375 0.42429276250000003 0.2278618625 0.47178809062499993 0.2541337375 0.5020234484375 0.258922546875 0.6129472453125 0.2108684109375 0.6655122078125 0.20513186718749998 0.6899841046875 0.21369517343750002 0.7317159734375001 0.24374154531249997 0.751118234375 0.28431327031250003 0.758345365625 0.254990234375 0.74615503125 0.20149875156250002 0.7058868359375 0.14590384218750002 0.6742334203125 0.117453740625 0.61306888125 0.079642196875 0.5353381953125 0.0485815125 0.40863330624999994 0.0332007671875 0.29052799218750003 0.061368109375 0.217036278125 0.117694575 0.191085503125 0.1510830828125 0.152128934375 0.2339724015625 0.13688961718749998 0.3628042109375 0.142592259375 0.4246428203125 0.165600484375 0.458754665625
3 0.63361551875 0.43913419375 0.6955347 0.43956655156249996 0.7157068093750001 0.426355815625 0.6948408749999999 0.4113326296875 0.6638812859375001 0.41111645 0.6444334078125 0.41975455625 0.63361551875 0.43913419375
5 0.55923231875 0.680469334375 0.61466380625 0.68924881875 0.6636532140625 0.6571656015625 0.6644230624999999 0.603383140625 0.6478417125 0.626537275 0.616866915625 0.6427243734375 0.5146491296875 0.6195036578125 0.5304606328125 0.6501319859375 0.55923231875 0.680469334375
10 0.5592931375 0.6148562281250001 0.6385026984375 0.603965096875 0.6528961437499999 0.6109321328124999 0.6622655671875 0.60069775625 0.6305969453125 0.5886509328125 0.6140308 0.595401790625 0.593873896875 0.59220925 0.5614658375 0.6011383343750001 0.5528206484375 0.606800078125 0.5592931375 0.6148562281250001
2 0.561435428125 0.6339448875 0.616866915625 0.6427243734375 0.6478417125 0.626537275 0.6550536390625 0.613617515625 0.6385026984375 0.603965096875 0.525451815625 0.616527296875 0.561435428125 0.6339448875
6 0.5492755015624999 0.54764685 0.6097462171875 0.5572244703125 0.656562925 0.5388591468749999 0.6551448671875 0.51519785625 0.6414756546875 0.5036581875 0.6134586125 0.4359416546875 0.5832232562499999 0.43115284374999996 0.5522484609375 0.44733994062500004 0.5492755015624999 0.54764685
7 0.4449610375 0.456127646875 0.49031407343750005 0.4633108609375 0.5356823140625 0.4540907984375 0.5105013875 0.43369684687500004 0.4802660296875 0.4289080375 0.4550546953125 0.44132063906249996 0.4449610375 0.456127646875
8 0.40467763593750006 0.4169360125 0.43780992812499997 0.403434296875 0.48533566562499997 0.39689961875 0.5306887015624999 0.4040828328125 0.5400581265625 0.393848459375 0.528546409375 0.38499417343750003 0.4522337828125 0.3775947796875 0.41621976250000003 0.39298374375 0.40467763593750006 0.4169360125