0 0.080450184375 0 0 0.4562556671875 0 0.919549815625 0.4562556671875 1 0.919549815625 1 1 0.5437443328125 1 0.080450184375 0.5437443328125 0 0.080450184375 0
0 0.5888400765624999 0.6873914609375 0.6241165546875 0.645826875 0.6464041 0.581066146875 0.6616295546875001 0.5695646984375 0.669669396875 0.567995790625 0.6808617484374999 0.56175629375 0.6957437093750001 0.5389947203125 0.712950321875 0.49424392812500006 0.7223988265625 0.44065880156250004 0.7282194843750001 0.42525912187500003 0.7279904875 0.4177523703125 0.7191227859375 0.4020026484375 0.7136102281250001 0.39804408750000003 0.699177234375 0.39624579843749996 0.6972134171875 0.38096678125 0.6990273390625 0.3618740546875 0.6943863453125 0.317750765625 0.6954341734375 0.30300278125 0.6907668124999999 0.2678344875 0.6778569796875 0.21777335312499999 0.6676243234375 0.19655649375 0.6482422359375 0.1699931546875 0.6402287609374999 0.162607065625 0.61292133125 0.141366009375 0.581580796875 0.12538690624999999 0.5638190296875 0.102842459375 0.5292642203125 0.0698705765625 0.5179837375 0.0634016984375 0.4768421734375 0.050174234375 0.45524993281250004 0.049353485937500004 0.3936874828125 0.06388403125 0.37635734374999996 0.06530808437499999 0.3582611078125 0.0710768765625 0.33791932343750003 0.07196989375 0.32434055625 0.0785352375 0.30450950312499997 0.0765317609375 0.285162809375 0.080586790625 0.24414477343750002 0.11068606562500001 0.21409009375000002 0.1270390921875 0.2045180609375 0.1372974796875 0.2032148703125 0.1534937109375 0.18784854687500002 0.17019678124999998 0.1840444390625 0.1829654859375 0.1681673875 0.20256504843749998 0.164821275 0.230347253125 0.1549938796875 0.2420538875 0.148099025 0.2811565484375 0.14845155000000002 0.3319900390625 0.161616746875 0.380602925 0.164038559375 0.41089544531250005 0.176464028125 0.454898075 0.1746237390625 0.482945796875 0.1903425875 0.5170762171875001 0.1953180484375 0.5328862671875 0.197766228125 0.5542237906249999 0.20791075312500001 0.562732278125 0.21478826718750002 0.5721579796875 0.22001909375 0.5865197859375 0.2322683015625 0.6051056703125 0.2574273421875 0.6737526875000001 0.284056809375 0.71204685625 0.3206018015625 0.7513427609375001 0.343902496875 0.768890771875 0.374987665625 0.786318121875 0.4147642734375 0.7940784484375001 0.4545672484375 0.792883778125 0.482209146875 0.78581159375 0.526212459375 0.7651983515625 0.5482273 0.75041423125 0.56862181875 0.73161121875 0.5787045796875 0.7184563374999999 0.584296240625 0.6955499078125 0.5888400765624999 0.6873914609375
0 0.6923379859375001 0.9281388249999999 0.69534963125 0.928669859375 0.6982467781249999 0.9254475187500001 0.6923379859375001 0.9281388249999999
0 0.7236257875 0.9620279234375 0.729446446875 0.94662824375 0.7303534078125 0.9370818812499999 0.723141425 0.95596941875 0.7236257875 0.9620279234375
0 0.6279137875 0.976510078125 0.6306700671875001 0.978489359375 0.63055556875 0.9747359828125 0.6279137875 0.976510078125
0 0.7108465984375 1 0.7128650624999999 0.9922359171874999 0.709201821875 0.9998029984375 0.709345565625 1 0.7108465984375 1
1 0.22821570468750002 0.2758707125 0.24636467343750001 0.2521919265625 0.2633513171875 0.23950774843749997 0.2882369375 0.230456284375 0.3279254125 0.22550823750000001 0.349517653125 0.226328984375 0.40150807187500004 0.222056828125 0.45378022500000004 0.20738142656249997 0.49824153125 0.20178168593749998 0.527873615625 0.20103352343749997 0.5559735078125 0.2089748421875 0.5822858453124999 0.22705388593750003 0.5994223843750001 0.2487414515625 0.6098840375 0.2774650640625 0.6098576687499999 0.2864200609375 0.6217724109375 0.33331918437499997 0.63450598125 0.357963571875 0.6392260765625 0.3752218703125 0.6445540624999999 0.44186541406249996 0.6509208484375 0.4541876078125 0.658080096875 0.4532100640625 0.6752076046875 0.4353242640625 0.6989218687500001 0.3976940453125 0.697239784375 0.37201178281249997 0.6990273390625 0.3618740546875 0.6943863453125 0.317750765625 0.6954341734375 0.30300278125 0.6858177171875 0.24306943749999999 0.6778569796875 0.21777335312499999 0.6676243234375 0.19655649375 0.6482422359375 0.1699931546875 0.61292133125 0.141366009375 0.581580796875 0.12538690624999999 0.57032668125 0.1099630328125 0.5480474484375 0.086622034375 0.5237516609374999 0.0659120140625 0.4768421734375 0.050174234375 0.45524993281250004 0.049353485937500004 0.3936874828125 0.06388403125 0.37635734374999996 0.06530808437499999 0.3582611078125 0.0710768765625 0.33791932343750003 0.07196989375 0.32434055625 0.0785352375 0.30450950312499997 0.0765317609375 0.285162809375 0.080586790625 0.24414477343750002 0.11068606562500001 0.21409009375000002 0.1270390921875 0.2045180609375 0.1372974796875 0.2032148703125 0.1534937109375 0.18784854687500002 0.17019678124999998 0.1840444390625 0.1829654859375 0.1681673875 0.20256504843749998 0.164821275 0.230347253125 0.1549938796875 0.2420538875 0.14730656250000002 0.2944562859375 0.1499310046875 0.341210553125 0.161616746875 0.380602925 0.164038559375 0.41089544531250005 0.17225466250000002 0.4347432828125 0.175213571875 0.4531843109375 0.187119284375 0.4605100703125 0.207866328125 0.49254054687500004 0.2138896171875 0.49360261562499996 0.21755285781249997 0.486035534375 0.21885605 0.469839303125 0.21100078125000002 0.4087232296875 0.21590545 0.36329655 0.2168033828125 0.31417682187499996 0.2193570328125 0.2996943546875 0.22821570468750002 0.2758707125
1 0.696485590625 0.92663025 0.6923379859375001 0.9281388249999999 0.6944690375 0.9292612234375 0.696485590625 0.92663025
1 0.7303534078125 0.9370818812499999 0.726690165625 0.9446489640625 0.7255278406250001 0.955643571875 0.7303534078125 0.9370818812499999
1 0.63055556875 0.9747359828125 0.6279137875 0.976510078125 0.6297894734375 0.979080725 0.63055556875 0.9747359828125
9 0.584296240625 0.6955499078125 0.5888400765624999 0.6873914609375 0.6241165546875 0.645826875 0.6464041 0.581066146875 0.6616295546875001 0.5695646984375 0.669669396875 0.567995790625 0.6808617484374999 0.56175629375 0.6957437093750001 0.5389947203125 0.712950321875 0.49424392812500006 0.7223988265625 0.44065880156250004 0.7277087546875001 0.428155615625 0.7279904875 0.4177523703125 0.7191227859375 0.4020026484375 0.7136102281250001 0.39804408750000003 0.6998024640625 0.3971026796875 0.6691579484375 0.44321719374999996 0.655438315625 0.45498415937500003 0.6509208484375 0.4541876078125 0.6465442484375 0.44818943593749994 0.6438143359375 0.43725515625 0.644606796875 0.42395541875 0.6392260765625 0.3752218703125 0.63450598125 0.357963571875 0.6217724109375 0.33331918437499997 0.617792040625 0.32067114218750004 0.6098576687499999 0.2864200609375 0.6098840375 0.2774650640625 0.6039134828125 0.258493 0.5994223843750001 0.2487414515625 0.5822858453124999 0.22705388593750003 0.5559735078125 0.2089748421875 0.538414371875 0.20289214375000003 0.5107988406249999 0.20100932968750002 0.48241721562500006 0.20347125625 0.45378022500000004 0.20738142656249997 0.40150807187500004 0.222056828125 0.301049609375 0.22823568125000002 0.2734077109375 0.2353078640625 0.25014241406250004 0.248378221875 0.22821570468750002 0.2758707125 0.2193570328125 0.2996943546875 0.2168033828125 0.31417682187499996 0.21590545 0.36329655 0.21102715 0.39976823281249996 0.2117141421875 0.4222884859375 0.218627053125 0.462332553125 0.21857431875 0.480242546875 0.214770209375 0.4930112515625 0.207866328125 0.49254054687500004 0.187119284375 0.4605100703125 0.181606725 0.45655150781250003 0.1762086640625 0.4563463203125 0.1746237390625 0.482945796875 0.1903425875 0.5170762171875001 0.1953180484375 0.5328862671875 0.197766228125 0.5542237906249999 0.20791075312500001 0.562732278125 0.21478826718750002 0.5721579796875 0.22001909375 0.5865197859375 0.2322683015625 0.6051056703125 0.25069069375 0.659125365625 0.2634242640625 0.683769753125 0.2918149171875 0.7208811921875 0.3206018015625 0.7513427609375001 0.34114621562499997 0.7669114921875 0.374987665625 0.786318121875 0.4138836796875 0.7946698140625 0.4545672484375 0.792883778125 0.482209146875 0.78581159375 0.526212459375 0.7651983515625 0.5482273 0.75041423125 0.56862181875 0.73161121875 0.5812318609375 0.7129288687499999 0.584296240625 0.6955499078125
9 0.5657842828125 0.3734716578125 0.523621259375 0.3660371796875 0.47688803437500005 0.3757161453125 0.44495766718749996 0.3894985265625 0.4332545859375 0.3986345171875 0.4322331265625 0.4044275046875 0.43535926875 0.4087119140625 0.44501943125 0.41116189687500004 0.4511835875 0.40702234375 0.4740526515625 0.40060185625000005 0.5300761765625001 0.391067746875 0.55945289375 0.3917678328125 0.5805344046875 0.395485071875 0.5899392015625 0.3993833015625 0.5768094015624999 0.3813887828125 0.5657842828125 0.3734716578125
9 0.48013770625 0.42332729531249996 0.46829375625 0.4376649046875 0.46866362031250003 0.43997003437500004 0.49514319218749997 0.4438924609375 0.5146043828125 0.44359080625 0.5425016453125 0.4350703765625 0.5521881750000001 0.4285653640625 0.542299015625 0.41860862968749996 0.526501065625 0.41134320156250004 0.5066700109375 0.409339725 0.4951077953125 0.41327409218750005 0.48013770625 0.42332729531249996
9 0.33975273906250003 0.387374078125 0.302107184375 0.38073615156249996 0.2910556984375 0.381774025 0.2616526125 0.39002893906249997 0.2454320640625 0.3983683765625 0.234354209375 0.40836124687500003 0.22677236406249998 0.42494365624999997 0.22776745625 0.42810566562499996 0.2377093515625 0.42015240625 0.2756630078125 0.4074320921875 0.3175970328125 0.40735982187499997 0.362516334375 0.4167735796875 0.3706970421875 0.4100030515625 0.37146313750000004 0.40565830937499997 0.3643302578125 0.39768085625 0.33975273906250003 0.387374078125
9 0.45825542031250005 0.52101151875 0.43991213125 0.44012683125 0.43377434375 0.4353113875 0.409936553125 0.42961486718749997 0.394112234375 0.43130443593749995 0.3756197703125 0.443723096875 0.36407561093749996 0.52680419375 0.35652013125000004 0.5344316046875 0.34993337812499997 0.5541760234375 0.3514128328125 0.5633965390625 0.3588010765625 0.569925746875 0.37761067187499997 0.5777222078124999 0.406476659375 0.5813187875 0.4098581671875 0.5841549500000001 0.41426113593749997 0.581198125 0.43511365 0.5774086140625 0.4554818015625 0.5675606 0.4667886515625 0.565074478125 0.479257828125 0.5515937484375 0.47402700312499996 0.5372319437499999 0.46714948749999996 0.52780624375 0.45825542031250005 0.52101151875
9 0.2736818515625 0.4406814375 0.26763219375 0.448574365625 0.2840553734375 0.456696675 0.2969825453125 0.458229446875 0.316188371875 0.45937604062500004 0.3453360890625 0.45256937500000005 0.3530060671875 0.4486953390625 0.349879925 0.4444109296875 0.330330603125 0.43200420937499995 0.3064928125 0.426307690625 0.29694714843750003 0.4276110796875 0.2736818515625 0.4406814375
9 0.4842423203125 0.6069771671875 0.47370156406249997 0.605118546875 0.45637142500000005 0.6065425984374999 0.4204343203125 0.6166319359375 0.4008586296875 0.6131802140625 0.363442071875 0.6140490390625 0.35187985624999996 0.6179834046875 0.34108373593749997 0.61757303125 0.31432243125000003 0.62405385 0.3274522328125 0.64204836875 0.346235459375 0.6587998296875 0.376070171875 0.674513415625 0.4055613875 0.678966875 0.43280705468749997 0.6785445609375 0.47226653281250003 0.6660897640625 0.5108981546875 0.6363163359375 0.5290471234375 0.61263755 0.534357053125 0.600134365625 0.526942440625 0.6025601546875 0.5020831890624999 0.6026566203125 0.4842423203125 0.6069771671875
4 0.3643302578125 0.39768085625 0.33975273906250003 0.387374078125 0.302107184375 0.38073615156249996 0.2910556984375 0.381774025 0.2616526125 0.39002893906249997 0.2454320640625 0.3983683765625 0.234354209375 0.40836124687500003 0.2268868625 0.42869703125 0.2377093515625 0.42015240625 0.2756630078125 0.4074320921875 0.3175970328125 0.40735982187499997 0.362516334375 0.4167735796875 0.3706970421875 0.4100030515625 0.37146313750000004 0.40565830937499997 0.3643302578125 0.39768085625
3 0.29694714843750003 0.4276110796875 0.2736818515625 0.4406814375 0.26763219375 0.448574365625 0.2752758046875 0.45365532656249996 0.29610195156249997 0.45882081093749993 0.316188371875 0.45937604062500004 0.3453360890625 0.45256937500000005 0.3530060671875 0.4486953390625 0.349879925 0.4444109296875 0.330330603125 0.43200420937499995 0.3064928125 0.426307690625 0.29694714843750003 0.4276110796875
2 0.42012621875 0.6359901765625 0.3673960734375 0.6356520765625 0.31432243125000003 0.62405385 0.3274786 0.6330933734374999 0.36083568593750004 0.6464414984375 0.39848124375 0.6530794265625001 0.42660750312499995 0.652065746875 0.45751641093749995 0.6440763515625 0.48768559062500005 0.6314766984375 0.5273123046875 0.604865284375 0.525181253125 0.6037428828125 0.4701264546875 0.625394 0.42012621875 0.6359901765625
5 0.45751641093749995 0.6440763515625 0.421834671875 0.6527174421875 0.39848124375 0.6530794265625001 0.36083568593750004 0.6464414984375 0.34654355937500003 0.6394415875 0.33750862656249997 0.637848484375 0.3179593046875 0.6254417671875 0.31406706562500003 0.625502096875 0.3274522328125 0.64204836875 0.346235459375 0.6587998296875 0.376070171875 0.674513415625 0.40468079531249995 0.679558240625 0.43280705468749997 0.6785445609375 0.47226653281250003 0.6660897640625 0.5108981546875 0.6363163359375 0.5338463234375 0.6030308578125 0.529954084375 0.6030911890625 0.48768559062500005 0.6314766984375 0.45751641093749995 0.6440763515625
10 0.47370156406249997 0.605118546875 0.45637142500000005 0.6065425984374999 0.4204343203125 0.6166319359375 0.3792663890625 0.61235946875 0.3160836171875 0.6228711203125 0.33577380625000003 0.6300762171875001 0.3673960734375 0.6356520765625 0.3997844359375 0.6368831953125 0.43444471562500003 0.6340350921875 0.48495567968750003 0.6205424203125001 0.5275676687499999 0.6034170359375 0.5194133296875 0.60123256875 0.4842423203125 0.6069771671875 0.47370156406249997 0.605118546875
6 0.46714948749999996 0.52780624375 0.45825542031250005 0.52101151875 0.43991213125 0.44012683125 0.43377434375 0.4353113875 0.409936553125 0.42961486718749997 0.394112234375 0.43130443593749995 0.3756197703125 0.443723096875 0.36407561093749996 0.52680419375 0.35652013125000004 0.5344316046875 0.34993337812499997 0.5541760234375 0.3514128328125 0.5633965390625 0.3588010765625 0.569925746875 0.37761067187499997 0.5777222078124999 0.406476659375 0.5813187875 0.40897757500000004 0.584746315625 0.4109941265625 0.5821153390625 0.43511365 0.5774086140625 0.4554818015625 0.5675606 0.4667886515625 0.565074478125 0.479257828125 0.5515937484375 0.47402700312499996 0.5372319437499999 0.46714948749999996 0.52780624375
8 0.5768094015624999 0.3813887828125 0.5657842828125 0.3734716578125 0.523621259375 0.3660371796875 0.47688803437500005 0.3757161453125 0.44495766718749996 0.3894985265625 0.4332545859375 0.3986345171875 0.4322331265625 0.4044275046875 0.43535926875 0.4087119140625 0.4441388359375 0.4117532609375 0.4511835875 0.40702234375 0.4740526515625 0.40060185625000005 0.5300761765625001 0.391067746875 0.55945289375 0.3917678328125 0.5805344046875 0.395485071875 0.5899392015625 0.3993833015625 0.5768094015624999 0.3813887828125
7 0.5066700109375 0.409339725 0.4951077953125 0.41327409218750005 0.48013770625 0.42332729531249996 0.46829375625 0.4376649046875 0.46866362031250003 0.43997003437500004 0.4942625984375 0.444483825 0.5007966171875 0.44264939999999997 0.5146043828125 0.44359080625 0.5425016453125 0.4350703765625 0.5521881750000001 0.4285653640625 0.542299015625 0.41860862968749996 0.526501065625 0.41134320156250004 0.5066700109375 0.409339725