0 0.1022820421875 0 0 0.44303219687500006 0 0.8977179578125 0.44303219687500006 1 0.8977179578125 1 1 0.5569678031249999 1 0.1022820421875 0.5569678031249999 0 0.1022820421875 0
0 0.2815977453125 0.5869215046875 0.3311083578125 0.6315558859375 0.3892431828125 0.666107159375 0.442221515625 0.688903065625 0.5330510953125 0.7113819984374999 0.5559580140625 0.7076148515625 0.5760356875 0.6956481703125 0.589633628125 0.6776577109375 0.6048740484375 0.638916659375 0.633004503125 0.5307065093750001 0.6422903375 0.5177576046875 0.6634622015625 0.4260521875 0.6597654281249999 0.3738835140625 0.6534453140625 0.36035023437499997 0.6471020578125 0.3196447390625 0.6384547 0.30255563125 0.6550183640625 0.258082990625 0.6470326265625 0.238128090625 0.6242621828125 0.20721351718749997 0.5638001140625 0.169106415625 0.482758371875 0.1383222890625 0.37118949843750004 0.13067583437500002 0.26961436875 0.1615591140625 0.22266005312499998 0.19448770937499998 0.183851090625 0.23986170156250003 0.15567435000000002 0.2937274171875 0.1490581421875 0.3223853609375 0.147189 0.4668438265625 0.15818674375 0.514660978125 0.16400485625 0.5235505500000001 0.1761199359375 0.51880118125 0.1825765234375 0.497652740625 0.214815565625 0.5352811265625 0.2433809765625 0.547913053125 0.26763427968750003 0.5655865343750001 0.2815977453125 0.5869215046875
4 0.6144767359375 0.41323373124999996 0.60900100625 0.4164973703125 0.6111686328125 0.4275627015625 0.658990475 0.43860324375 0.6634622015625 0.4260521875 0.6576440890625 0.41716261718750003 0.64037251875 0.41015661875 0.6144767359375 0.41323373124999996
9 0.3311083578125 0.6315558859375 0.3892431828125 0.666107159375 0.44338513749999997 0.69068098125 0.5330510953125 0.7113819984374999 0.5559580140625 0.7076148515625 0.5846599 0.6855650609375 0.6048740484375 0.638916659375 0.6096650140625 0.611346596875 0.5787955015625 0.62233105625 0.5578734453124999 0.61750081875 0.5246535453125001 0.5977572359375001 0.499898240625 0.5754400453125 0.5223031578125 0.5670291890625 0.53425861875 0.569789325 0.5445484546875 0.5661278375000001 0.568459378125 0.571648109375 0.6023408984375 0.5885258999999999 0.6121518781249999 0.6073929203125 0.62985601875 0.5375259765625 0.6099379640625 0.5419831562499999 0.5793876906250001 0.5379486124999999 0.536539575 0.5190007203125 0.5330487078124999 0.5136669781250001 0.5356951921875 0.5022038015625 0.5492931328124999 0.48421334375 0.553901334375 0.436980565625 0.576967871875 0.4257039171875 0.59855155 0.42766836093749994 0.6148422609375 0.4525591578125 0.6221432328125001 0.44820763750000003 0.63409869375 0.4509677734375 0.6500470218750001 0.463705359375 0.65684599375 0.45471013125 0.658990475 0.43860324375 0.6111686328125 0.4275627015625 0.60900100625 0.4164973703125 0.64037251875 0.41015661875 0.659971334375 0.42071844531249997 0.664443059375 0.4081673875 0.6520989296875 0.3389096078125 0.637291078125 0.30077771875 0.6193578875 0.29663751562499996 0.5828067406249999 0.2640506859375 0.5542413296875 0.251418759375 0.499756990625 0.214691725 0.476507690625 0.20630565937499998 0.454262390625 0.2072070109375 0.3918617484375 0.23204172656250002 0.35718213125 0.25271145 0.340595325 0.27001187656250003 0.3329751140625 0.2893824015625 0.3356447421875 0.305091440625 0.32836691406249996 0.336615178125 0.3091336234375 0.36537878125 0.3038406578125 0.388305134375 0.30288294375 0.43336214999999995 0.29790921406250004 0.44126950000000004 0.29309510625 0.441667346875 0.2821205046875 0.4210224109375 0.2532127125 0.396237271875 0.1994131375 0.3838166609375 0.17568497968750002 0.3979591046875 0.16277180156249998 0.4402559859375 0.1641181875 0.46169661250000005 0.17609679218750002 0.491628965625 0.214815565625 0.5352811265625 0.2433809765625 0.547913053125 0.26763427968750003 0.5655865343750001 0.2815977453125 0.5869215046875 0.3311083578125 0.6315558859375
9 0.44030131250000004 0.3835870609375 0.4577325015625 0.38308355625 0.5294652656250001 0.3996443703125 0.5591942999999999 0.41405421093749994 0.572473003125 0.411082759375 0.5673165124999999 0.39932739375000004 0.5317693671875 0.37602798125 0.4929141203125 0.36705754062499996 0.4736576875 0.36864892656250003 0.45373963437500003 0.37310610624999996 0.44030131250000004 0.3835870609375
9 0.48730191562499997 0.40500290000000005 0.46489699843750004 0.4134137546875 0.47603121875000004 0.42654918750000004 0.48616143593750005 0.43039720312499996 0.51123598125 0.4376953890625 0.5293287921875 0.43432608906250003 0.5241723 0.4225707234375 0.5112128359375 0.410523171875 0.48730191562499997 0.40500290000000005
9 0.6153442625000001 0.45720286562499995 0.6376358484375 0.5106459484375 0.6348297453125 0.5296186296875 0.6422903375 0.5177576046875 0.6492257828125 0.47408065625000007 0.63012896875 0.46816253906250005 0.617831125 0.4532491921875 0.6153442625000001 0.45720286562499995
3 0.6221432328125001 0.44820763750000003 0.616667503125 0.451471278125 0.63012896875 0.46816253906250005 0.648062159375 0.4723027421875 0.6512106453125 0.46548327343749996 0.64240366875 0.45590366875 0.6221432328125001 0.44820763750000003
6 0.5330487078124999 0.5136669781250001 0.5418556859375 0.5232465828125 0.5793876906250001 0.5379486124999999 0.6262055328125 0.5397017375 0.6316812609375 0.5364380984375 0.6376358484375 0.5106459484375 0.612013015625 0.444359621875 0.59855155 0.42766836093749994 0.5865960890624999 0.424908225 0.553901334375 0.436980565625 0.5492931328124999 0.48421334375 0.5413305390625001 0.4914306578125 0.5330487078124999 0.5136669781250001
10 0.499898240625 0.5754400453125 0.5900661984375 0.6007847703125 0.6066761484375001 0.6106565625 0.61149025625 0.610258715625 0.6023408984375 0.5885258999999999 0.568459378125 0.571648109375 0.5445484546875 0.5661278375000001 0.53425861875 0.569789325 0.5223031578125 0.5670291890625 0.499898240625 0.5754400453125
5 0.5578503015625 0.590328603125 0.502225484375 0.578995871875 0.5578734453124999 0.61750081875 0.5787955015625 0.62233105625 0.5920742046874999 0.6193596046875001 0.6055125265625 0.608878646875 0.5578503015625 0.590328603125
1 0.14518099375 0.4482689921875 0.1515242484375 0.48897448906249996 0.16400485625 0.5235505500000001 0.1761199359375 0.51880118125 0.18075128125 0.498740621875 0.1631141859375 0.45240919531249996 0.17568497968750002 0.3979591046875 0.1994131375 0.3838166609375 0.235941140625 0.38923127343749997 0.2615176875 0.4011731671875 0.2821205046875 0.4210224109375 0.29309510625 0.441667346875 0.29790921406250004 0.44126950000000004 0.306510284375 0.4040141734375 0.3038406578125 0.388305134375 0.3091336234375 0.36537878125 0.32836691406249996 0.336615178125 0.3356447421875 0.305091440625 0.335621596875 0.277919225 0.35718213125 0.25271145 0.3918617484375 0.23204172656250002 0.4336827171875 0.2145299859375 0.46090174375000004 0.20572128437499998 0.476507690625 0.20630565937499998 0.499756990625 0.214691725 0.5459363546875 0.2464828625 0.5828067406249999 0.2640506859375 0.6193578875 0.29663751562499996 0.637291078125 0.30077771875 0.6550183640625 0.258082990625 0.6319055375 0.2150152078125 0.6083138546875 0.1944759296875 0.5638001140625 0.169106415625 0.49770269687499996 0.1417724578125 0.44921923281250004 0.13359770937499998 0.37118949843750004 0.13067583437500002 0.293844528125 0.1520603796875 0.245886209375 0.17570155781250002 0.22266005312499998 0.19448770937499998 0.183851090625 0.23986170156250003 0.15567435000000002 0.2937274171875 0.1490581421875 0.3223853609375 0.14518099375 0.4482689921875
8 0.5294652656250001 0.3996443703125 0.55271456875 0.4080304359375 0.560357921875 0.415832125 0.572473003125 0.411082759375 0.5673165124999999 0.39932739375000004 0.5317693671875 0.37602798125 0.4929141203125 0.36705754062499996 0.45373963437500003 0.37310610624999996 0.44030131250000004 0.3835870609375 0.4577325015625 0.38308355625 0.5294652656250001 0.3996443703125
7 0.48730191562499997 0.40500290000000005 0.46489699843750004 0.4134137546875 0.4873250578125 0.4321751171875 0.51123598125 0.4376953890625 0.5293287921875 0.43432608906250003 0.5241723 0.4225707234375 0.5112128359375 0.410523171875 0.48730191562499997 0.40500290000000005