0 0.473796109375 0 0 0.049797978124999996 0 0.526203890625 0.049797978124999996 1 0.526203890625 1 1 0.9502020218749999 1 0.473796109375 0.9502020218749999 0 0.473796109375 0
0 0.39610523125 0.667224753125 0.459018278125 0.671892065625 0.5609741078125 0.66278746875 0.5833302781249999 0.6507693921875 0.5998429 0.6313085375 0.607509675 0.607943246875 0.6094939390625 0.56261573125 0.6001002296875 0.44113729687500003 0.6050997375 0.42449791406250004 0.5943788703124999 0.3224956671875 0.5719968 0.2700608078125 0.5606447265625001 0.2583628265625 0.5396027640625001 0.2186782484375 0.5245783421875 0.2041434640625 0.5258925515625 0.1524408078125 0.5105331015625 0.134718453125 0.4759808125 0.110956390625 0.3998795171875 0.0931726953125 0.30509439843749997 0.09024388125 0.186960975 0.12199690156250001 0.092871809375 0.1898961640625 0.05601318125 0.2405005140625 0.0320077734375 0.301033678125 0.0220217078125 0.3665389140625 0.025371978125 0.3984146171875 0.0748264984375 0.54791031875 0.1032131578125 0.5932685046875 0.11239402968750001 0.6003605140625 0.1232370890625 0.5911639046875 0.12239304531249999 0.5670817453125 0.1691285 0.5943974812499999 0.203171771875 0.5972649546875 0.2345477765625 0.606858334375 0.2565818703125 0.62387915625 0.32367628437499996 0.6522778609375 0.39610523125 0.667224753125
4 0.5408206812499999 0.342627384375 0.59421783125 0.3370151171875 0.5943788703124999 0.3224956671875 0.5851979968750001 0.315403659375 0.5648390390625 0.3143206890625 0.539145546875 0.3266895328125 0.5346421046875001 0.3319970375 0.5408206812499999 0.342627384375
9 0.46085445312499995 0.6733104671875 0.5609741078125 0.66278746875 0.5833302781249999 0.6507693921875 0.605177434375 0.6178567234375001 0.6094939390625 0.56261573125 0.6046425203125 0.5325091984375 0.5766167859375 0.55479151875 0.5532555343750001 0.5572468859375 0.5118675640625 0.5487058046875 0.4783203578125 0.534506453125 0.498505328125 0.5178824015625 0.5118546140625 0.5164793359375001 0.521196525 0.5090518953125 0.5478951000000001 0.5062457625000001 0.5889480421875 0.511599271875 0.6058086406250001 0.5275524593750001 0.5992691359375 0.44928160625 0.5802502875 0.46094891718750003 0.5472120968749999 0.4676441546875 0.4961471875 0.46334294218750005 0.49063866406249995 0.4590877375 0.4892985546875 0.44633745625000004 0.4969653328125 0.42297216562499995 0.48493025312500004 0.37267257656249997 0.504780196875 0.35286095781250004 0.527806421875 0.34721802031250004 0.5535128640625 0.36707564531250003 0.559517453125 0.35999897187499996 0.572866740625 0.35859590468749997 0.593895753125 0.366054015625 0.597729140625 0.3543713703125 0.59421783125 0.3370151171875 0.5408206812499999 0.342627384375 0.5346421046875001 0.3319970375 0.5648390390625 0.3143206890625 0.5888703453125 0.31824046250000004 0.5890313859375 0.3037210140625 0.5516248921875 0.23675136874999997 0.5227421671875 0.20272506250000003 0.5027182359375 0.20482966249999998 0.45331551406250004 0.184239834375 0.4192722421875 0.1813723609375 0.34984558906249996 0.16288713125 0.3228119875 0.16250569374999999 0.3001207890625 0.1713362015625 0.24440435 0.21908841406250001 0.21588254999999998 0.2527026140625 0.204878453125 0.276418671875 0.2038863203125 0.2990824296875 0.2122361 0.31431874843749996 0.2159213984375 0.34938201874999997 0.20625740937499998 0.3858483578125 0.20893762656249998 0.41134891875 0.2239749984375 0.458110171875 0.22164275781249998 0.46802364843750005 0.21680428906250002 0.470143584375 0.1981075171875 0.45277199687499997 0.1593868140625 0.43750500781249996 0.09931502187499999 0.4438188078125 0.07980010781249999 0.46681799843749994 0.0814881921875 0.5149823171875 0.0905080265625 0.5365937749999999 0.1135472015625 0.56317730625 0.1691285 0.5943974812499999 0.203171771875 0.5972649546875 0.2345477765625 0.606858334375 0.2565818703125 0.62387915625 0.32367628437499996 0.6522778609375 0.39610523125 0.667224753125 0.46085445312499995 0.6733104671875
9 0.44637059062500006 0.3428861390625 0.4822500359375 0.347172015625 0.4949292703125 0.3393938078125 0.4854133703125 0.329114228125 0.44035305156250004 0.31773634375 0.39696786875 0.3222963109375 0.3776139921875 0.3307760515625 0.3585951421875 0.3424433609375 0.3484221375 0.35801510937500003 0.3662748671875 0.3513045390625 0.44637059062500006 0.3428861390625
9 0.400666115625 0.3895860515625 0.41251425468749997 0.389952153125 0.4410490046875 0.388564421875 0.45856670624999996 0.3786662796875 0.4490508078125 0.36838670156250003 0.43135911718750003 0.3605778234375 0.4046605421875 0.3633839578125 0.38447557187500003 0.38000800625000003 0.400666115625 0.3895860515625
9 0.6016013765625 0.4393681296875 0.6050997375 0.42449791406250004 0.596737009375 0.3770351265625 0.5748769031250001 0.377721325 0.5568501859375 0.366724878125 0.5556840671875001 0.37168161718750004 0.597755040625 0.41882430625 0.6016013765625 0.4393681296875
3 0.5748769031250001 0.377721325 0.594900834375 0.375616725 0.595731928125 0.3674724171875 0.5832137328125 0.360731175 0.559517453125 0.35999897187499996 0.5550140125 0.3653064765625 0.5748769031250001 0.377721325
6 0.5472120968749999 0.4676441546875 0.5962668421874999 0.4528199421875 0.600770284375 0.4475124375 0.597755040625 0.41882430625 0.5476693140625 0.3596328703125 0.527806421875 0.34721802031250004 0.514457134375 0.3486210875 0.48493025312500004 0.37267257656249997 0.4969653328125 0.42297216562499995 0.49129576875 0.43323640937499996 0.49063866406249995 0.4590877375 0.503156859375 0.4658289796875 0.5472120968749999 0.4676441546875
10 0.6013051984375 0.5328599656249999 0.6061436671875 0.5307400296875 0.5889480421875 0.511599271875 0.5478951000000001 0.5062457625000001 0.521196525 0.5090518953125 0.5118546140625 0.5164793359375001 0.498505328125 0.5178824015625 0.4783203578125 0.534506453125 0.5806112125 0.5285894250000001 0.6013051984375 0.5328599656249999
5 0.5532555343750001 0.5572468859375 0.5766167859375 0.55479151875 0.58929601875 0.5470133125000001 0.599469025 0.5314415625 0.5435656468750001 0.5292602875 0.48199270624999996 0.53734325625 0.5532555343750001 0.5572468859375
1 0.11239402968750001 0.6003605140625 0.1232370890625 0.5911639046875 0.12089189843749999 0.5688509125000001 0.0861656234375 0.52738183125 0.07980010781249999 0.46681799843749994 0.09931502187499999 0.4438188078125 0.13902785625 0.4364220375 0.16973380625 0.439640278125 0.1981075171875 0.45277199687499997 0.21680428906250002 0.470143584375 0.22164275781249998 0.46802364843750005 0.21728740625 0.4265852359375 0.20893762656249998 0.41134891875 0.20625740937499998 0.3858483578125 0.2159213984375 0.34938201874999997 0.2122361 0.31431874843749996 0.2025462125 0.2863321484375 0.21588254999999998 0.2527026140625 0.24440435 0.21908841406250001 0.2814369671875 0.18619108281250002 0.30646040625 0.1674470984375 0.3228119875 0.16250569374999999 0.34984558906249996 0.16288713125 0.40892524999999996 0.17923709062499998 0.45331551406250004 0.184239834375 0.5027182359375 0.20482966249999998 0.5227421671875 0.20272506250000003 0.5258925515625 0.1524408078125 0.48666283281249995 0.11627923124999999 0.4549518015625 0.1034982796875 0.3998795171875 0.0931726953125 0.32178100781249996 0.08849004687499999 0.2687188859375 0.097289884375 0.186960975 0.12199690156250001 0.1145579265625 0.171502946875 0.0733568953125 0.2128953546875 0.05601318125 0.2405005140625 0.0320077734375 0.301033678125 0.0220217078125 0.3665389140625 0.025371978125 0.3984146171875 0.0661416921875 0.52948643125 0.08718365312500001 0.569171009375 0.11239402968750001 0.6003605140625
8 0.48408621093750004 0.3485904171875 0.4949292703125 0.3393938078125 0.4854133703125 0.329114228125 0.44035305156250004 0.31773634375 0.39696786875 0.3222963109375 0.3585951421875 0.3424433609375 0.3484221375 0.35801510937500003 0.3662748671875 0.3513045390625 0.44637059062500006 0.3428861390625 0.47340419218749996 0.343267575 0.48408621093750004 0.3485904171875
7 0.41435043125000004 0.39137055468750004 0.4410490046875 0.388564421875 0.45856670624999996 0.3786662796875 0.4490508078125 0.36838670156250003 0.43135911718750003 0.3605778234375 0.4046605421875 0.3633839578125 0.38447557187500003 0.38000800625000003 0.41435043125000004 0.39137055468750004