0 0.4606491453125 0 0 0.0729596578125 0 0.5393508546875 0.0729596578125 1 0.5393508546875 1 1 0.9270403421875001 1 0.4606491453125 0.9270403421875001 0 0.4606491453125 0
0 0.26394652500000004 0.6183844078125 0.3192611109375 0.6906206484374999 0.359305409375 0.719714534375 0.37490290625 0.7223064578125 0.386686659375 0.7221275375 0.3908429296875 0.7164069234375 0.3887571359375 0.7032377453125 0.375230115625 0.6817560281249999 0.37053708125 0.652125378125 0.3746933515625 0.6464047640625 0.43848408125000005 0.6869245609375 0.4773065609375 0.697650103125 0.521670734375 0.7007481609374999 0.554593678125 0.695533678125 0.57659684375 0.6852989515625 0.6069125468750001 0.663622996875 0.62682991875 0.6402190921875001 0.6890256703125 0.6067440671875 0.7477655234375 0.5940657046875 0.7519217921875 0.5883450906250001 0.7584757484375 0.5231842546875 0.747688940625 0.4337708546875 0.7143775203125 0.3512998890625 0.67431790625 0.2901470328125 0.6172753703125 0.228309125 0.57289588125 0.1931520984375 0.51171239375 0.1690937734375 0.46353447968749995 0.1632248703125 0.37412107968749997 0.1740116765625 0.34051308125 0.1962090796875 0.303449184375 0.239203146875 0.25825166875 0.3054221953125 0.23262899843749998 0.3567288 0.21688321250000003 0.406471059375 0.20997141406250003 0.44806438593750003 0.2209218265625 0.5172025703124999 0.24937660625000002 0.5903181015625 0.26394652500000004 0.6183844078125
1 0.3192611109375 0.6906206484374999 0.359305409375 0.719714534375 0.3768097765625 0.7236918828125 0.3908429296875 0.7164069234375 0.3887571359375 0.7032377453125 0.375230115625 0.6817560281249999 0.3722650328125 0.641727046875 0.359259459375 0.623537625 0.344853146875 0.5751961031249999 0.33458778749999996 0.48907499843749996 0.33507860312500004 0.428249353125 0.34251185156249997 0.38994832343749997 0.36207137968750003 0.3429769078125 0.36951994374999997 0.3367348453125 0.39083805625 0.3434830390625 0.41091903125 0.29980392031249997 0.4273805046875 0.29719667968749997 0.45684755 0.3127788609375 0.473309021875 0.31017161875 0.49462713281250004 0.31691981406249997 0.509539578125 0.336494659375 0.5419563890625 0.3600468515625 0.589449253125 0.38289867499999997 0.6142385796875 0.40090917656249997 0.6272441515625 0.41909859843749997 0.6380003265624999 0.44439405781249997 0.6493085828125 0.5370997515625 0.638940884375 0.5994897406249999 0.6249230484375 0.6388336703124999 0.6367068015624999 0.638654746875 0.7016734 0.6013659796875 0.7477655234375 0.5940657046875 0.7519217921875 0.5883450906250001 0.7575964578125001 0.4963244515625 0.747688940625 0.4337708546875 0.7143775203125 0.3512998890625 0.67431790625 0.2901470328125 0.6172753703125 0.228309125 0.57289588125 0.1931520984375 0.51171239375 0.1690937734375 0.46353447968749995 0.1632248703125 0.42021320156249997 0.1667114015625 0.37412107968749997 0.1740116765625 0.34051308125 0.1962090796875 0.303449184375 0.239203146875 0.25825166875 0.3054221953125 0.23262899843749998 0.3567288 0.21688321250000003 0.406471059375 0.20997141406250003 0.44806438593750003 0.2209218265625 0.5172025703124999 0.24937660625000002 0.5903181015625 0.26394652500000004 0.6183844078125 0.3192611109375 0.6906206484374999
9 0.416644521875 0.6768840734375 0.46690822968749995 0.6959221531249999 0.521670734375 0.7007481609374999 0.554593678125 0.695533678125 0.57659684375 0.6852989515625 0.6069125468750001 0.663622996875 0.6254444968749999 0.6421259640625 0.638940884375 0.5994897406249999 0.6493085828125 0.5370997515625 0.6380003265624999 0.44439405781249997 0.6229089609375 0.4130354578125 0.610082309375 0.406629790625 0.5827010593749999 0.4042167859375 0.5272535 0.41637370156250003 0.5210114375 0.4089251375 0.543878578125 0.3934912453125 0.5989836093750001 0.3898257921875 0.5419563890625 0.3600468515625 0.509539578125 0.336494659375 0.49462713281250004 0.31691981406249997 0.473309021875 0.31017161875 0.45684755 0.3127788609375 0.4273805046875 0.29719667968749997 0.41091903125 0.29980392031249997 0.39083805625 0.3434830390625 0.36951994374999997 0.3367348453125 0.36207137968750003 0.3429769078125 0.338534503125 0.407452690625 0.33458778749999996 0.48907499843749996 0.3533599234375 0.6075976 0.37278648125 0.645019340625 0.416644521875 0.6768840734375
9 0.37007202499999997 0.4041450796875 0.3477263328125 0.4228712671875 0.398496171875 0.41314267187500003 0.43818262812500003 0.4186690484375 0.4466740890625 0.419011575 0.453601203125 0.40947721875000004 0.40628726249999997 0.39840915 0.37007202499999997 0.4041450796875
9 0.41965067968750003 0.44016608125 0.40318920625 0.442773321875 0.38413581093750004 0.4609780609375 0.40493247343750005 0.4644339609375 0.43646999375 0.46112634999999996 0.447210853125 0.454362840625 0.41965067968750003 0.44016608125
9 0.5698897234375 0.429870090625 0.5463222140624999 0.43022793281249994 0.5272688171875 0.4484326703125 0.5447731859375 0.45241001875000003 0.5828952968750001 0.4480595125 0.5936361546875 0.4412960015625 0.5698897234375 0.429870090625
9 0.45261957343750003 0.5311285078125 0.454705365625 0.5442976875000001 0.46423972343750003 0.5512248015625001 0.48971410468750004 0.5522523828125 0.511374740625 0.5505091171875 0.5380556249999999 0.53784606875 0.5140996390625 0.4505184640625 0.49364550156250003 0.438571103125 0.47718403125000003 0.44117834531250005 0.46419377500000003 0.4550478921875 0.461617165625 0.5027043609375 0.45261957343750003 0.5311285078125
9 0.45299273281249997 0.5867549875 0.4389595796875 0.5940399453125 0.46427035625 0.6153427406249999 0.5011859656250001 0.624682859375 0.5354943328124999 0.6175615078125001 0.572215703125 0.5830589015625 0.5254232109375 0.5752831265625 0.45299273281249997 0.5867549875
4 0.5272535 0.41637370156250003 0.5827010593749999 0.4042167859375 0.6138960531250001 0.40940063593750003 0.618573771875 0.40697231718750004 0.5975981859374999 0.3917326625 0.573509228125 0.3887982125 0.543878578125 0.3934912453125 0.5210114375 0.4089251375 0.5272535 0.41637370156250003
3 0.5463222140624999 0.43022793281249994 0.5272688171875 0.4484326703125 0.5466800562499999 0.4537954421875 0.5828952968750001 0.4480595125 0.5936361546875 0.4412960015625 0.5698897234375 0.429870090625 0.5463222140624999 0.43022793281249994
5 0.4389595796875 0.5940399453125 0.46427035625 0.6153427406249999 0.5030928359375 0.626068284375 0.5354943328124999 0.6175615078125001 0.572215703125 0.5830589015625 0.5022135453125001 0.5992084796875 0.4389595796875 0.5940399453125
10 0.45299273281249997 0.5867549875 0.44554416874999997 0.5929970499999999 0.5022135453125001 0.5992084796875 0.5417210781249999 0.5929511 0.564245690625 0.58600866875 0.5651096671875 0.580809503125 0.5254232109375 0.5752831265625 0.45299273281249997 0.5867549875
6 0.454705365625 0.5442976875000001 0.46423972343750003 0.5512248015625001 0.491620975 0.55363780625 0.511374740625 0.5505091171875 0.5380556249999999 0.53784606875 0.5140996390625 0.4505184640625 0.49364550156250003 0.438571103125 0.47718403125000003 0.44117834531250005 0.46419377500000003 0.4550478921875 0.461617165625 0.5027043609375 0.45261957343750003 0.5311285078125 0.454705365625 0.5442976875000001
8 0.3477263328125 0.4228712671875 0.398496171875 0.41314267187500003 0.4400895 0.420054471875 0.453601203125 0.40947721875000004 0.40628726249999997 0.39840915 0.37007202499999997 0.4041450796875 0.3477263328125 0.4228712671875
7 0.40318920625 0.442773321875 0.38413581093750004 0.4609780609375 0.40683934375 0.46581938437500003 0.43646999375 0.46112634999999996 0.447210853125 0.454362840625 0.41965067968750003 0.44016608125 0.40318920625 0.442773321875