0 0.0576373671875 0 0 0.46941869062499997 0 0.9423626328125 0.46941869062499997 1 0.9423626328125 1 1 0.530581309375 1 0.0576373671875 0.530581309375 0 0.0576373671875 0
0 0.7456981093749999 0.34788819531250004 0.71866096875 0.29816997343749996 0.6718047265625 0.23441865312500001 0.6337700640625 0.19329263593749998 0.5998599953125 0.1725581171875 0.5113053390625 0.16499914843750002 0.46399243125 0.1724465640625 0.404479346875 0.198281046875 0.3619212953125 0.2344827875 0.307793328125 0.2974344265625 0.27039101875 0.35912554218750004 0.24037825468750001 0.4416090421875 0.2328192875 0.530163696875 0.2415272265625 0.5942022625 0.24582332812500002 0.5997010234375 0.304191621875 0.610181925 0.366684509375 0.6410543265624999 0.387133875 0.6634502546875 0.4177789890625 0.6837838875 0.4398318984375 0.6931199984374999 0.4724814421875 0.6971288578125 0.5161285078125 0.6925455140625 0.5540474375 0.6806304875 0.615564953125 0.6384712312499999 0.61986105625 0.6439699921875001 0.61625308125 0.6733545828125 0.6036520171875 0.69500660625 0.6020484734375 0.7080664234375 0.6063445749999999 0.7135651843749999 0.6179723578125 0.71333580625 0.6332659828125 0.7102423640625 0.6717573078125 0.6801696453125 0.7238229796875 0.60702225625 0.737225815625 0.5788403234375 0.762770965625 0.5057508015625001 0.771189571875 0.43718675781250005 0.7629403859375 0.3964037609375 0.7456981093749999 0.34788819531250004
1 0.7629403859375 0.3964037609375 0.7456981093749999 0.34788819531250004 0.71866096875 0.29816997343749996 0.6718047265625 0.23441865312500001 0.6337700640625 0.19329263593749998 0.5998599953125 0.1725581171875 0.5541506328125 0.1669457125 0.5113053390625 0.16499914843750002 0.46399243125 0.1724465640625 0.404479346875 0.198281046875 0.3619212953125 0.2344827875 0.307793328125 0.2974344265625 0.27039101875 0.35912554218750004 0.24037825468750001 0.4416090421875 0.23276142187499999 0.5036431765625 0.2415272265625 0.5942022625 0.24582332812500002 0.5997010234375 0.291532690625 0.6053134265625 0.356889646875 0.63985166875 0.3685174296875 0.639622290625 0.3533374484375 0.601302478125 0.34096367031249997 0.54012798125 0.3489235234375 0.4483083703125 0.3586605203125 0.42299050625 0.37086070000000004 0.40460343749999994 0.3946886625 0.38598699375 0.44074104375 0.36181392031250004 0.47190068749999997 0.3374693390625 0.48593378749999994 0.3176502375 0.506726171875 0.31026068906250004 0.5230509453125001 0.31226511874999996 0.551575896875 0.29588247968750003 0.56790066875 0.297886909375 0.5892096718750001 0.3402734515625 0.61000205625 0.3328839046875 0.6175631140625 0.3387835515625 0.6384712312499999 0.384435046875 0.6471213031249999 0.4219530890625 0.6497002203125 0.48192492812500004 0.6425421375 0.5672146296875 0.6299989375 0.6153871750000001 0.6177987593750001 0.63377424375 0.61625308125 0.6733545828125 0.6036520171875 0.69500660625 0.6020484734375 0.7080664234375 0.6161394390625 0.7147678421875 0.6332659828125 0.7102423640625 0.6717573078125 0.6801696453125 0.7238229796875 0.60702225625 0.737225815625 0.5788403234375 0.762770965625 0.5057508015625001 0.771189571875 0.43718675781250005 0.7629403859375 0.3964037609375
9 0.6175631140625 0.3387835515625 0.61000205625 0.3328839046875 0.5892096718750001 0.3402734515625 0.56790066875 0.297886909375 0.551575896875 0.29588247968750003 0.5230509453125001 0.31226511874999996 0.506726171875 0.31026068906250004 0.48593378749999994 0.3176502375 0.47190068749999997 0.3374693390625 0.44074104375 0.36181392031250004 0.3855240609375 0.39314716562499996 0.4399971390625 0.3948643515625 0.463081196875 0.4092983375 0.4571815484375 0.4168593953125 0.4020782109375 0.406779378125 0.375156803125 0.41010219843750007 0.362727246875 0.41686148437500004 0.3489235234375 0.4483083703125 0.34096367031249997 0.54012798125 0.3533374484375 0.601302478125 0.36811654374999997 0.642887246875 0.387133875 0.6634502546875 0.4177789890625 0.6837838875 0.4398318984375 0.6931199984374999 0.4724814421875 0.6971288578125 0.5263242578125 0.690483215625 0.5752407093749999 0.6699759843749999 0.6173978734375 0.6370391984375 0.6352683234375001 0.5994632875 0.6497002203125 0.48192492812500004 0.6429967109375 0.40156159062499996 0.6175631140625 0.3387835515625
9 0.5840560203125 0.40923838124999995 0.6344623703125001 0.41708459062500003 0.6117792 0.3993856515625 0.5758647015625 0.39497590625 0.5295829421875 0.40752119374999995 0.5367431140625001 0.41668579531249994 0.54510594375 0.41605553281249996 0.5840560203125 0.40923838124999995
9 0.5804480453124999 0.438622971875 0.564123275 0.43661854062499994 0.5374312437500001 0.45156914531250003 0.5482572546875 0.45786967812499996 0.579474765625 0.46004561875 0.5998662640625 0.455921025 0.5804480453124999 0.438622971875
9 0.4388523484375 0.43117973750000005 0.41559678125 0.43163848906249996 0.39257058906250003 0.443725025 0.4033966015625 0.45002555781250003 0.4411440203125 0.45300326875 0.4582705640625 0.448477790625 0.4388523484375 0.43117973750000005
9 0.47133038281250006 0.450081334375 0.450711596875 0.537032446875 0.47746149375 0.5486023640625 0.4988841421875 0.5495756453125 0.523972628125 0.547684859375 0.5331372296875 0.5405246874999999 0.5347407734375 0.5274648703125 0.5248880453125 0.49974169062499996 0.520705584375 0.4528296703125 0.507416390625 0.43959834375 0.49109161874999996 0.43759391406250003 0.47133038281250006 0.450081334375
9 0.5261506578125 0.6109216515625 0.55037950625 0.5890402515625001 0.536288540625 0.5823388328125 0.46445954375 0.573519340625 0.41857867187500003 0.582799675 0.455983071875 0.6155628625 0.49006465 0.62140464375 0.5261506578125 0.6109216515625
4 0.3667939734375 0.41073246250000006 0.3714909609375 0.41296626718749996 0.4020782109375 0.406779378125 0.4571815484375 0.4168593953125 0.463081196875 0.4092983375 0.4399971390625 0.3948643515625 0.4106125484375 0.39125637812499997 0.3869560953125 0.394980084375 0.3667939734375 0.41073246250000006
3 0.4582705640625 0.448477790625 0.4388523484375 0.43117973750000005 0.41559678125 0.43163848906249996 0.39257058906250003 0.443725025 0.4033966015625 0.45002555781250003 0.4393111 0.4544353046875 0.4582705640625 0.448477790625
5 0.5261506578125 0.6109216515625 0.55037950625 0.5890402515625001 0.48817386249999994 0.59631615625 0.41857867187500003 0.582799675 0.455983071875 0.6155628625 0.48823172968749995 0.6228366765625 0.5261506578125 0.6109216515625
10 0.48817386249999994 0.59631615625 0.5438495984375 0.5882384796875 0.536288540625 0.5823388328125 0.46445954375 0.573519340625 0.42550946562499997 0.5803364921874999 0.4265406140625 0.5854343671875 0.448994409375 0.5915055234375 0.48817386249999994 0.59631615625
6 0.49109161874999996 0.43759391406250003 0.47133038281250006 0.450081334375 0.450711596875 0.537032446875 0.47746149375 0.5486023640625 0.49705122187499995 0.5510076796875001 0.523972628125 0.547684859375 0.5331372296875 0.5405246874999999 0.5347407734375 0.5274648703125 0.5248880453125 0.49974169062499996 0.520705584375 0.4528296703125 0.507416390625 0.43959834375 0.49109161874999996 0.43759391406250003
8 0.5840560203125 0.40923838124999995 0.6344623703125001 0.41708459062500003 0.6117792 0.3993856515625 0.5758647015625 0.39497590625 0.5295829421875 0.40752119374999995 0.5432730234375 0.4174875671875 0.5840560203125 0.40923838124999995
7 0.5998662640625 0.455921025 0.5804480453124999 0.438622971875 0.564123275 0.43661854062499994 0.5374312437500001 0.45156914531250003 0.5482572546875 0.45786967812499996 0.57764184375 0.4614776515625 0.5998662640625 0.455921025