0 0.451855478125 0 0 0.0878318078125 0 0.5481445218750001 0.0878318078125 1 0.5481445218750001 1 1 0.9121681921875 1 0.451855478125 0.9121681921875 0 0.451855478125 0
0 0.8774391640625 0.8455134796875001 0.8966043171875 0.851841275 0.9124720999999999 0.8504324125 0.9223728031249999 0.8367792640625 0.9217537359374999 0.7966870968750001 0.9060622078125 0.7159611781249999 0.8708873984375 0.64572450625 0.8639831265625 0.610205103125 0.7933239734375 0.449685678125 0.7702337906250001 0.432392184375 0.7366152421875001 0.4255228015625 0.712110671875 0.41017975624999997 0.649903459375 0.385410153125 0.443798540625 0.3215905984375 0.3291171609375 0.30366989843750003 0.2669013546875 0.3157634265625 0.256682521875 0.346233621875 0.2635867953125 0.38175302499999997 0.27301030625 0.3933254484375 0.296543303125 0.5328458921875 0.335165953125 0.6392738296875 0.39327188125 0.7352125171874999 0.4157344015625 0.749276975 0.4424400828125 0.7574900828125 0.47763208125 0.75400049375 0.4944456546875 0.7390036203125 0.48943295937500003 0.6763081953125 0.501534775 0.6555251125 0.52039039375 0.641806825 0.5848073125 0.6225833609375 0.6234557453125 0.6184219078125001 0.659903065625 0.6213903937499999 0.7147288125 0.635866159375 0.7469243796875 0.6815491234375 0.7538372484375 0.680205396875 0.7714375437500001 0.6600290390625 0.781806846875 0.65801345 0.8039512406249999 0.6888949546875 0.8141614781250001 0.695287890625 0.820446684375 0.6907151265625 0.8265728265625001 0.6945508874999999 0.8670870531249999 0.77380280625 0.8774391640625 0.8455134796875001
0 0.74664063125 0.55091365 0.7650276546875 0.525557803125 0.7612616875 0.5061835828125 0.7510514500000001 0.499790646875 0.730312846875 0.5038218234375 0.7197844812499999 0.514245934375 0.7229227875 0.5303911171875 0.73705805625 0.54774975 0.74664063125 0.55091365
1 0.8986463656250001 0.8531198625 0.9124720999999999 0.8504324125 0.9223728031249999 0.8367792640625 0.92269093125 0.8199622171875 0.8982121453125 0.6940297828124999 0.8708873984375 0.64572450625 0.8639831265625 0.610205103125 0.7933239734375 0.449685678125 0.7702337906250001 0.432392184375 0.732531146875 0.4229656265625 0.7323720828125 0.43137415 0.7477626749999999 0.45519085625000005 0.7530934953124999 0.501069234375 0.7612616875 0.5061835828125 0.7650276546875 0.525557803125 0.7500970640625 0.5502417875 0.739100103125 0.5490283375 0.7282622046875 0.539406365625 0.729827059375 0.5659105234374999 0.71064471875 0.6333089859375 0.7329481765625 0.655781965625 0.7469243796875 0.6815491234375 0.7538372484375 0.680205396875 0.7714375437500001 0.6600290390625 0.781806846875 0.65801345 0.8039512406249999 0.6888949546875 0.8141614781250001 0.695287890625 0.820446684375 0.6907151265625 0.8265728265625001 0.6945508874999999 0.8670870531249999 0.77380280625 0.8774391640625 0.8455134796875001 0.8986463656250001 0.8531198625
9 0.45689347968750005 0.7580316687499999 0.47763208125 0.75400049375 0.4944456546875 0.7390036203125 0.48943295937500003 0.6763081953125 0.501534775 0.6555251125 0.5301320328125 0.6365622 0.6234557453125 0.6184219078125001 0.659903065625 0.6213903937499999 0.70923033125 0.6352594359375 0.7244790484375 0.5937584046875 0.731400509375 0.55555155 0.7197844812499999 0.514245934375 0.730312846875 0.5038218234375 0.7524658343749999 0.49784019687500003 0.7477626749999999 0.45519085625000005 0.7304891 0.4216870390625 0.712110671875 0.41017975624999997 0.649903459375 0.385410153125 0.49312580937500006 0.335459640625 0.3765614453125 0.30785183125 0.3112073328125 0.303800175 0.280099428125 0.3098469390625 0.26265819375 0.321614775 0.25856550624999997 0.35592073125 0.2901420078125 0.3615115265625 0.32956856874999996 0.38903371875000003 0.3253254109375 0.3948850671875 0.2604484890625 0.36560784062499996 0.2635867953125 0.38175302499999997 0.27301030625 0.3933254484375 0.296543303125 0.5328458921875 0.3285712125 0.6238005078125 0.360607715625 0.6778919937500001 0.3631183609375 0.6908081421875 0.39327188125 0.7352125171874999 0.42735902656249997 0.7537194609375 0.45689347968750005 0.7580316687499999
9 0.455724103125 0.382942296875 0.5316065812499999 0.376569840625 0.5419758828125001 0.374554253125 0.52359745625 0.36304696875000003 0.486522475 0.35684945 0.4035680640625 0.37297415312500004 0.3867544921875 0.3879710265625 0.39759239062499996 0.3975929984375 0.455724103125 0.382942296875
9 0.3482221515625 0.5680396046875 0.357177065625 0.5679744671875 0.42426369375000006 0.5532586265625 0.43762083125 0.538933615625 0.43322720312499996 0.5163303578125 0.42097491875 0.5086588359374999 0.418464275 0.4957426890625 0.415652690625 0.42591732968749996 0.375908 0.41521218437499996 0.3454277578125 0.4244879859375 0.31809441562499996 0.413045840625 0.2932717171875 0.41451984218750004 0.306779325 0.4286494375 0.348097465625 0.4289956078125 0.31916488906249996 0.5385018265625 0.3298437234375 0.556532321875 0.3482221515625 0.5680396046875
9 0.4335625203125 0.4257870515625 0.4649799578125 0.439786371875 0.5050427765625 0.43367446875000004 0.519027575 0.4225784953125 0.47582645 0.4125452140625 0.4412621125 0.41926384062500005 0.4335625203125 0.4257870515625
9 0.403181178125 0.6846962390625 0.43695879218749994 0.6831571000000001 0.4562830078125 0.6810763734374999 0.47168219375 0.6680299484375001 0.4900692140625 0.642674103125 0.4941619046875 0.608368146875 0.47641113749999997 0.6000899000000001 0.4242551 0.5901217562500001 0.3566998734375 0.5932000375 0.3593695828125 0.5977076609374999 0.35308437656249997 0.602280421875 0.369094034375 0.6661892968750001 0.403181178125 0.6846962390625
9 0.4732642375 0.620807846875 0.48646231249999994 0.614891359375 0.4872490359375 0.609711871875 0.463840725 0.6092354234374999 0.4732642375 0.620807846875
4 0.5336486296875 0.37784842812499997 0.5419758828125001 0.374554253125 0.52359745625 0.36304696875000003 0.486522475 0.35684945 0.4035680640625 0.37297415312500004 0.3867544921875 0.3879710265625 0.39759239062499996 0.3975929984375 0.455724103125 0.382942296875 0.5336486296875 0.37784842812499997
3 0.46702200468750005 0.4410649578125 0.5050427765625 0.43367446875000004 0.519027575 0.4225784953125 0.47582645 0.4125452140625 0.4412621125 0.41926384062500005 0.4335625203125 0.4257870515625 0.46702200468750005 0.4410649578125
10 0.489291084375 0.610990459375 0.4941619046875 0.608368146875 0.47641113749999997 0.6000899000000001 0.4242551 0.5901217562500001 0.37398204375 0.589840725 0.3552854890625 0.5951504859375001 0.39157374375 0.6065274953124999 0.44813200625 0.6022357656249999 0.463840725 0.6092354234374999 0.489291084375 0.610990459375
5 0.439000840625 0.6844356875 0.4562830078125 0.6810763734374999 0.47168219375 0.6680299484375001 0.4900692140625 0.642674103125 0.494789565625 0.6115971828125 0.427384809375 0.643130071875 0.4025621140625 0.644604071875 0.37318672343750003 0.631883340625 0.3551264234375 0.603559009375 0.369094034375 0.6661892968750001 0.403181178125 0.6846962390625 0.439000840625 0.6844356875
2 0.417015509375 0.645145659375 0.45723739218750004 0.6306252328124999 0.46697903125 0.6253806078124999 0.4705945296875 0.616300221875 0.44813200625 0.6022357656249999 0.39157374375 0.6065274953124999 0.3544987625 0.6003299734375 0.37318672343750003 0.631883340625 0.39156515000000003 0.6433906234375 0.417015509375 0.645145659375
6 0.35921911406249996 0.569253053125 0.42426369375000006 0.5532586265625 0.43762083125 0.538933615625 0.43322720312499996 0.5163303578125 0.42097491875 0.5086588359374999 0.415652690625 0.42591732968749996 0.375908 0.41521218437499996 0.3517129625 0.419915221875 0.3474698046875 0.425766571875 0.31916488906249996 0.5385018265625 0.3298437234375 0.556532321875 0.35921911406249996 0.569253053125
7 0.32531681562500003 0.4317481984375 0.3474698046875 0.425766571875 0.31809441562499996 0.413045840625 0.29185733125 0.41647029062499996 0.306779325 0.4286494375 0.32531681562500003 0.4317481984375
8 0.3253254109375 0.3948850671875 0.32894090781249996 0.38580468125 0.2901420078125 0.3615115265625 0.25919316718749996 0.3591497671875 0.274742821875 0.3745579515625 0.3253254109375 0.3948850671875