0 0.4562556671875 0 0 0.080450184375 0 0.5437443328125 0.080450184375 1 0.5437443328125 1 1 0.919549815625 1 0.4562556671875 0.919549815625 0 0.4562556671875 0
0 0.343920528125 0.744000009375 0.3658938 0.75569955625 0.3723304515625 0.7545645999999999 0.384993290625 0.7040523140625 0.4276640453125 0.673167265625 0.458249315625 0.6584298421875 0.49311823749999995 0.6491667046875 0.5553317578125 0.64442639375 0.576239703125 0.650084175 0.59365181875 0.66414538125 0.6102090687499999 0.7204071953125 0.6297741828125 0.7278591578125 0.6614247796875 0.7191634984374999 0.6818224093749999 0.7031076234375 0.6965935546875001 0.683371640625 0.714949921875 0.580461140625 0.7129310046875 0.4749137421875 0.686808165625 0.3455832640625 0.6911141640625 0.332364778125 0.68525486875 0.29913506875 0.6662447671875 0.2760112140625 0.6083148984375 0.2862258125 0.51493875 0.340068215625 0.357661703125 0.4643593734375 0.3120277828125 0.506668725 0.2959138046875 0.5281988890625 0.26907952343749997 0.54538971875 0.254841040625 0.5681465828125 0.24713793750000002 0.7314747374999999 0.25299723125 0.7647044468749999 0.24593852656249998 0.8375896140625001 0.2592551046875 0.91311168125 0.272083715625 0.9482273187500001 0.28521217656250003 0.9568142359375 0.2994283125 0.9527501453125 0.31392195312500004 0.9408501078124999 0.2989850375 0.8749581671875 0.3076640796875 0.7924428734375 0.3116925734375 0.7870603328125 0.3186618875 0.7889462593750001 0.3253760453125 0.7799753593750001 0.33426554999999997 0.7457024421875 0.343920528125 0.744000009375
0 0.304646878125 0.6247753875 0.3290283078125 0.6407225203125 0.3362751265625 0.6347725015625 0.3427341265625 0.6149447718750001 0.3400708109375 0.5998403578125 0.3274750125 0.594274325 0.30816505625 0.597679190625 0.30145089999999997 0.606650090625 0.304646878125 0.6247753875
1 0.33426554999999997 0.7457024421875 0.343920528125 0.744000009375 0.3658938 0.75569955625 0.3723304515625 0.7545645999999999 0.3758486296875 0.7274684031249999 0.3876789546875 0.700463953125 0.34859342031249996 0.64817448125 0.341113790625 0.6245748984375 0.33493229687500004 0.6365666812499999 0.32580998125 0.6412899984375 0.304646878125 0.6247753875 0.30145089999999997 0.606650090625 0.306822225 0.5994733703125 0.296146615625 0.557748490625 0.30154028906249997 0.531878996875 0.29859946718749997 0.524610528125 0.26907952343749997 0.54538971875 0.254841040625 0.5681465828125 0.24713793750000002 0.7314747374999999 0.25299723125 0.7647044468749999 0.24542821093749997 0.8158759578125 0.266202071875 0.9336903828124999 0.272083715625 0.9482273187500001 0.28521217656250003 0.9568142359375 0.2980854796875 0.954544325 0.31392195312500004 0.9408501078124999 0.2989850375 0.8749581671875 0.3076640796875 0.7924428734375 0.3116925734375 0.7870603328125 0.3186618875 0.7889462593750001 0.3253760453125 0.7799753593750001 0.33426554999999997 0.7457024421875
9 0.686808165625 0.3455832640625 0.6911141640625 0.332364778125 0.6884508484375 0.3172603640625 0.6420067578124999 0.3643847796875 0.6363802734374999 0.360704671875 0.661361409375 0.323594365625 0.686852859375 0.3081977171875 0.6718712499999999 0.279691321875 0.6528387999999999 0.2752602421875 0.623873865625 0.2803675421875 0.5686073125 0.3056865546875 0.4768291546875 0.368591603125 0.357661703125 0.4643593734375 0.3120277828125 0.506668725 0.29994229843750003 0.5228163484375 0.296146615625 0.557748490625 0.3062895609375 0.5964524890625 0.3274750125 0.594274325 0.3400708109375 0.5998403578125 0.34377710625 0.6396793125 0.3625097046875 0.6706391109375 0.3895544484375 0.70169065625 0.4276640453125 0.673167265625 0.458249315625 0.6584298421875 0.5451441171875 0.64310794375 0.576239703125 0.650084175 0.59365181875 0.66414538125 0.6102090687499999 0.7204071953125 0.6297741828125 0.7278591578125 0.6490841390625001 0.7244542921875 0.6732327578125 0.710851821875 0.6965935546875001 0.683371640625 0.7079135640625001 0.634653534375 0.7057829109375 0.622570003125 0.71550493125 0.56478925 0.7129310046875 0.4749137421875 0.686808165625 0.3455832640625
9 0.45719699843750006 0.4172179640625 0.5250593484375 0.3974649859375 0.5803035546875 0.390838746875 0.5864850484375 0.37884696406249996 0.566919934375 0.3713950015625 0.48968011093749997 0.38501446562499997 0.459627503125 0.402772775 0.4475420203125 0.41892039687500005 0.45719699843750006 0.4172179640625
9 0.6344600859375 0.3968635171875 0.6049624890625 0.398949934375 0.5740997140624999 0.42152330468750004 0.594940615625 0.4832594078125 0.5970712687499999 0.4953429390625 0.58901428125 0.50610801875 0.5927429234375 0.5272541984375 0.609089709375 0.5352736375 0.6721133984375001 0.5257182640625 0.67989288125 0.522789128125 0.691978365625 0.50664150625 0.6952190375 0.48738125468750004 0.63364991875 0.40167858125 0.6693290078125 0.3876003796875 0.6763206703125 0.3707935328125 0.6543250515625 0.377786759375 0.6344600859375 0.3968635171875
9 0.5496959359375 0.42426894531250003 0.5175126765625 0.4299437234375 0.483431575 0.453084571875 0.4992457 0.4580831296875 0.5359901171875 0.4500466921875 0.5585407453125 0.42738157499999996 0.5496959359375 0.42426894531250003
9 0.566906925 0.606565115625 0.581888534375 0.635071509375 0.6062699625 0.651018640625 0.623959584375 0.6572439015625 0.6413940453125 0.6526123312500001 0.671169146875 0.64268996875 0.6945299453125 0.6152097890625 0.6870950078125 0.5542246578125 0.6801256921875 0.55233873125 0.6809358609375 0.54752366875 0.62138565625 0.5673683921875 0.579525071875 0.5934383750000001 0.566906925 0.606565115625
9 0.5757517359375 0.6096777437500001 0.5891577031249999 0.610428715625 0.5934637015625001 0.59721023125 0.573343578125 0.605430159375 0.5757517359375 0.6096777437500001
4 0.4475420203125 0.41892039687500005 0.4558541671875 0.41901214375 0.5250593484375 0.3974649859375 0.5803035546875 0.390838746875 0.5864850484375 0.37884696406249996 0.566919934375 0.3713950015625 0.48968011093749997 0.38501446562499997 0.459627503125 0.402772775 0.4475420203125 0.41892039687500005
3 0.5585407453125 0.42738157499999996 0.5496959359375 0.42426894531250003 0.5175126765625 0.4299437234375 0.483431575 0.453084571875 0.4992457 0.4580831296875 0.534647284375 0.451840875 0.5585407453125 0.42738157499999996
10 0.579525071875 0.5934383750000001 0.566906925 0.606565115625 0.5720007453125 0.6072243390625001 0.5934637015625001 0.59721023125 0.604739015625 0.585877671875 0.6551669062500001 0.5707562625 0.68281135625 0.5487503703125001 0.66484423125 0.55036105625 0.62138565625 0.5673683921875 0.579525071875 0.5934383750000001
5 0.5674395875 0.609585996875 0.581888534375 0.635071509375 0.6062699625 0.651018640625 0.623959584375 0.6572439015625 0.6400512125 0.6544065125 0.671169146875 0.64268996875 0.6945299453125 0.6152097890625 0.6857521765625 0.5560188375 0.6795483359375 0.5867033953125 0.6583405375 0.6075743328125001 0.6363449171875 0.614567559375 0.5674395875 0.609585996875
2 0.5961270171875 0.61231464375 0.6063146578125 0.6136330937500001 0.645999896875 0.6128651265625 0.6674628515625 0.6028510171875 0.6795483359375 0.5867033953125 0.6852195125 0.5529979546875 0.6551669062500001 0.5707562625 0.604739015625 0.585877671875 0.5899678703125 0.605613653125 0.5961270171875 0.61231464375
6 0.5970712687499999 0.4953429390625 0.58901428125 0.50610801875 0.5927429234375 0.5272541984375 0.609089709375 0.5352736375 0.6707705671874999 0.52751244375 0.691978365625 0.50664150625 0.6952190375 0.48738125468750004 0.6331172546875 0.398657696875 0.627490771875 0.39497758906249997 0.6049624890625 0.398949934375 0.5740997140624999 0.42152330468750004 0.5970712687499999 0.4953429390625
7 0.678196165625 0.3720202359375 0.6543250515625 0.377786759375 0.6331172546875 0.398657696875 0.6543027046875001 0.39647953281250004 0.6693290078125 0.3876003796875 0.678196165625 0.3720202359375
8 0.687385521875 0.3112185984375 0.661361409375 0.323594365625 0.6358476109375 0.3576837890625 0.6420067578124999 0.3643847796875 0.679051028125 0.329819625 0.687385521875 0.3112185984375