0 0.517734840625 0 0.573924228125 0.024678837500000002 0.6460201390625 0.0841151171875 0.733969390625 0.191527353125 0.7412808937500001 0.23299294375000001 0.7379062843749999 0.29772018437500003 0.7076758328125 0.3778715375 0.7227909125 0.5195038078125 0.72307205625 0.60496384375 0.6740002671875 0.7739470421875 0.6470389562500001 0.8027506265625 0.60584125 0.8207035953125 0.572376909375 0.8266042609375001 0.5113537171875 0.8159868937500001 0.39521281875000003 0.7723334609375 0.30308048906249996 0.7110857921875 0.263429515625 0.653945121875 0.236292525 0.583909196875 0.20050823437499998 0.5207423765625 0.16837969218749999 0.47830834843750003 0.16767668593750001 0.4463662046875 0.19179071875 0.415392496875 0.1569203640625 0.3574088734375 0.145953109375 0.29521048906249997 0.1574829453125 0.1649130546875 0.185569125 0.11453372343749998 0.23084444375 0.06379565937500001 0.2666840515625 0.033426590625 0 0.080450184375 0 0.5437443328125 0.080450184375 1 0.5437443328125 1 1 0.919549815625 1 0.4562556671875 0.919549815625 0 0.517734840625 0
9 0.6700636656250001 0.30433831875 0.6501327125 0.2891474578125 0.6196211171875 0.28383877343749997 0.5574730546875 0.2947971546875 0.472546759375 0.288394546875 0.43999635625 0.29947841249999996 0.39767378125 0.339007128125 0.35760094531250003 0.33538435 0.3007255796875 0.40420086718750003 0.28902006562500004 0.43565879374999994 0.30606848593749997 0.5742779875 0.2917266265625 0.5768068453125 0.2822708515625 0.5651132765625 0.24578355312500003 0.470004309375 0.22504412812500002 0.4362507765625 0.1994186171875 0.4167196671875 0.181210075 0.425274675 0.16767668593750001 0.4463662046875 0.16837969218749999 0.47830834843750003 0.20050823437499998 0.5207423765625 0.236292525 0.583909196875 0.263429515625 0.653945121875 0.30308048906249996 0.7110857921875 0.39521281875000003 0.7723334609375 0.5113537171875 0.8159868937500001 0.572376909375 0.8266042609375001 0.60584125 0.8207035953125 0.6470389562500001 0.8027506265625 0.6740002671875 0.7739470421875 0.72307205625 0.60496384375 0.7227909125 0.5195038078125 0.7095037078125 0.388237934375 0.689678221875 0.3596676 0.6700636656250001 0.30433831875
9 0.5182789031249999 0.421956028125 0.509737065625 0.415445659375 0.44301931406249995 0.4004880453125 0.404774353125 0.4072316625 0.35960449843750003 0.44459025625 0.4532835609375 0.43074428593749997 0.5153261578125 0.4331653765625 0.5182789031249999 0.421956028125
9 0.5992330484374999 0.44776425781249996 0.6412392265625 0.44837396093750004 0.6624005140625 0.42860960312499996 0.63199438125 0.409921446875 0.6999424671875001 0.3899238390625 0.6743169578125 0.37039273125 0.6408526171875 0.3762933984375 0.5822548390625 0.42136404531249994 0.5993385140624999 0.434384784375 0.5992330484374999 0.44776425781249996
9 0.4503308171875 0.441953634375 0.42734165312499994 0.4513515953125 0.404247025 0.474129028125 0.44330045937499996 0.48594808125 0.478698140625 0.47703434062500005 0.49212606406250003 0.469322284375 0.4503308171875 0.441953634375
9 0.5258715484375001 0.5488816546875 0.5133575640625 0.561776909375 0.518841190625 0.5928761 0.533077584375 0.6037267171875 0.5903395609375 0.6069907609375 0.620042684375 0.5937367734375 0.6297093921875 0.5786713953125 0.6308342609375 0.5570956484375 0.5811299703125 0.44293979375000003 0.56211295625 0.43293212812500004 0.5382098546874999 0.43714689062499995 0.5151152265625 0.4599243234375 0.5258715484375001 0.5488816546875
9 0.6376184359375 0.6654586015625 0.6597991249999999 0.637497971875 0.613926265625 0.64291441875 0.58707041875 0.6583385296875 0.49817197812499997 0.6713415484375 0.5495284640625 0.69702429375 0.6040486281249999 0.6847387421875 0.6376184359375 0.6654586015625
1 0.4562556703125 0 0.2666840515625 0.033426590625 0.23084444375 0.06379565937500001 0.1643023734375 0.147677553125 0.1461640421875 0.26845154375 0.1569203640625 0.3574088734375 0.1860961609375 0.4110522515625 0.22504412812500002 0.4362507765625 0.23826111874999997 0.455297665625 0.2822708515625 0.5651132765625 0.2917266265625 0.5768068453125 0.30606848593749997 0.5742779875 0.28902006562500004 0.43565879374999994 0.3007255796875 0.40420086718750003 0.35760094531250003 0.33538435 0.39767378125 0.339007128125 0.4534242796875 0.29176635625 0.531742078125 0.2886455171875 0.5574730546875 0.2947971546875 0.6196211171875 0.28383877343749997 0.6501327125 0.2891474578125 0.6700636656250001 0.30433831875 0.689678221875 0.3596676 0.7085897703125 0.3830547359375 0.7379062843749999 0.29772018437500003 0.7412808937500001 0.23299294375000001 0.733969390625 0.191527353125 0.6460201390625 0.0841151171875 0.573924228125 0.024678837500000002 0.517734840625 0 0.4562556703125 0
4 0.5133928171875 0.436178453125 0.5182789031249999 0.421956028125 0.509737065625 0.415445659375 0.44301931406249995 0.4004880453125 0.404774353125 0.4072316625 0.35960449843750003 0.44459025625 0.4532835609375 0.43074428593749997 0.5133928171875 0.436178453125
3 0.49212606406250003 0.469322284375 0.4503308171875 0.441953634375 0.42734165312499994 0.4513515953125 0.404247025 0.474129028125 0.44330045937499996 0.48594808125 0.47676480000000004 0.4800474140625 0.49212606406250003 0.469322284375
5 0.5495284640625 0.69702429375 0.6021152875 0.68775181875 0.6376184359375 0.6654586015625 0.6597991249999999 0.637497971875 0.6071068375 0.66014991875 0.530616915625 0.67363715625 0.509666559375 0.6666425671875 0.49817197812499997 0.6713415484375 0.5495284640625 0.69702429375
10 0.6502378859375 0.6391838765625 0.613926265625 0.64291441875 0.58707041875 0.6583385296875 0.5125138390624999 0.6688126921875 0.530616915625 0.67363715625 0.6071068375 0.66014991875 0.6502378859375 0.6391838765625
6 0.5151152265625 0.4599243234375 0.5258715484375001 0.5488816546875 0.5133575640625 0.561776909375 0.518841190625 0.5928761 0.533077584375 0.6037267171875 0.5884062203125 0.6100038375 0.620042684375 0.5937367734375 0.6297093921875 0.5786713953125 0.6308342609375 0.5570956484375 0.5811299703125 0.44293979375000003 0.56211295625 0.43293212812500004 0.5382098546874999 0.43714689062499995 0.5151152265625 0.4599243234375
8 0.6012718546875 0.431371709375 0.64542230625 0.40220939062500005 0.6999424671875001 0.3899238390625 0.6743169578125 0.37039273125 0.6408526171875 0.3762933984375 0.5880548625 0.41232481875 0.5831687765625 0.42654724374999997 0.6012718546875 0.431371709375
7 0.6329083203125 0.41510464531249996 0.6051385375 0.4253455578125 0.5963857703125 0.445594134375 0.639305884375 0.45138703593749996 0.6624005140625 0.42860960312499996 0.6329083203125 0.41510464531249996