0 0.582635796875 0 0.637665946875 0.0339741375 0.7001793640625 0.10214647968749999 0.7716267234374999 0.21951616875000002 0.7730808687499999 0.26115745156250003 0.760847796875 0.32412273593749996 0.7201496796875 0.398505059375 0.7154478937500001 0.539379965625 0.7039418953125 0.6231658921875 0.632518721875 0.7820052859375 0.602105715625 0.8065191171875 0.55922638125 0.8184395140625 0.5255930359375001 0.8196140156249999 0.4672088 0.80080680625 0.35932278281249996 0.7420361734375 0.27740854375 0.6693298140625 0.24639874375 0.607874603125 0.2294396984375 0.5355057140625 0.20305289375000002 0.46867755625 0.1773931609375 0.4226700421875 0.181107315625 0.3912712921875 0.20902705625 0.364238775 0.1828220203125 0.30261577812499996 0.1806408015625 0.2401538515625 0.20991170937499998 0.1140554953125 0.24440240625 0.06855323437500001 0.2958006609375 0.025066304687500002 0.326395434375 0.0057576328125 0 0.0171556125 0 0.5087275484375 0.0171556125 1 0.5087275484375 1 1 0.9828443874999999 1 0.49127245156250005 0.9828443874999999 0 0.582635796875 0
9 0.6933993390625 0.32126658125 0.6759464765625001 0.3036357703125 0.6467543578125 0.294232165625 0.58429243125 0.296413384375 0.501884378125 0.27844510312500004 0.4684328015625 0.2848247671875 0.42147577500000005 0.317733590625 0.3826741296875 0.3086655578125 0.31740688906250003 0.3682713296875 0.3015899421875 0.39748696250000004 0.2991996546875 0.535675396875 0.2847853640625 0.5361787546875 0.2771237984375 0.5234175328124999 0.2544511484375 0.4251906265625 0.238764478125 0.389257859375 0.21632508593750002 0.366589675 0.19728779999999999 0.3724659796875 0.181107315625 0.3912712921875 0.1773931609375 0.4226700421875 0.20305289375000002 0.46867755625 0.2294396984375 0.5355057140625 0.24639874375 0.607874603125 0.27740854375 0.6693298140625 0.35932278281249996 0.7420361734375 0.4672088 0.80080680625 0.5255930359375001 0.8196140156249999 0.55922638125 0.8184395140625 0.602105715625 0.8065191171875 0.632518721875 0.7820052859375 0.7039418953125 0.6231658921875 0.7154478937500001 0.539379965625 0.720513215625 0.40891538125000004 0.705008315625 0.378187775 0.6933993390625 0.32126658125
9 0.528322671875 0.415626821875 0.5208428734375 0.40807076093749994 0.45747210625 0.3842261765625 0.4190339984375 0.3855684640625 0.3695837046875 0.4159586 0.463367478125 0.41528935312500004 0.5238814453125 0.42620492812500005 0.528322671875 0.415626821875
9 0.6041597703125 0.45206484218750004 0.6452729125000001 0.45844640156249994 0.6687514250000001 0.44199199062499994 0.6415072687500001 0.419491590625 0.7109036890625 0.40925095312500004 0.6884642953125 0.3865827671875 0.6548309515625 0.38775727031249996 0.591148134375 0.4238559234375 0.6061077296875 0.438968046875 0.6041597703125 0.45206484218750004
9 0.4589262515625 0.42586746093750005 0.435084203125 0.43191155156249994 0.409294190625 0.4510524375 0.44596610625000005 0.46801210156249995 0.48191094999999995 0.464151128125 0.49614347187499996 0.4584426078125 0.4589262515625 0.42586746093750005
9 0.51827081875 0.541054034375 0.5042200640625001 0.5519677125 0.5053106734374999 0.583198675 0.517777003125 0.5957921125000001 0.5734862046875 0.6068754734375 0.604444515625 0.5979771234375 0.616002003125 0.5845447578125 0.6200796937499999 0.563556328125 0.58707044375 0.444844353125 0.5697993515625 0.4324187015625 0.5457755343749999 0.43325763281249996 0.519985521875 0.4523985171875 0.51827081875 0.541054034375
9 0.611794034375 0.6706815859375 0.6374022781249999 0.646335540625 0.5916661375000001 0.6453269265625 0.5632010937499999 0.656743965625 0.4742220828125 0.6572454265625 0.5210488296875 0.6894850031249999 0.576212728125 0.6849528828125 0.611794034375 0.6706815859375
1 0.49127245625000004 0 0.326395434375 0.0057576328125 0.2958006609375 0.025066304687500002 0.21897593125 0.0981044421875 0.184536725 0.21396026250000003 0.1828220203125 0.30261577812499996 0.204040525 0.3592013984375 0.238764478125 0.389257859375 0.2491010796875 0.40974293125 0.2771237984375 0.5234175328124999 0.2847853640625 0.5361787546875 0.2991996546875 0.535675396875 0.3015899421875 0.39748696250000004 0.31740688906250003 0.3682713296875 0.3826741296875 0.3086655578125 0.42147577500000005 0.317733590625 0.48266532343749996 0.2791162484375 0.559905078125 0.2868419921875 0.58429243125 0.296413384375 0.6467543578125 0.294232165625 0.6759464765625001 0.3036357703125 0.6933993390625 0.32126658125 0.705008315625 0.378187775 0.7203314468750001 0.40371021875 0.760847796875 0.32412273593749996 0.7730808687499999 0.26115745156250003 0.7716267234374999 0.21951616875000002 0.7001793640625 0.10214647968749999 0.637665946875 0.0339741375 0.582635796875 0 0.49127245625000004 0
4 0.5215699468749999 0.4288914015625 0.528322671875 0.415626821875 0.5208428734375 0.40807076093749994 0.45747210625 0.3842261765625 0.4190339984375 0.3855684640625 0.3695837046875 0.4159586 0.463367478125 0.41528935312500004 0.5215699468749999 0.4288914015625
3 0.49614347187499996 0.4584426078125 0.4589262515625 0.42586746093750005 0.435084203125 0.43191155156249994 0.409294190625 0.4510524375 0.44596610625000005 0.46801210156249995 0.47959945312499996 0.4668376 0.49614347187499996 0.4584426078125
5 0.5210488296875 0.6894850031249999 0.5739012296875 0.68763935625 0.611794034375 0.6706815859375 0.6374022781249999 0.646335540625 0.582601915625 0.66127798125 0.5057256984375 0.6639625578125 0.48614310781250003 0.6542233796875 0.4742220828125 0.6572454265625 0.5210488296875 0.6894850031249999
10 0.6277927484375 0.6466711125 0.5916661375000001 0.6453269265625 0.5632010937499999 0.656743965625 0.4886363734375 0.6567420671875001 0.5057256984375 0.6639625578125 0.582601915625 0.66127798125 0.6277927484375 0.6466711125
6 0.519985521875 0.4523985171875 0.51827081875 0.541054034375 0.5042200640625001 0.5519677125 0.5053106734374999 0.583198675 0.517777003125 0.5957921125000001 0.57117470625 0.6095619484375 0.604444515625 0.5979771234375 0.616002003125 0.5845447578125 0.6200796937499999 0.563556328125 0.58707044375 0.444844353125 0.5697993515625 0.4324187015625 0.5457755343749999 0.43325763281249996 0.519985521875 0.4523985171875
8 0.608419228125 0.43628157500000003 0.6557397921875 0.413783071875 0.7109036890625 0.40925095312500004 0.6884642953125 0.3865827671875 0.6548309515625 0.38775727031249996 0.598082628125 0.41579650468749996 0.591329903125 0.4290610859375 0.608419228125 0.43628157500000003
7 0.6416890359375 0.42469675156250003 0.6130422234374999 0.43090862812499997 0.6016665031249999 0.44954615468750003 0.6429614140625 0.461132875 0.6687514250000001 0.44199199062499994 0.6416890359375 0.42469675156250003