0 0.447447884375 0 0 0.095107984375 0 0.552552115625 0.095107984375 1 0.552552115625 1 1 0.904892015625 1 0.447447884375 0.904892015625 0 0.447447884375 0
0 0.312996646875 0.6040276890625 0.3695819453125 0.6807662125 0.40661848125000005 0.701972403125 0.45239889843750003 0.7060155265625 0.519402025 0.6933040203124999 0.57073969375 0.6579046625 0.6236480984375 0.600745134375 0.653466325 0.551554475 0.67717899375 0.5465141921875001 0.69075443125 0.5375068421875 0.703633196875 0.5179344265625 0.7105096109375 0.49198560156250004 0.7139768390625 0.42084791875 0.71210936875 0.4120621625 0.6918349078125 0.40412803124999996 0.70185279375 0.3346588640625 0.6948570359375 0.287171459375 0.67600494375 0.24220419531249998 0.639990840625 0.20394572968750002 0.6023318171875001 0.179810953125 0.5421309203125 0.158937146875 0.5034494640625 0.15185464531249998 0.4346530515625 0.1634168734375 0.347123890625 0.20344807187499997 0.311703253125 0.226281459375 0.27899512656250003 0.2837386375 0.2689772390625 0.3532078046875 0.2819011640625 0.3994351390625 0.272534790625 0.4136696234375 0.2697190734375 0.42957262187499995 0.2752924609375 0.5140931625 0.28385895625 0.5398203984375 0.2958636578125 0.55257321875 0.312996646875 0.6040276890625
1 0.6441128359375 0.3836626703125 0.6534501875000001 0.4275914546875 0.6594525390625 0.4339678671875 0.6764661828125 0.41198610625 0.6941765015625 0.4005694109375 0.70185279375 0.3346588640625 0.6948570359375 0.287171459375 0.67600494375 0.24220419531249998 0.6591686890624999 0.22129565156250003 0.6023318171875001 0.179810953125 0.5421309203125 0.158937146875 0.5034494640625 0.15185464531249998 0.4346530515625 0.1634168734375 0.32231460625 0.2179041484375 0.311703253125 0.226281459375 0.2871165203125 0.2636469828125 0.277276021875 0.29022584375 0.2689772390625 0.3532078046875 0.275202140625 0.3824936609375 0.282449471875 0.39472724375 0.2990921984375 0.33456307343749997 0.304575265625 0.28748411093750004 0.319173134375 0.26142448749999997 0.3297844875 0.25304717499999996 0.37065916875 0.24129809375 0.42899259531249995 0.2533861421875 0.5380412 0.2271462453125 0.5594122765625 0.2256645828125 0.589201478125 0.23463719218749998 0.60720853125 0.2537664234375 0.6109144484375 0.32950120625 0.6272765812500001 0.362754128125 0.6441128359375 0.3836626703125
9 0.3695819453125 0.6807662125 0.40661848125000005 0.701972403125 0.4541921859375 0.7071647999999999 0.519402025 0.6933040203124999 0.57073969375 0.6579046625 0.6236480984375 0.600745134375 0.653466325 0.551554475 0.67717899375 0.5465141921875001 0.69075443125 0.5375068421875 0.709412996875 0.5014013937499999 0.7095903875 0.4585110890625 0.7147476984375001 0.43904946875000006 0.71210936875 0.4120621625 0.6995563625 0.4040172359375 0.68473594375 0.4071674140625 0.6764661828125 0.41198610625 0.6624166218750001 0.4333378328125 0.6534501875000001 0.4275914546875 0.6441128359375 0.3836626703125 0.6272765812500001 0.362754128125 0.6109144484375 0.32950120625 0.60720853125 0.2537664234375 0.5945813390625 0.238085015625 0.5754776734375 0.22837157656249998 0.5380412 0.2271462453125 0.42899259531249995 0.2533861421875 0.37065916875 0.24129809375 0.3410183328125 0.24759844687500002 0.319173134375 0.26142448749999997 0.3086359625 0.2774382828125 0.2994179546875 0.30694573125 0.2990921984375 0.33456307343749997 0.2697190734375 0.42957262187499995 0.277782421875 0.5258075046874999 0.2958636578125 0.55257321875 0.312996646875 0.6040276890625 0.3695819453125 0.6807662125
9 0.322079171875 0.37712099062500004 0.30093064531249997 0.401512096875 0.35139425156250004 0.398437978125 0.3954555671875 0.4089683046875 0.408482696875 0.4046688546875 0.411372596875 0.3964023359375 0.3517200078125 0.3708206375 0.322079171875 0.37712099062500004
9 0.5050524765625 0.3780205125 0.46604526718750006 0.3985553515625 0.46377785625 0.40975045468750004 0.47095100468749995 0.4143475546875 0.5218887328124999 0.3989290578125 0.55277455 0.39848587343749997 0.5865502671875 0.3897761734375 0.5596509625 0.372537046875 0.54654965 0.3692000171875 0.5050524765625 0.3780205125
9 0.36713389375 0.4287623140625 0.340457140625 0.4344326328125 0.3286749890625 0.44458925625 0.35846419375 0.4535618640625 0.3839701484375 0.44967085625000003 0.39341070624999996 0.44307285468749996 0.36713389375 0.4287623140625
9 0.38229620625 0.5219578140625 0.3948492140625 0.5300027390625 0.421674334375 0.5396053828125 0.43235987031249995 0.538864553125 0.4697221625 0.532453403125 0.4862616828125 0.5228160203125001 0.4921156671875 0.5139194671875 0.48838072656250003 0.496347953125 0.47762100468749996 0.48945230312500004 0.4646970796875 0.4432249671875 0.45510815625 0.43455000625 0.43842026718750005 0.42891442656249995 0.4123660046875 0.43751333125 0.396819890625 0.488261709375 0.3804287359375 0.51317205625 0.38229620625 0.5219578140625
9 0.538250865625 0.43218197812500003 0.5097066421875 0.42906654062499994 0.48669064687499997 0.444671890625 0.515857359375 0.4507159140625 0.55735453125 0.44189541875 0.538250865625 0.43218197812500003
9 0.39170774062499997 0.5735230796875 0.3741457890625 0.6002127374999999 0.4029867453125 0.6338741031249999 0.43277595 0.6428467125 0.47310232343749997 0.635805528125 0.4943250328125 0.6190509015625001 0.5125094734375 0.5952898281250001 0.4729829796875 0.5623692953125 0.45691758125000004 0.5596623000000001 0.4023190953125 0.5651457671875 0.39170774062499997 0.5735230796875
4 0.46604526718750006 0.3985553515625 0.46377785625 0.40975045468750004 0.472744290625 0.4154968296875 0.5100323984374999 0.4014491984375 0.55277455 0.39848587343749997 0.5865502671875 0.3897761734375 0.5596509625 0.372537046875 0.54654965 0.3692000171875 0.5050524765625 0.3780205125 0.46604526718750006 0.3985553515625
3 0.5097066421875 0.42906654062499994 0.48669064687499997 0.444671890625 0.5176506453124999 0.45186519062499997 0.55735453125 0.44189541875 0.538250865625 0.43218197812500003 0.5097066421875 0.42906654062499994
5 0.3831864078125 0.6135955953125001 0.4029867453125 0.6338741031249999 0.43456923593749996 0.6439959875 0.47310232343749997 0.635805528125 0.4943250328125 0.6190509015625001 0.5125094734375 0.5952898281250001 0.4490929203125 0.6102998828125 0.39855513125 0.605737521875 0.374694096875 0.5955048406250001 0.3831864078125 0.6135955953125001
2 0.3764873828125 0.596654115625 0.39855513125 0.605737521875 0.4490929203125 0.6102998828125 0.503617221875 0.5971799343749999 0.468448159375 0.5847595 0.43397576875 0.5829041328125 0.397784275 0.5875359734375001 0.3764873828125 0.596654115625
6 0.38229620625 0.5219578140625 0.3948492140625 0.5300027390625 0.4341531578125 0.540013828125 0.4697221625 0.532453403125 0.4862616828125 0.5228160203125001 0.4921156671875 0.5139194671875 0.48838072656250003 0.496347953125 0.47762100468749996 0.48945230312500004 0.4646970796875 0.4432249671875 0.45510815625 0.43455000625 0.43842026718750005 0.42891442656249995 0.4123660046875 0.43751333125 0.396819890625 0.488261709375 0.3804287359375 0.51317205625 0.38229620625 0.5219578140625
10 0.43397576875 0.5829041328125 0.468448159375 0.5847595 0.5018239359375001 0.596030659375 0.507752103125 0.5947705890625 0.508300409375 0.59006269375 0.49270913437499997 0.5750113203125 0.4729829796875 0.5623692953125 0.45691758125000004 0.5596623000000001 0.4023190953125 0.5651457671875 0.37882897656250003 0.593095496875 0.43397576875 0.5829041328125
8 0.30093064531249997 0.401512096875 0.35139425156250004 0.398437978125 0.39724885312499997 0.41011758125000003 0.408482696875 0.4046688546875 0.411372596875 0.3964023359375 0.3517200078125 0.3708206375 0.322079171875 0.37712099062500004 0.30093064531249997 0.401512096875
7 0.340457140625 0.4344326328125 0.3286749890625 0.44458925625 0.36025748125 0.4547111390625 0.3839701484375 0.44967085625000003 0.39341070624999996 0.44307285468749996 0.36713389375 0.4287623140625 0.340457140625 0.4344326328125