0 0 0 0 1 1 1 1 0 0 0
0 0.67587209375 0.4 0.6642441859375 0.388571428125 0.6671511625 0.3428571421875 0.6438953484375001 0.27999999999999997 0.6017441859375 0.2328571421875 0.5639534890625 0.21857142812500002 0.47383720937499996 0.198571428125 0.40697674375000004 0.20142857187500002 0.3720930234375 0.2157142859375 0.3197674421875 0.24714285781249998 0.2892441859375 0.27714285781250003 0.2630813953125 0.32 0.254360465625 0.3657142859375 0.2572674421875 0.411428571875 0.28052325625 0.47428571406250003 0.2630813953125 0.4857142859375 0.2630813953125 0.4942857140625 0.28052325625 0.5599999999999999 0.2921511625 0.5828571421875 0.308139534375 0.598571428125 0.32267441875 0.6042857140625 0.3459302328125 0.6042857140625 0.3837209296875 0.6442857140625 0.4447674421875 0.6871428578125001 0.5 0.71 0.5654069765624999 0.708571428125 0.6075581390625 0.6957142859375 0.6380813953125 0.668571428125 0.67587209375 0.5857142859375 0.681686046875 0.5342857140625 0.6904069765624999 0.52 0.693313953125 0.4942857140625 0.681686046875 0.4142857140625 0.67587209375 0.4
1 0.369186046875 0.281428571875 0.389534884375 0.278571428125 0.49709302343750006 0.281428571875 0.5494186046875 0.258571428125 0.5901162796875 0.261428571875 0.6017441859375 0.2671428578125 0.620639534375 0.288571428125 0.6351744187499999 0.33142857187499997 0.6627906984374999 0.3842857140625 0.6671511625 0.371428571875 0.6671511625 0.3428571421875 0.646802325 0.28571428593750003 0.6322674421875 0.2628571421875 0.6017441859375 0.2328571421875 0.5901162796875 0.22714285781250002 0.47383720937499996 0.198571428125 0.40697674375000004 0.20142857187500002 0.3720930234375 0.2157142859375 0.3197674421875 0.24714285781249998 0.2747093015625 0.2971428578125 0.2630813953125 0.32 0.254360465625 0.3657142859375 0.2572674421875 0.411428571875 0.2776162796875 0.47142857187500004 0.296511628125 0.478571428125 0.316860465625 0.4957142859375 0.3212209296875 0.48857142812500004 0.3212209296875 0.44571428593749995 0.3328488375 0.42285714218750003 0.3415697671875 0.388571428125 0.3299418609375 0.3171428578125 0.34302325625 0.29571428593750004 0.369186046875 0.281428571875
9 0.6351744187499999 0.33142857187499997 0.629360465625 0.3057142859375 0.6148255812500001 0.27999999999999997 0.6017441859375 0.2671428578125 0.578488371875 0.258571428125 0.5494186046875 0.258571428125 0.49709302343750006 0.281428571875 0.389534884375 0.278571428125 0.3546511625 0.28714285781250004 0.33866279062500004 0.3 0.3299418609375 0.3171428578125 0.3415697671875 0.388571428125 0.3328488375 0.42285714218750003 0.3212209296875 0.44571428593749995 0.3212209296875 0.48857142812500004 0.3139534890625 0.4957142859375 0.296511628125 0.478571428125 0.2877906984375 0.4757142859375 0.2732558140625 0.4757142859375 0.2630813953125 0.4857142859375 0.265988371875 0.511428571875 0.2747093015625 0.528571428125 0.2834302328125 0.5685714281250001 0.308139534375 0.598571428125 0.32267441875 0.6042857140625 0.3459302328125 0.6042857140625 0.3837209296875 0.6442857140625 0.4447674421875 0.6871428578125001 0.5 0.71 0.5639534890625 0.71 0.6075581390625 0.6957142859375 0.6380813953125 0.668571428125 0.67587209375 0.5857142859375 0.681686046875 0.5342857140625 0.693313953125 0.5057142859375 0.681686046875 0.4142857140625 0.6351744187499999 0.33142857187499997
9 0.598837209375 0.40142857187500003 0.646802325 0.3942857140625 0.6220930234375001 0.3757142859375 0.59302325625 0.3757142859375 0.5421511625 0.411428571875 0.546511628125 0.41857142812500003 0.5595930234375001 0.42000000000000004 0.598837209375 0.40142857187500003
9 0.4389534890625 0.4357142859375 0.48982558125000003 0.44000000000000006 0.49563953437499997 0.4342857140625 0.4912790703125 0.42428571406250004 0.4505813953125 0.41285714218749997 0.4098837203125 0.41285714218749997 0.3982558140625 0.41857142812500003 0.3764534890625 0.44000000000000006 0.4098837203125 0.44142857187500006 0.4389534890625 0.4357142859375
9 0.6162790703125001 0.4328571421875 0.5901162796875 0.4328571421875 0.568313953125 0.451428571875 0.578488371875 0.4557142859375 0.603197675 0.4542857140625 0.629360465625 0.44000000000000006 0.6162790703125001 0.4328571421875
9 0.5087209296874999 0.4557142859375 0.5014534890625 0.46571428593749997 0.4985465109375 0.511428571875 0.48982558125000003 0.52 0.48982558125000003 0.5371428578125 0.49709302343750006 0.5442857140624999 0.514534884375 0.55 0.55087209375 0.548571428125 0.5610465109375 0.5471428578124999 0.584302325 0.5328571421875 0.59447674375 0.5228571421875 0.59447674375 0.5142857140625 0.57412790625 0.4942857140625 0.5494186046875 0.45 0.5232558140625 0.44714285781249996 0.5087209296874999 0.4557142859375
9 0.4302325578125 0.47000000000000003 0.4142441859375 0.4828571421875 0.45494186093750005 0.4828571421875 0.4811046515625 0.47142857187500004 0.4563953484375 0.46142857187499997 0.4302325578125 0.47000000000000003
9 0.5087209296874999 0.6357142859375 0.53197674375 0.6471428578125 0.5712209296874999 0.6457142859375 0.5973837203125 0.631428571875 0.6177325578125 0.5942857140625 0.5959302328125 0.5728571421875001 0.584302325 0.5671428578125 0.53197674375 0.5728571421875001 0.5174418609375 0.578571428125 0.4869186046875 0.6171428578125 0.5087209296874999 0.6357142859375
4 0.4098837203125 0.44142857187500006 0.4505813953125 0.4357142859375 0.48837209374999996 0.44142857187500006 0.49563953437499997 0.4342857140625 0.4912790703125 0.42428571406250004 0.4505813953125 0.41285714218749997 0.4098837203125 0.41285714218749997 0.3982558140625 0.41857142812500003 0.3764534890625 0.44000000000000006 0.4098837203125 0.44142857187500006
3 0.4563953484375 0.46142857187499997 0.4302325578125 0.47000000000000003 0.4142441859375 0.4828571421875 0.45348837187499996 0.4842857140625 0.4811046515625 0.47142857187500004 0.4563953484375 0.46142857187499997
5 0.5087209296874999 0.6357142859375 0.53197674375 0.6471428578125 0.5697674421875 0.6471428578125 0.5973837203125 0.631428571875 0.6119186046875 0.608571428125 0.6162790703125001 0.5900000000000001 0.5959302328125 0.6042857140625 0.5494186046875 0.618571428125 0.4869186046875 0.6171428578125 0.5087209296874999 0.6357142859375
2 0.5494186046875 0.618571428125 0.5959302328125 0.6042857140625 0.6148255812500001 0.5914285718750001 0.59302325625 0.5871428578125 0.558139534375 0.5900000000000001 0.526162790625 0.598571428125 0.49563953437499997 0.6171428578125 0.5494186046875 0.618571428125
6 0.5087209296874999 0.4557142859375 0.5014534890625 0.46571428593749997 0.4985465109375 0.511428571875 0.48982558125000003 0.52 0.48982558125000003 0.5371428578125 0.49709302343750006 0.5442857140624999 0.514534884375 0.55 0.5494186046875 0.55 0.584302325 0.5328571421875 0.59447674375 0.5228571421875 0.59447674375 0.5142857140625 0.57412790625 0.4942857140625 0.5494186046875 0.45 0.5232558140625 0.44714285781249996 0.5087209296874999 0.4557142859375
10 0.5014534890625 0.5942857140625 0.48982558125000003 0.611428571875 0.4912790703125 0.6157142859375 0.49709302343750006 0.6157142859375 0.526162790625 0.598571428125 0.558139534375 0.5900000000000001 0.6119186046875 0.5885714281250001 0.584302325 0.5671428578125 0.53197674375 0.5728571421875001 0.5174418609375 0.578571428125 0.5014534890625 0.5942857140625
8 0.558139534375 0.42142857187500005 0.598837209375 0.40142857187500003 0.646802325 0.3942857140625 0.6220930234375001 0.3757142859375 0.59302325625 0.3757142859375 0.5421511625 0.411428571875 0.546511628125 0.41857142812500003 0.558139534375 0.42142857187500005
7 0.629360465625 0.44000000000000006 0.6162790703125001 0.4328571421875 0.5901162796875 0.4328571421875 0.568313953125 0.451428571875 0.578488371875 0.4557142859375 0.6017441859375 0.4557142859375 0.629360465625 0.44000000000000006