0 0.0337424578125 0 0 0.48253961562500003 0 0.9662575421874999 0.48253961562500003 1 0.9662575421874999 1 1 0.517460384375 1 0.0337424578125 0.517460384375 0 0.0337424578125 0
0 0.328538153125 0.7520028062499999 0.4008511140625 0.8178872078125 0.422396828125 0.8291262749999999 0.4505388671875 0.834743825 0.49136561875 0.8363821546875 0.5392966312499999 0.82513515 0.643314015625 0.7569823 0.6868497578125 0.7198802765625001 0.7088045546874999 0.6897850578125 0.7271754109375 0.639974334375 0.7364102640625 0.6321042078125 0.7640795984375 0.6267397031249999 0.7795721515625 0.6180906 0.8000383734375 0.5915409578124999 0.8093084578124999 0.565424959375 0.8229806484375001 0.476355890625 0.8116856609375 0.44271906406249995 0.7998475046875 0.434591925 0.776643903125 0.4293197046875 0.771267990625 0.399746446875 0.7537153015625 0.3668885953125 0.7387659109375 0.3500280078125 0.728889040625 0.34933735 0.7033503 0.3597170640625 0.680958028125 0.3605843546875 0.6426357234375 0.34087281875 0.5744146390625 0.2874401078125 0.531492521875 0.2625406984375 0.487723846875 0.2497476484375 0.4531547953125 0.24733034531250003 0.398154753125 0.2532168125 0.34971580625 0.2717276359375 0.3083458890625 0.29559899375 0.2334864140625 0.3548417625 0.2242163296875 0.3809577609375 0.2153132625 0.47279342968750004 0.21923582812500003 0.487666390625 0.23303526406250002 0.5032300109375 0.22691164531250002 0.5198335843749999 0.223356096875 0.5706802953125 0.226093478125 0.6025021609375 0.23674645 0.6275782015625 0.271752978125 0.6592234343750001 0.2978280453125 0.7121421203125 0.328538153125 0.7520028062499999
9 0.4008511140625 0.8178872078125 0.422396828125 0.8291262749999999 0.4516888203125 0.83604079375 0.49136561875 0.8363821546875 0.5392966312499999 0.82513515 0.643314015625 0.7569823 0.6868497578125 0.7198802765625001 0.7088045546874999 0.6897850578125 0.7271754109375 0.639974334375 0.7364102640625 0.6321042078125 0.7640795984375 0.6267397031249999 0.7795721515625 0.6180906 0.8000383734375 0.5915409578124999 0.8093084578124999 0.565424959375 0.8229806484375001 0.476355890625 0.8116856609375 0.44271906406249995 0.7998475046875 0.434591925 0.77779385625 0.4306166734375 0.745419021875 0.485530921875 0.7317184375 0.504037775 0.7226528937500001 0.509486628125 0.716903128125 0.5030017875 0.7165361140625001 0.43728211562499997 0.7049377296875 0.39024196093749997 0.68836568125 0.3611023484375 0.66648134375 0.3547058234375 0.6426357234375 0.34087281875 0.5744146390625 0.2874401078125 0.531492521875 0.2625406984375 0.487723846875 0.2497476484375 0.4531547953125 0.24733034531250003 0.398154753125 0.2532168125 0.3676775796875 0.2632512 0.318730696875 0.28902583593750003 0.28855691562499997 0.31246355000000003 0.27897660156250004 0.41398430781249995 0.271329175 0.45237932968749994 0.262228403125 0.47607405625 0.26232725625 0.510144528125 0.25573093125 0.5157660468749999 0.241592871875 0.5050449718750001 0.2302274234375 0.5078998890624999 0.223356096875 0.5706802953125 0.22430150937499999 0.5926444078124999 0.2323159515625 0.6199690578125 0.24479612187500002 0.63665698125 0.271752978125 0.6592234343750001 0.3089889515625 0.7299543468749999 0.4008511140625 0.8178872078125
9 0.532734490625 0.38671622656250004 0.5045572234375 0.39934455 0.49515305625000006 0.40963594687500005 0.5018834625 0.419839028125 0.5079718515625 0.42148132499999996 0.5486645218749999 0.4072950546875 0.6005181 0.4109210109375 0.640836915625 0.41982315468750003 0.6308259625 0.4033078953125 0.614218684375 0.39241415625 0.587565221875 0.38325103125000004 0.5628730421875 0.38152438593750004 0.532734490625 0.38671622656250004
9 0.38816535625 0.396071859375 0.3438887453125 0.3905426265625 0.3083038234375 0.40265295468750006 0.285029759375 0.4338724765625 0.34943396875 0.4176946109375 0.393879890625 0.42080257187500003 0.4034181390625 0.4263357734375 0.41512221250000003 0.4186383125 0.41546083593749994 0.41379576875 0.38816535625 0.396071859375
9 0.55914818125 0.43479236875 0.5294823359375 0.4509662671875 0.524035965625 0.457884753125 0.5288050890625 0.4606513546875 0.591854803125 0.4638436640625 0.613605059375 0.4544155890625 0.588778796875 0.43686434218750003 0.55914818125 0.43479236875
9 0.3948820875 0.5838911171875 0.407228178125 0.5847544390625 0.4264739875 0.593399571875 0.45231611875000005 0.5964231843750001 0.48113540468749993 0.592355646875 0.521828075 0.5781693765625 0.531232240625 0.5678779796875 0.5317401765625 0.5606141625000001 0.5255177062499999 0.543147265625 0.5092490515625 0.5274109828125 0.491428196875 0.4629039296875 0.4664326234375 0.44777395625 0.4466788796875 0.44639264062499995 0.433994165625 0.45037186093750003 0.41931294062499996 0.4651604734375 0.40503396093750005 0.5274228875 0.3913333765625 0.545929740625 0.384701821875 0.56979713125 0.3948820875 0.5838911171875
9 0.3475715390625 0.44432860312500005 0.3322482953125 0.45055643125 0.3150978515625 0.4651723796875 0.32710531875000004 0.470878246875 0.3652935390625 0.4747651828125 0.3993898859375 0.4662004296875 0.3770328421875 0.44882184843750006 0.3475715390625 0.44432860312500005
9 0.3742749484375 0.6834242500000001 0.40549299375 0.71602111875 0.419800365625 0.7243209234375 0.4553500578125 0.7304564671875 0.47131531875 0.7327894234375 0.5090308343750001 0.7256943015624999 0.534908196875 0.7104720437500001 0.562951384375 0.682019121875 0.5883912687499999 0.6375689359375001 0.500649378125 0.6326499796875 0.46523376718750004 0.6423390359375001 0.4234263734375 0.6369824671875 0.3731954546875 0.6456355375 0.35655294843749996 0.65298766875 0.3742749484375 0.6834242500000001
1 0.23418521874999998 0.504526978125 0.241592871875 0.5050449718750001 0.25573093125 0.5157660468749999 0.26232725625 0.510144528125 0.262228403125 0.47607405625 0.271329175 0.45237932968749994 0.27897660156250004 0.41398430781249995 0.28723765 0.313587853125 0.2334864140625 0.3548417625 0.2242163296875 0.3809577609375 0.2171052328125 0.48265118281249997 0.23418521874999998 0.504526978125
1 0.7165361140625001 0.43728211562499997 0.716903128125 0.5030017875 0.7226528937500001 0.509486628125 0.7317184375 0.504037775 0.745419021875 0.485530921875 0.7764745921875 0.43174097656250005 0.7773211515625 0.41963461718749995 0.771267990625 0.399746446875 0.7537153015625 0.3668885953125 0.7387659109375 0.3500280078125 0.728889040625 0.34933735 0.689515634375 0.3623993171875 0.7049377296875 0.39024196093749997 0.7165361140625001 0.43728211562499997
4 0.5045572234375 0.39934455 0.49515305625000006 0.40963594687500005 0.5030334171875 0.42113599687500003 0.5486645218749999 0.4072950546875 0.6005181 0.4109210109375 0.640836915625 0.41982315468750003 0.6308259625 0.4033078953125 0.614218684375 0.39241415625 0.587565221875 0.38325103125000004 0.5628730421875 0.38152438593750004 0.532734490625 0.38671622656250004 0.5045572234375 0.39934455
3 0.5294823359375 0.4509662671875 0.524035965625 0.457884753125 0.52995504375 0.461948321875 0.591854803125 0.4638436640625 0.613605059375 0.4544155890625 0.588778796875 0.43686434218750003 0.55914818125 0.43479236875 0.5294823359375 0.4509662671875
5 0.40549299375 0.71602111875 0.419800365625 0.7243209234375 0.45650001093750003 0.7317534359375 0.47131531875 0.7327894234375 0.5090308343750001 0.7256943015624999 0.534908196875 0.7104720437500001 0.562951384375 0.682019121875 0.5829449 0.644487421875 0.516847571875 0.6848780078125001 0.488839615625 0.6950850578125001 0.45640115937500003 0.6976829625 0.41229385937499996 0.6897324578124999 0.38844823906250003 0.6758994515625 0.3626413359375 0.6546299656250001 0.35885285312500004 0.65558160625 0.3742749484375 0.6834242500000001 0.40549299375 0.71602111875
2 0.41229385937499996 0.6897324578124999 0.4271091671875 0.6907684453125 0.436647415625 0.6963016468750001 0.488839615625 0.6950850578125001 0.511739825 0.68695395 0.545194153125 0.6698284140624999 0.5859220515625 0.6373962703125 0.5366717750000001 0.64976758125 0.45664093125000005 0.658769946875 0.359022165625 0.653160334375 0.41229385937499996 0.6897324578124999
10 0.4234263734375 0.6369824671875 0.3591914765625 0.6507390625 0.370048990625 0.655147959375 0.43177943750000003 0.6594645734375 0.5040640062499999 0.6547867578125001 0.5243256859375001 0.6489042578124999 0.546717959375 0.648036965625 0.580983615625 0.6370509421875 0.500649378125 0.6326499796875 0.46523376718750004 0.6423390359375001 0.4234263734375 0.6369824671875
6 0.384701821875 0.56979713125 0.3948820875 0.5838911171875 0.453466071875 0.597720153125 0.48113540468749993 0.592355646875 0.521828075 0.5781693765625 0.531232240625 0.5678779796875 0.5317401765625 0.5606141625000001 0.5255177062499999 0.543147265625 0.5092490515625 0.5274109828125 0.491428196875 0.4629039296875 0.4664326234375 0.44777395625 0.4466788796875 0.44639264062499995 0.433994165625 0.45037186093750003 0.41931294062499996 0.4651604734375 0.40503396093750005 0.5274228875 0.3913333765625 0.545929740625 0.384701821875 0.56979713125
8 0.3083038234375 0.40265295468750006 0.29064544375 0.42453271875 0.28881824375 0.43292083750000004 0.34943396875 0.4176946109375 0.393879890625 0.42080257187500003 0.4034181390625 0.4263357734375 0.41512221250000003 0.4186383125 0.41546083593749994 0.41379576875 0.38816535625 0.396071859375 0.3438887453125 0.3905426265625 0.3083038234375 0.40265295468750006
7 0.3322482953125 0.45055643125 0.3150978515625 0.4651723796875 0.3282552703125 0.472175215625 0.3652935390625 0.4747651828125 0.3993898859375 0.4662004296875 0.3770328421875 0.44882184843750006 0.3475715390625 0.44432860312500005 0.3322482953125 0.45055643125