0 0.44303219687500006 0 0 0.1022820421875 0 0.5569678031249999 0.1022820421875 1 0.5569678031249999 1 1 0.8977179578125 1 0.44303219687500006 0.8977179578125 0 0.44303219687500006 0
0 0.8193920046875001 0.49138336406249994 0.8074022281250001 0.43944993437499996 0.798383109375 0.423298334375 0.8100250375 0.4049815859375 0.8116219125 0.388983921875 0.7874148625 0.2955889140625 0.7736007140625001 0.27012500156249997 0.6868997609374999 0.22111342500000003 0.6404391921875 0.2031865328125 0.58758671875 0.1919449921875 0.5300551640625 0.1948078671875 0.49489748125000005 0.2029246578125 0.45197851250000004 0.22325261406250002 0.4119142546875 0.255945671875 0.35050646093750004 0.3222194328125 0.31432284374999997 0.34880690937500003 0.2911505359375 0.351551825 0.2631831953125 0.34498443125 0.25313814375 0.3473035140625 0.24052605625 0.3671466546875 0.22785819375 0.40393408906249995 0.22717570625 0.43534964531250003 0.2041751203125 0.444567 0.1933316296875 0.45488491406250003 0.187227396875 0.4914594296875 0.21588603125 0.581221875 0.2297001796875 0.6066857875 0.2551004828125 0.6307772421875 0.2724518265625 0.6371907 0.301788546875 0.6382322828125 0.3125762640625 0.64485865625 0.33963361875000003 0.6933134625 0.36714596718750003 0.7208245609375 0.418002346875 0.7520631828125001 0.5361520625 0.8055359875000001 0.5872917109375 0.809358465625 0.629013021875 0.8010287578125 0.657036134375 0.7906518625000001 0.6773537359375 0.77554184375 0.740929346875 0.6957434390625 0.7659817999999999 0.6495847171875 0.7841271796875 0.5906940374999999 0.8149448234375001 0.55232123125 0.8217917218749999 0.5246921718750001 0.8193920046875001 0.49138336406249994
9 0.8220192187500001 0.51422031875 0.8193920046875001 0.49138336406249994 0.8020362562500001 0.42766460312500004 0.7898791593750001 0.42656404062500003 0.7770953484375 0.439934746875 0.7693898375 0.4352016234375 0.7639079140625 0.399999565625 0.750664709375 0.3770086734375 0.7365071125 0.3385998875 0.710016296875 0.2353127984375 0.6751418828125 0.216013446875 0.620576584375 0.19735284687500002 0.58758671875 0.1919449921875 0.5300551640625 0.1948078671875 0.49489748125000005 0.2029246578125 0.45197851250000004 0.22325261406250002 0.4119142546875 0.255945671875 0.35050646093750004 0.3222194328125 0.32824854062500003 0.34038224375000004 0.30678905625 0.350546221875 0.2945204125 0.3833342375 0.29030072812499996 0.43380025 0.3006936296875 0.5017313437500001 0.2958428265625 0.5093633234375 0.28562604999999996 0.50520996875 0.268502203125 0.488324659375 0.22620554531249998 0.4368760421875 0.2041751203125 0.444567 0.1933316296875 0.45488491406250003 0.187227396875 0.4914594296875 0.21588603125 0.581221875 0.2297001796875 0.6066857875 0.2551004828125 0.6307772421875 0.2724518265625 0.6371907 0.301788546875 0.6382322828125 0.3125762640625 0.64485865625 0.33963361875000003 0.6933134625 0.36714596718750003 0.7208245609375 0.418002346875 0.7520631828125001 0.5361520625 0.8055359875000001 0.5872917109375 0.809358465625 0.6280428625 0.802555153125 0.657036134375 0.7906518625000001 0.6773537359375 0.77554184375 0.7574220765625 0.6697947125 0.7841271796875 0.5906940374999999 0.8081537000000001 0.563006 0.8182545250000001 0.543742628125 0.8220192187500001 0.51422031875
9 0.3652951734375 0.403462253125 0.405303659375 0.3877134859375 0.458040184375 0.3755383 0.5022169859375001 0.3835731109375 0.508209671875 0.3808871734375 0.51345969375 0.369255778125 0.5021010359375 0.3601563859375 0.471051490625 0.351695740625 0.43920350937499997 0.351233928125 0.414090878125 0.3570316359375 0.388179809375 0.3708281765625 0.3728847375 0.38477865312500004 0.3652951734375 0.403462253125
9 0.6646506453125001 0.35388684375 0.733540859375 0.3601233625 0.7044874078125 0.3316656390625 0.6659040765625 0.32494430625000004 0.6212722828125 0.3378532015625 0.596103878125 0.36059519687499997 0.5972457624999999 0.3655412375 0.6105447421875 0.371587840625 0.6194479109375 0.364322715625 0.6646506453125001 0.35388684375
9 0.49166116875 0.4237801890625 0.48492581718750005 0.41752066875000005 0.45176422812499994 0.40564037812500003 0.421629071875 0.412597628125 0.39897193125 0.4347598546875 0.4228869046875 0.44096039375 0.48720958437500006 0.42741274999999995 0.49166116875 0.4237801890625
9 0.5830367984375 0.4013820453125 0.5693386 0.3993348578125 0.5492484937500001 0.403973025 0.5260204125 0.4236622296875 0.51826353125 0.49317869999999997 0.5041103390624999 0.5120752171875 0.50057314375 0.5311256734375001 0.50228596875 0.5385447328125 0.513644628125 0.547644128125 0.557821428125 0.5556789390625 0.5881283078124999 0.5551941265625 0.6142111 0.5478700234375 0.632588378125 0.5358127968749999 0.64514469375 0.5329139421875 0.653305196875 0.5167033625 0.642573253125 0.49313269843749996 0.6254494046875 0.47624738750000006 0.600559865625 0.41426793906250003 0.5830367984375 0.4013820453125
9 0.707745740625 0.3973366296875 0.6877114078125001 0.3850305046875 0.6709310046875 0.38109006875 0.641366790625 0.39052033750000004 0.6212209140625 0.41210279375000003 0.6576922015625 0.41540448124999996 0.6963313078125 0.40518152343749997 0.707745740625 0.3973366296875
9 0.5443551281250001 0.6004652046875 0.4549198203125 0.6198105546875 0.48836908125 0.6615800078125 0.521874115625 0.6864051703125 0.5509833375000001 0.69791860625 0.59093605 0.6991141265625 0.606973790625 0.6941091078125 0.642530690625 0.6819929 0.6558854453125 0.6710952140625001 0.6826507234375 0.6323555515625 0.6958895265625 0.5980411421875 0.677568021875 0.593154078125 0.6244880515625 0.5923843921875 0.5823675203125 0.6047135156250001 0.5443551281250001 0.6004652046875
1 0.7365071125 0.3385998875 0.750664709375 0.3770086734375 0.7639079140625 0.399999565625 0.7693898375 0.4352016234375 0.7770953484375 0.439934746875 0.7898791593750001 0.42656404062500003 0.7974129484375 0.42482472812500005 0.8113944171874999 0.39945577499999996 0.7874148625 0.2955889140625 0.7736007140625001 0.27012500156249997 0.7115573984375 0.2362594234375 0.7365071125 0.3385998875
1 0.24052605625 0.3671466546875 0.22785819375 0.40393408906249995 0.2248919390625 0.4254575640625 0.2277466484375 0.43782266718749996 0.268502203125 0.488324659375 0.28562604999999996 0.50520996875 0.2958428265625 0.5093633234375 0.3006936296875 0.5017313437500001 0.29030072812499996 0.43380025 0.2945204125 0.3833342375 0.3058188953125 0.352072615625 0.2631831953125 0.34498443125 0.25313814375 0.3473035140625 0.24052605625 0.3671466546875
4 0.3728847375 0.38477865312500004 0.3652951734375 0.403462253125 0.405303659375 0.3877134859375 0.458040184375 0.3755383 0.5072395109375 0.38241356875 0.51345969375 0.369255778125 0.5021010359375 0.3601563859375 0.471051490625 0.351695740625 0.43920350937499997 0.351233928125 0.414090878125 0.3570316359375 0.388179809375 0.3708281765625 0.3728847375 0.38477865312500004
3 0.48623942343750004 0.4289391453125 0.49166116875 0.4237801890625 0.48492581718750005 0.41752066875000005 0.45176422812499994 0.40564037812500003 0.421629071875 0.412597628125 0.39897193125 0.4347598546875 0.4228869046875 0.44096039375 0.48623942343750004 0.4289391453125
5 0.6445825593750001 0.64505153125 0.6005217078125 0.66043344375 0.5667334046875 0.6630244249999999 0.5362548015625 0.6570368 0.46165517031250003 0.6260700765625 0.48836908125 0.6615800078125 0.521874115625 0.6864051703125 0.5509833375000001 0.69791860625 0.59093605 0.6991141265625 0.6060036281250001 0.6956355015625 0.642530690625 0.6819929 0.6558854453125 0.6710952140625001 0.6826507234375 0.6323555515625 0.69394920625 0.6010939328125 0.689896840625 0.600727078125 0.6668404812500001 0.6268887203125 0.6445825593750001 0.64505153125
2 0.5046343156249999 0.6461031359375 0.5418482703125 0.6583502796875 0.5667334046875 0.6630244249999999 0.6206118109375 0.655795278125 0.6295149796875 0.64853015625 0.6445825593750001 0.64505153125 0.6933782640625 0.5986209125 0.5938979015625 0.620285346875 0.510111834375 0.6239998890625 0.4574310828125 0.619230784375 0.5046343156249999 0.6461031359375
10 0.52266815 0.621101034375 0.5444710781250001 0.6238819296875 0.619581475 0.616960659375 0.68236305 0.602466390625 0.6928073234375 0.596147890625 0.6244880515625 0.5923843921875 0.5823675203125 0.6047135156250001 0.5443551281250001 0.6004652046875 0.46245360937499996 0.6180712421875 0.49949583906250006 0.62384595 0.52266815 0.621101034375
6 0.5693386 0.3993348578125 0.5492484937500001 0.403973025 0.5260204125 0.4236622296875 0.51826353125 0.49317869999999997 0.5041103390624999 0.5120752171875 0.50057314375 0.5311256734375001 0.50228596875 0.5385447328125 0.513644628125 0.547644128125 0.557821428125 0.5556789390625 0.587158146875 0.5567205234375 0.64514469375 0.5329139421875 0.653305196875 0.5167033625 0.642573253125 0.49313269843749996 0.6254494046875 0.47624738750000006 0.600559865625 0.41426793906250003 0.5830367984375 0.4013820453125 0.5693386 0.3993348578125
8 0.6105447421875 0.371587840625 0.6194479109375 0.364322715625 0.6646506453125001 0.35388684375 0.72948849375 0.35975650937500003 0.726234565625 0.35139082187500004 0.7044874078125 0.3316656390625 0.6659040765625 0.32494430625000004 0.6212722828125 0.3378532015625 0.596103878125 0.36059519687499997 0.5972457624999999 0.3655412375 0.6105447421875 0.371587840625
7 0.6953611484375 0.4067079203125 0.707745740625 0.3973366296875 0.6877114078125001 0.3850305046875 0.6709310046875 0.38109006875 0.641366790625 0.39052033750000004 0.6212209140625 0.41210279375000003 0.6576922015625 0.41540448124999996 0.6953611484375 0.4067079203125