0 0.0255177171875 0 0 0.48690704531250006 0 0.7504409171875001 0.0211233984375 0.718743809375 0.0790610390625 0.6713864546874999 0.1016923453125 0.6628188828125 0.12316834531250001 0.6460627453125001 0.1373385234375 0.6175444921875 0.15405753125 0.5403916828125 0.181718196875 0.49632439218749996 0.227898715625 0.40120834375000003 0.265889653125 0.34142639531249996 0.29953091718749997 0.304174953125 0.3473423578125 0.23840525625 0.40561984375 0.1845632953125 0.483674109375 0.1463882296875 0.5415776015625 0.12991556875000002 0.605461690625 0.12025875625 0.6465445515625 0.12241181875 0.6714864671874999 0.1302213859375 0.793987065625 0.21141917656250003 0.813424003125 0.23357067968749998 0.8366667 0.27380328593750003 0.8793121875000001 0.3670720890625 0.86449646875 0.37767486250000004 0.82640390625 0.378929725 0.7746509328125 0.398975928125 0.7433544265625 0.42171981562500005 0.6527609062499999 0.5177594859375 0.6487510765625 0.5338053859375 0.6352605875 0.5493544234375001 0.6309109125 0.5718849296874999 0.583031175 0.699424015625 0.5773221265624999 0.74789295 0.5854434109375 0.7743282390624999 0.58425395625 0.797024365625 0.577253828125 0.8096623390625 0.5755546093749999 0.8420853765625 0.5602291265625 0.8624150609375001 0.5307676140625001 0.8803783015625 0.49532550625000005 0.89152569375 0.47636418750000004 0.8905319734375 0.44211153281250004 0.878983240625 0.3870967125 0.8403367390625001 0.35868887968749996 0.8079614640624999 0.3264752890625 0.7575050859375 0.3180474890625 0.8578508812500001 0.323110178125 0.9426476375 0.317401128125 0.991116571875 0.48690703593749995 1 0.9744822828125 1 1 0.5130929578125001 1 0.0255177171875 0.5130929578125001 0 0.0255177171875 0
0 0.0654006265625 0.6901777953125 0.0467450015625 0.7135841640625 0.0480702296875 0.718530428125 0.0677112375 0.7065549343749999 0.07953665625 0.6925442375 0.0654006265625 0.6901777953125
0 0.080148046875 0.7413444124999999 0.0756284515625 0.7671172234375 0.0801139 0.772229109375 0.0994150625 0.7667382218750001 0.11107055937500002 0.7559698296875 0.1094396375 0.7266234765624999 0.1021338140625 0.7148613640625 0.0906482390625 0.7223874515625 0.080148046875 0.7413444124999999
0 0 0.8317688671875001 0.0008701796875000001 0.8331003000000001 0.012355753125 0.8255742109374999 0.007394689062499999 0.7993045421875 0.025574696875000004 0.754740390625 0.04256525 0.7328723640625 0.044910009375 0.7183648093749999 0.0201038671875 0.73819763125 0 0.7702258859375 0 0.8317688671875001
1 0 0.8708590812500001 0.00365640625 0.8706352234375 0.0086174703125 0.8969048921875 0.035530153125000005 0.92757620625 0.06644247812500001 0.9779643859375 0.317401128125 0.991116571875 0.323110178125 0.9426476375 0.3180474890625 0.8578508812500001 0.3268151328125 0.751020478125 0.3077521875 0.691499671875 0.30166996562500004 0.6261567375 0.3059180140625 0.5450991453125 0.3281078515625 0.48448909687499997 0.3599482703125 0.42113360312500003 0.382103959375 0.39140825 0.4105459390625 0.39289883125 0.4323276375 0.40054277968749996 0.4640997578125 0.3989566765625 0.49169212812499996 0.416658775 0.5731781625 0.43393411249999997 0.5884694968749999 0.44448912500000004 0.6169114765625 0.44597970625 0.6425330812500001 0.440820059375 0.642023315625 0.450546971875 0.6609846359375 0.4515406921875 0.682630559375 0.43154224843750005 0.6814752546875 0.4233536796875 0.68745585 0.43016952656249996 0.6969365109375001 0.4306663859375 0.7275874765625 0.3900070203125 0.74817971875 0.42034709374999996 0.7844714359375 0.39298818125 0.82640390625 0.378929725 0.87098683125 0.3747638 0.8793121875000001 0.3670720890625 0.8652103046875 0.333820953125 0.813424003125 0.23357067968749998 0.793987065625 0.21141917656250003 0.6714864671874999 0.1302213859375 0.6465445515625 0.12241181875 0.605461690625 0.12025875625 0.5415776015625 0.12991556875000002 0.483674109375 0.1463882296875 0.4350813546875 0.16660005312499998 0.38913905625 0.1967044078125 0.3473423578125 0.23840525625 0.29953091718749997 0.304174953125 0.265889653125 0.34142639531249996 0.224398653125 0.40752733125 0.181718196875 0.49632439218749996 0.15405753125 0.5403916828125 0.1373385234375 0.6175444921875 0.12316834531250001 0.6460627453125001 0.1016923453125 0.6628188828125 0.0790610390625 0.6713864546874999 0.0211233984375 0.718743809375 0 0.7486452234375001 0 0.8708590812500001
1 0.6559219453125 0.3667439359375 0.631285725 0.3833344546875 0.6078048093749999 0.40811354375000003 0.6039649015624999 0.42091713750000004 0.6249311359374999 0.413887909375 0.6497372796875001 0.3940550859375 0.6569073296875 0.3781748078125 0.6559219453125 0.3667439359375
1 0 0.8311160281250001 0.012355753125 0.8255742109374999 0.007394689062499999 0.7993045421875 0.025574696875000004 0.754740390625 0.04256525 0.7328723640625 0.0464051578125 0.7200687703125 0.079366734375 0.6957865421875 0.0780415078125 0.6908402765625 0.06373555625 0.6917161375 0.0465750796875 0.7168264671875 0.0201038671875 0.73819763125 0 0.7658526265625001 0 0.8311160281250001
1 0.1021338140625 0.7148613640625 0.0906482390625 0.7223874515625 0.080148046875 0.7413444124999999 0.0786187484375 0.7705251468750001 0.0864343390625 0.7725603484375 0.0994150625 0.7667382218750001 0.11107055937500002 0.7559698296875 0.1094396375 0.7266234765624999 0.1021338140625 0.7148613640625
9 0.6329507953125 0.3817961125 0.6078048093749999 0.40811354375000003 0.6054600515625 0.4226211 0.6347516421875 0.4079001625 0.6497372796875001 0.3940550859375 0.6569073296875 0.3781748078125 0.6559219453125 0.3667439359375 0.6329507953125 0.3817961125
9 0.6724702109375 0.44401460156250006 0.6894266171875 0.45303127343750005 0.6982275890625 0.46649734687500005 0.7466845703125 0.4186431328125 0.7307476953125 0.3901726390625 0.6969365109375001 0.4306663859375 0.68745585 0.43016952656249996 0.6814752546875 0.4233536796875 0.682630559375 0.43154224843750005 0.6728100546875 0.43752999531250003 0.6724702109375 0.44401460156250006
9 0.411358940625 0.861115521875 0.44211153281250004 0.878983240625 0.47636418750000004 0.8905319734375 0.5177868906249999 0.886200428125 0.571884625 0.8516466671874999 0.577253828125 0.8096623390625 0.58425395625 0.797024365625 0.5827929562499999 0.7644357078125 0.57847743125 0.7560815187500001 0.5233943140624999 0.77920440625 0.47898131250000003 0.780128028125 0.46352005625 0.772815321875 0.4346024578125 0.7501669546875 0.394437503125 0.6700329843749999 0.4090832984375 0.6626725171875 0.48193828281249995 0.6632394765625 0.509700575 0.677699271875 0.528831815625 0.6754506874999999 0.5474532937500001 0.682929015625 0.5808563375 0.7106892671875 0.5908809125000001 0.670574521875 0.6309109125 0.5718849296874999 0.6315906 0.5589157140625 0.6487510765625 0.5338053859375 0.6475957703125 0.5256168156250001 0.610012975 0.5171447671875 0.599377009375 0.5084593374999999 0.620513165625 0.4981878046875 0.6394744875 0.49918152656250003 0.6610862609375 0.510067778125 0.6862322484375001 0.48375034687499996 0.6934022984375 0.46787006875000003 0.6418533937500001 0.453789275 0.5974403921875 0.454712896875 0.5916297171875 0.44465474531250004 0.5731781625 0.43393411249999997 0.5387555859375001 0.42562768437500004 0.51313398125 0.43078733125 0.5039931656250001 0.42380586249999996 0.4472791265625 0.417582396875 0.43813830937500003 0.41060092968750006 0.41601677031250006 0.4094415890625 0.382103959375 0.39140825 0.3704484625 0.40217664218750004 0.3352779015625 0.4686088171875 0.3059180140625 0.5450991453125 0.30166996562500004 0.6261567375 0.3052716546875 0.6783648375 0.3238248359375 0.7476125546875 0.35868887968749996 0.8079614640624999 0.411358940625 0.861115521875
9 0.4582207875 0.45066791562499997 0.42960888593749996 0.45241963749999997 0.4116329484375 0.4628567890625 0.4648469234375 0.4753992421875 0.493288903125 0.4768898234375 0.47983256250000006 0.46155416718750003 0.4582207875 0.45066791562499997
9 0.45590935625 0.5854719484375 0.461210265625 0.6052570109375 0.4686860109375 0.6137768203125 0.5104144109375001 0.6338453609375 0.5563225625 0.6346257015625001 0.5756237265624999 0.6291348140624999 0.58394908125 0.62144310625 0.5853084578125001 0.5955046765625001 0.5766774078125 0.5787962984374999 0.5775953125 0.5008153890625 0.5488476375 0.4749247203125 0.5298863171875 0.4739309984375 0.508750159375 0.4842025328125 0.483400103125 0.5446469609375 0.476399975 0.5572849343749999 0.463249328125 0.5663493671875 0.45590935625 0.5854719484375
4 0.6418533937500001 0.453789275 0.6857566296875001 0.4625925640625 0.694897446875 0.46957403124999997 0.6939120640625001 0.4581431578125 0.6709750624999999 0.442310640625 0.6609846359375 0.4515406921875 0.642023315625 0.450546971875 0.6425330812500001 0.440820059375 0.593124865625 0.44635870781250003 0.5974403921875 0.454712896875 0.6418533937500001 0.453789275
3 0.599377009375 0.5084593374999999 0.610012975 0.5171447671875 0.6381151109375 0.5251199546875001 0.6524210625 0.5242440937499999 0.659421190625 0.51160611875 0.6519454453125 0.5030863109375 0.620513165625 0.4981878046875 0.599377009375 0.5084593374999999
10 0.43983589062500006 0.6805402359375 0.5178218593749999 0.7041345609375 0.579666884375 0.7333853921875 0.5823514875 0.7123932296875 0.5536038109375 0.686502559375 0.528831815625 0.6754506874999999 0.509700575 0.677699271875 0.48193828281249995 0.6632394765625 0.44717586249999997 0.6614176546875 0.4090832984375 0.6626725171875 0.394437503125 0.6700329843749999 0.3989229515625 0.6751448703125 0.43983589062500006 0.6805402359375
2 0.4760593109375 0.7149507140625 0.503821603125 0.729410509375 0.547724840625 0.7382138 0.5811620328125 0.7350893562499999 0.5178218593749999 0.7041345609375 0.43983589062500006 0.6805402359375 0.40357832031249996 0.677014453125 0.4634184296875 0.714288234375 0.4760593109375 0.7149507140625
5 0.4113597609375 0.7099343499999999 0.4346024578125 0.7501669546875 0.47898131250000003 0.780128028125 0.5362051171875 0.776624584375 0.5751472890625 0.7591582015625 0.5801425015625 0.7545431765624999 0.5778318921875 0.7381660390625 0.547724840625 0.7382138 0.503821603125 0.729410509375 0.4760593109375 0.7149507140625 0.4634184296875 0.714288234375 0.426515321875 0.6928469703125 0.417544428125 0.6826231984375 0.3989229515625 0.6751448703125 0.4113597609375 0.7099343499999999
6 0.461210265625 0.6052570109375 0.4686860109375 0.6137768203125 0.5119095609375 0.6355493234375 0.5563225625 0.6346257015625001 0.5756237265624999 0.6291348140624999 0.58394908125 0.62144310625 0.5853084578125001 0.5955046765625001 0.5766774078125 0.5787962984374999 0.5775953125 0.5008153890625 0.5488476375 0.4749247203125 0.5298863171875 0.4739309984375 0.508750159375 0.4842025328125 0.483400103125 0.5446469609375 0.476399975 0.5572849343749999 0.463249328125 0.5663493671875 0.45590935625 0.5854719484375 0.461210265625 0.6052570109375
8 0.41601677031250006 0.4094415890625 0.5039931656250001 0.42380586249999996 0.51313398125 0.43078733125 0.52461955625 0.42326124218750005 0.49169212812499996 0.416658775 0.4640997578125 0.3989566765625 0.4323276375 0.40054277968749996 0.3915846203125 0.39190511093749997 0.38658940625 0.3965201359375 0.4007254359375 0.398886578125 0.41601677031250006 0.4094415890625
7 0.42960888593749996 0.45241963749999997 0.4116329484375 0.4628567890625 0.46634207187500004 0.4771032046875 0.493288903125 0.4768898234375 0.47983256250000006 0.46155416718750003 0.4582207875 0.45066791562499997 0.42960888593749996 0.45241963749999997