0 0.1022820421875 0 0 0.44303219687500006 0 0.8977179578125 0.44303219687500006 1 0.8977179578125 1 1 0.5569678031249999 1 0.1022820421875 0.5569678031249999 0 0.1022820421875 0
0 0.30798154218749996 0.568140728125 0.3429846828125 0.6886935249999999 0.36537739375 0.7202238390625 0.394165809375 0.739171759375 0.431893734375 0.74963930625 0.4640325296875 0.7465149125 0.5176333875 0.718470134375 0.594738584375 0.6642190984375 0.619747490625 0.65417653125 0.6884870953125 0.56811885625 0.692338996875 0.5514344375 0.68879215 0.536556621875 0.729942846875 0.4792769484375 0.7435046390625 0.450775271875 0.7525165406250001 0.3966199921875 0.7495074109375001 0.3642926203125 0.71828378125 0.27273031406250003 0.681631290625 0.22736364843749998 0.6299124468749999 0.1943349734375 0.594226803125 0.182581553125 0.52894616875 0.17805454999999998 0.4493333640625 0.20536610781250003 0.4181976109375 0.21926629375 0.382708434375 0.244463003125 0.3466453453125 0.3099467234375 0.331005075 0.362571725 0.3488117 0.3912858890625 0.34750360156250004 0.41207233125 0.3244645859375 0.4665039375 0.3159904015625 0.5032096593750001 0.31722610625000003 0.5280981234375 0.3059754578125 0.5465891468749999 0.30798154218749996 0.568140728125
1 0.646173084375 0.55483515625 0.6407804234375 0.57819334375 0.644596128125 0.584346378125 0.66759895 0.5527522265625 0.6928767140625001 0.533984878125 0.729942846875 0.4792769484375 0.7496676812499999 0.42408020312500005 0.7525165406250001 0.3966199921875 0.7441871421874999 0.3419758984375 0.7251448109374999 0.2883732671875 0.704292859375 0.25016918593750004 0.675773303125 0.2224964859375 0.6299124468749999 0.1943349734375 0.560314584375 0.178267040625 0.52894616875 0.17805454999999998 0.4878678640625 0.1896593171875 0.4181976109375 0.21926629375 0.39164794375 0.2359826296875 0.36660284062500004 0.268862653125 0.338708878125 0.32920288750000004 0.331005075 0.362571725 0.3488117 0.3912858890625 0.3462317015625 0.41002131875 0.3932041890625 0.3804462625 0.4256480390625 0.345759634375 0.43843945 0.3205948421875 0.4667987359375 0.2884799578125 0.4925780234375 0.27510050625 0.5224056796875 0.2819867625 0.5565505609375 0.30041395 0.6054929390625 0.315227928125 0.68827514375 0.38003132812499996 0.695870359375 0.415174853125 0.68816655625 0.44854369062500005 0.6769159046875 0.4670347140625 0.658964496875 0.529670365625 0.646173084375 0.55483515625
9 0.3429846828125 0.6886935249999999 0.36537739375 0.7202238390625 0.39543771250000004 0.7412227703125 0.44592085 0.74936298125 0.4640325296875 0.7465149125 0.499252846875 0.7300429828125 0.5641043531250001 0.6835071796875 0.619747490625 0.65417653125 0.6884870953125 0.56811885625 0.692338996875 0.5514344375 0.6859794875 0.541179378125 0.66759895 0.5527522265625 0.6507229734375 0.5804887625 0.644596128125 0.584346378125 0.6407804234375 0.57819334375 0.6682090609375 0.48962775937499997 0.68816655625 0.44854369062500005 0.695870359375 0.415174853125 0.689547046875 0.3820823390625 0.6054929390625 0.315227928125 0.5565505609375 0.30041395 0.5224056796875 0.2819867625 0.4925780234375 0.27510050625 0.4667987359375 0.2884799578125 0.4021436984375 0.3719658890625 0.34750360156250004 0.41207233125 0.3244645859375 0.4665039375 0.3159904015625 0.5032096593750001 0.3179964875 0.524761240625 0.3059754578125 0.5465891468749999 0.31507523593750003 0.5978963578125 0.3429846828125 0.6886935249999999
9 0.4449592296875 0.390637484375 0.4166361390625 0.3999149140625 0.470164603125 0.41754504375 0.5081251906250001 0.442125265625 0.520110021875 0.44313481406250005 0.5229226859375 0.43851205625 0.47810106875 0.39828887968750004 0.4449592296875 0.390637484375
9 0.44465417343749997 0.42219971718749993 0.43112857968749996 0.4278639390625 0.4466602609375 0.4437513 0.4670468859375 0.4537300328125 0.49024617187499997 0.4590860109375 0.47956943750000003 0.43729002031249997 0.464539278125 0.42679055625 0.44465417343749997 0.42219971718749993
9 0.564698978125 0.46924531406250003 0.567744303125 0.4787352328125 0.6126021171875 0.49612095624999997 0.640620153125 0.5184057609375 0.6447047171875 0.5158340156250001 0.6411578703124999 0.5009562015625 0.619768203125 0.4802016765625 0.5708258234375 0.46538769843749994 0.564698978125 0.46924531406250003
9 0.4419293890625 0.5322849640625 0.440388628125 0.5389587312499999 0.4543795484375 0.5615198609375 0.476539596875 0.5789375015625 0.52166626875 0.5875984437499999 0.536732625 0.5752604578125 0.539814146875 0.5619129203125001 0.5347265375 0.553708875 0.5485933843749999 0.493644965625 0.5346024640625 0.4710838375 0.5114031781249999 0.465727859375 0.501962146875 0.46882033749999996 0.47129171875000003 0.510945871875 0.4419293890625 0.5322849640625
9 0.5944904375 0.4989690265625 0.5746053343749999 0.4943781890625 0.5577655546875 0.49927726874999995 0.5911400578125 0.521041340625 0.6143393453125 0.5263973171874999 0.6062064125 0.5087033515625 0.5944904375 0.4989690265625
9 0.3870204359375 0.581116184375 0.3920718453125 0.6121576859375 0.40860656874999995 0.6388208375 0.4307666171875 0.6562384781249999 0.46849454062499996 0.6667060265625 0.4906907859375 0.6612862125000001 0.5220953984375 0.6386612484375 0.4823613875 0.60664211875 0.45584791718749995 0.6005210015625 0.4408177578125 0.5900215359375001 0.3870204359375 0.581116184375
4 0.567744303125 0.4787352328125 0.6126021171875 0.49612095624999997 0.6418920546875 0.520456771875 0.6411578703124999 0.5009562015625 0.619768203125 0.4802016765625 0.5708258234375 0.46538769843749994 0.564698978125 0.46924531406250003 0.567744303125 0.4787352328125
3 0.5746053343749999 0.4943781890625 0.5577655546875 0.49927726874999995 0.592411959375 0.5230923515625 0.6143393453125 0.5263973171874999 0.6062064125 0.5087033515625 0.5944904375 0.4989690265625 0.5746053343749999 0.4943781890625
6 0.440388628125 0.5389587312499999 0.4543795484375 0.5615198609375 0.4778114984375 0.5809885125 0.52166626875 0.5875984437499999 0.536732625 0.5752604578125 0.539814146875 0.5619129203125001 0.5347265375 0.553708875 0.5485933843749999 0.493644965625 0.5346024640625 0.4710838375 0.5114031781249999 0.465727859375 0.501962146875 0.46882033749999996 0.47129171875000003 0.510945871875 0.4419293890625 0.5322849640625 0.440388628125 0.5389587312499999
5 0.3920718453125 0.6121576859375 0.40860656874999995 0.6388208375 0.43203851875000004 0.658289490625 0.46849454062499996 0.6667060265625 0.4906907859375 0.6612862125000001 0.518010834375 0.6412329921875 0.5134247484375 0.6384168421874999 0.4764310078125 0.6474498640624999 0.4366608 0.6382681875 0.40482705937499996 0.60983035 0.3895642390625 0.585218209375 0.3920718453125 0.6121576859375
2 0.390836140625 0.5872692203125001 0.40482705937499996 0.60983035 0.4366608 0.6382681875 0.4764310078125 0.6474498640624999 0.5187812140625 0.6378961078125001 0.43696585624999995 0.6067059546875 0.42524988124999996 0.596971628125 0.390836140625 0.5872692203125001
10 0.39773336718749996 0.5800747203125 0.3916065203125 0.5839323359375 0.49762420937499996 0.631254259375 0.5162374109375001 0.6337940843750001 0.4823613875 0.60664211875 0.45584791718749995 0.6005210015625 0.4408177578125 0.5900215359375001 0.39773336718749996 0.5800747203125
8 0.470164603125 0.41754504375 0.4951373140625 0.430339928125 0.509397090625 0.44417627656249997 0.52215230625 0.441848940625 0.5165631765625001 0.4282569984375 0.47810106875 0.39828887968750004 0.4449592296875 0.390637484375 0.4166361390625 0.3999149140625 0.470164603125 0.41754504375
7 0.44465417343749997 0.42219971718749993 0.43112857968749996 0.4278639390625 0.4683187875 0.45578104374999995 0.49024617187499997 0.4590860109375 0.47956943750000003 0.43729002031249997 0.464539278125 0.42679055625 0.44465417343749997 0.42219971718749993