0 0.4606491453125 0 0 0.0729596578125 0 0.5393508546875 0.0729596578125 1 0.5393508546875 1 1 0.9270403421875001 1 0.4606491453125 0.9270403421875001 0 0.4606491453125 0
0 0.372834809375 0.6653106203125 0.4561235 0.77123253125 0.49107691718749996 0.793613690625 0.5273345296875 0.8008990921875 0.5690761656250001 0.796149015625 0.599793103125 0.7801170374999999 0.641842621875 0.7306506171875 0.6967395109375001 0.6456486906250001 0.7175820046875 0.625597221875 0.7513691578125 0.5122992109375 0.748493525 0.49414317656250006 0.7389836125 0.48076020625 0.7568938203125 0.407199840625 0.758927084375 0.37337711875 0.74612035625 0.31584873281250003 0.730130109375 0.28488065625000003 0.6622565390624999 0.2062956140625 0.60755423125 0.1758754765625 0.5428235375 0.163794021875 0.5025966890625 0.16644303124999998 0.43583273125 0.188184296875 0.3676106375 0.24737949375 0.3422237828125 0.27373416562499997 0.31704751875000003 0.313083528125 0.30749696875 0.3927644484375 0.3130942921875 0.4514346921875 0.34235309375 0.47285664218749995 0.34940855625 0.49407295625 0.3483716046875 0.5575162640625 0.3546979984375 0.5974595421875 0.3659332890625 0.6217361343750001 0.362174646875 0.644665234375 0.372834809375 0.6653106203125
1 0.7039329046875 0.516090078125 0.7079587921875 0.5415085296875 0.714228534375 0.5460989453125 0.7244108640625 0.5054020921875 0.7420131875 0.47655807031249997 0.7568938203125 0.407199840625 0.754326071875 0.3443274625 0.74612035625 0.31584873281250003 0.7158652421875 0.2648061984375 0.6753711515624999 0.21910765625 0.63926748125 0.1894640828125 0.5997697 0.173386128125 0.5428235375 0.163794021875 0.46712479531250006 0.175783525 0.43583273125 0.188184296875 0.39963177031249997 0.21625175625 0.3422237828125 0.27373416562499997 0.3225315421875 0.3010480484375 0.3108344265625 0.34384597031249997 0.307343025 0.415122621875 0.3130942921875 0.4514346921875 0.34235309375 0.47285664218749995 0.34731864218749997 0.49254281562499996 0.38215875781249997 0.444218253125 0.40049015 0.3966472671875 0.403098540625 0.366455753125 0.418400359375 0.32308690156250003 0.43866772656249997 0.2994042265625 0.47111004218749997 0.29426586875 0.5124871453125001 0.2988792734375 0.5671328 0.29394655 0.675541103125 0.325166240625 0.697225965625 0.357093528125 0.7029772328125 0.3934055984375 0.6992185890625 0.4163347 0.7065412953125 0.4858985640625 0.7039329046875 0.516090078125
9 0.4561235 0.77123253125 0.49107691718749996 0.793613690625 0.52942444375 0.80242923125 0.582919846875 0.7902340953125 0.599793103125 0.7801170374999999 0.6282095328125 0.749560228125 0.674017696875 0.6771647093750001 0.7175820046875 0.625597221875 0.7513691578125 0.5122992109375 0.748493525 0.49414317656250006 0.738043953125 0.48649248125 0.7244108640625 0.5054020921875 0.718772896875 0.53979574375 0.714228534375 0.5460989453125 0.7079587921875 0.5415085296875 0.699639775 0.44232407812499996 0.7029772328125 0.3934055984375 0.697225965625 0.357093528125 0.6776310171875 0.32669637812499996 0.5671328 0.29394655 0.5124871453125001 0.2988792734375 0.47111004218749997 0.29426586875 0.43866772656249997 0.2994042265625 0.418400359375 0.32308690156250003 0.38764278124999996 0.43218277499999996 0.34940855625 0.49407295625 0.3483716046875 0.5575162640625 0.3546979984375 0.5974595421875 0.3653581625 0.618104928125 0.362174646875 0.644665234375 0.39185463125000003 0.6920765609374999 0.4561235 0.77123253125
9 0.437744075 0.43355325625 0.41329687968749995 0.45417565312499997 0.473637153125 0.45020214062499997 0.521283996875 0.4594059625 0.5336128921875 0.45559210937500005 0.5345525531249999 0.44985983437500005 0.47379109374999995 0.42784396874999997 0.437744075 0.43355325625
9 0.45012961875 0.4650922609375 0.438950978125 0.4761685296875 0.460789784375 0.4857376484375 0.48508303750000004 0.487473421875 0.5103159500000001 0.4834769203125 0.49093159531249997 0.46607446093749993 0.47175782968749996 0.46166668906249997 0.45012961875 0.4650922609375
9 0.588469140625 0.463654075 0.595314009375 0.4718757 0.646930090625 0.4711451125 0.6837628296875 0.48206172187499996 0.6867924046875 0.4778595859375 0.67728249375 0.46447661562500003 0.6476591593750001 0.45241814687500004 0.5930135015625 0.457350871875 0.588469140625 0.463654075
9 0.4916766734375 0.5757642515625 0.49282692656249993 0.583026665625 0.515815984375 0.5998581953125 0.5448641921874999 0.6082854546875 0.59324010625 0.5987623156249999 0.6032684921875 0.5804236328125 0.6009679859375 0.5658988046875 0.5926083296875 0.559778246875 0.5822560484375 0.4944165171875 0.5592669890625 0.47758498749999995 0.5340340765625 0.4815814875 0.5258850109375001 0.4884556203125 0.5123085734374999 0.5427180921875 0.4916766734375 0.5757642515625
9 0.630056834375 0.4812621703125 0.6084286234375 0.48468774375 0.5936452812499999 0.496334940625 0.6355975078125 0.5045795515625 0.660830421875 0.5005830515625 0.6456258953125 0.4862408703125 0.630056834375 0.4812621703125
9 0.456682615625 0.646446984375 0.47418765 0.67531399375 0.5013565375 0.6952058046875 0.5304047453125 0.7036330640624999 0.57214638125 0.6988829859375 0.5920492125 0.68456379375 0.6141959 0.64941656875 0.5617941 0.6335212578125 0.532956484375 0.6380886875 0.5137827203125 0.6336809171875 0.456682615625 0.646446984375
4 0.595314009375 0.4718757 0.646930090625 0.4711451125 0.6858527453125001 0.48359186093749995 0.67728249375 0.46447661562500003 0.6476591593750001 0.45241814687500004 0.5930135015625 0.457350871875 0.588469140625 0.463654075 0.595314009375 0.4718757
3 0.6084286234375 0.48468774375 0.5936452812499999 0.496334940625 0.6376874234375001 0.5061096921875 0.660830421875 0.5005830515625 0.6456258953125 0.4862408703125 0.630056834375 0.4812621703125 0.6084286234375 0.48468774375
6 0.49282692656249993 0.583026665625 0.515815984375 0.5998581953125 0.5469541062500001 0.6098155953125 0.59324010625 0.5987623156249999 0.6032684921875 0.5804236328125 0.6009679859375 0.5658988046875 0.5926083296875 0.559778246875 0.5822560484375 0.4944165171875 0.5592669890625 0.47758498749999995 0.5340340765625 0.4815814875 0.5258850109375001 0.4884556203125 0.5123085734374999 0.5427180921875 0.4916766734375 0.5757642515625 0.49282692656249993 0.583026665625
5 0.47418765 0.67531399375 0.5013565375 0.6952058046875 0.532494659375 0.7051632031249999 0.57214638125 0.6988829859375 0.5920492125 0.68456379375 0.611166325 0.653618703125 0.6054717078125 0.65265949375 0.572300321875 0.676524815625 0.5290438984375 0.683375959375 0.485941415625 0.6678689328125 0.4608624453125 0.6495072625 0.47418765 0.67531399375
2 0.462952359375 0.6510374015625 0.485941415625 0.6678689328125 0.5290438984375 0.683375959375 0.572300321875 0.676524815625 0.6105911984375 0.649987496875 0.5166583546875 0.651836953125 0.5010892921875 0.646858253125 0.462952359375 0.6510374015625
10 0.4669215953125 0.641102990625 0.4623772328125 0.6474061953125 0.586873071875 0.6518829296875001 0.6064113703125 0.6469272187499999 0.5617941 0.6335212578125 0.532956484375 0.6380886875 0.5137827203125 0.6336809171875 0.4669215953125 0.641102990625
8 0.473637153125 0.45020214062499997 0.503625021875 0.45289712499999996 0.5233739109375 0.460936103125 0.5351276796875 0.453491040625 0.52410298125 0.4422091375 0.47379109374999995 0.42784396874999997 0.437744075 0.43355325625 0.41329687968749995 0.45417565312499997 0.473637153125 0.45020214062499997
7 0.45012961875 0.4650922609375 0.438950978125 0.4761685296875 0.48717295156249996 0.4890035609375 0.5103159500000001 0.4834769203125 0.49093159531249997 0.46607446093749993 0.47175782968749996 0.46166668906249997 0.45012961875 0.4650922609375