0 0.0255177171875 0 0 0.48690704218749997 0 0.9744822828125 0.48690704218749997 1 0.9744822828125 1 1 0.5130929578125001 1 0.0255177171875 0.5130929578125001 0 0.0255177171875 0
0 0.790020515625 0.5725696218749999 0.818208321875 0.5375385140625 0.8390573765625 0.49169183906249997 0.8401477093749999 0.47088705781250006 0.835982096875 0.4498068234375 0.8287796374999999 0.43639065468749993 0.822550434375 0.429544846875 0.7899052156249999 0.423922371875 0.79085925625 0.40571818750000005 0.804096978125 0.3542571375 0.8090034734374999 0.26063561874999996 0.799990790625 0.2314781375 0.7458552703125 0.15823202187500002 0.71969261875 0.1294796203125 0.6917389625 0.10976045000000001 0.6218740390625 0.08523705937500001 0.5719425625000001 0.0826202609375 0.5294861296875 0.08821843593749999 0.4784643203125 0.1064064203125 0.43781810937500004 0.1277459078125 0.40326480781249996 0.1585318015625 0.3859977671875 0.18631201875 0.37634205781249996 0.21970661093750002 0.3560381703125 0.2551508953125 0.33976360156249996 0.3142760140625 0.333962490625 0.3244029515625 0.3119846703125 0.3415053265625 0.302874128125 0.36449752812499997 0.29683886875 0.42937474531250003 0.306162565625 0.5028801125 0.30538325 0.5680327828125 0.3110865015625 0.6100555265625001 0.32467367343750003 0.6524914453124999 0.361367428125 0.7065692953125 0.40275274687499996 0.74655044375 0.44135458437499997 0.7642199234375 0.49266819218749996 0.7656052859375 0.544663259375 0.7539876578125 0.5824089140625001 0.7377116421875 0.62595568125 0.7113086843749999 0.6717023281250001 0.6680707078125 0.6944978984375 0.635364746875 0.7265595171875 0.601840528125 0.7556035062500001 0.6007549171875 0.790020515625 0.5725696218749999
9 0.790020515625 0.5725696218749999 0.818208321875 0.5375385140625 0.8358842375 0.5019565046875 0.8401477093749999 0.47088705781250006 0.835982096875 0.4498068234375 0.8287796374999999 0.43639065468749993 0.822550434375 0.429544846875 0.8121748375 0.42639334375000004 0.7886593765625001 0.422553209375 0.763781 0.44471905312500004 0.73888340625 0.44211035625 0.734172628125 0.4314325125 0.7290145406249999 0.37900737812499996 0.7152910796875 0.3391720546875 0.7176080359375 0.29496189375 0.6965458250000001 0.2443110015625 0.690316621875 0.237465190625 0.6698380078125 0.22596099062500002 0.6229433796875 0.2156801265625 0.5920891671875 0.201024421875 0.5323272578125 0.18485373125 0.514340325 0.1760878546875 0.440757096875 0.1722315203125 0.41932444375 0.17893150468750002 0.3795151984375 0.2094419453125 0.3560381703125 0.2551508953125 0.33976360156249996 0.3142760140625 0.333962490625 0.3244029515625 0.3119846703125 0.3415053265625 0.30604726875 0.3542328625 0.29683886875 0.42937474531250003 0.306162565625 0.5028801125 0.30538325 0.5680327828125 0.3110865015625 0.6100555265625001 0.32467367343750003 0.6524914453124999 0.361367428125 0.7065692953125 0.387530078125 0.735321696875 0.41548373437499997 0.7550408671875 0.44135458437499997 0.7642199234375 0.49128606093749994 0.7668367203125 0.544663259375 0.7539876578125 0.6041141515625 0.7258104624999999 0.6549804531250001 0.6854485343750001 0.7265595171875 0.601840528125 0.7556035062500001 0.6007549171875 0.7637600078125 0.5959669015625 0.790020515625 0.5725696218749999
9 0.3483866265625 0.376009828125 0.372447253125 0.36944757031250003 0.4066108953125 0.37123801093750003 0.4414752109375 0.38480000468750003 0.4494954203125 0.38261258593749997 0.4499042953125 0.37481079375 0.44118341250000004 0.36522665781249997 0.4233327703125 0.353860184375 0.3922059765625 0.3444056765625 0.36288940468750003 0.3506924828125 0.341884840625 0.3743652140625 0.3483866265625 0.376009828125
9 0.5236430328125 0.40084107031249994 0.568591146875 0.3979812203125 0.6103661234375 0.40538603437500004 0.641220334375 0.4200417390625 0.6550608703125 0.432501921875 0.6456393140625 0.41114623437500003 0.63193506875 0.396085453125 0.6037088296875 0.3815674765625 0.5565416171875001 0.3764878078125 0.5245970734375 0.3826368859375 0.5150584406250001 0.3886563375 0.5147858578125 0.39385753437500004 0.5236430328125 0.40084107031249994
9 0.4369391578125 0.4210706484375 0.44233139374999997 0.4187455015625 0.4374843234375 0.41066825625 0.4237800796875 0.3956074734375 0.4109128 0.3897176484375 0.38712475468749996 0.3910787109375 0.36942962343749997 0.4018861796875 0.3987654109375 0.42037391562500004 0.4369391578125 0.4210706484375
9 0.45270699218750005 0.4218970046875 0.4252390765625 0.4934742046875 0.40824461875000007 0.516053228125 0.40742686875 0.5316568140625 0.42625076718750005 0.549593646875 0.44686567187500004 0.5584972500000001 0.46927158281250003 0.558367621875 0.49706973125 0.5559128515625 0.5121368921875 0.5449676546875 0.51281835 0.5319646671875 0.5032605015625 0.513209578125 0.5074855390625 0.4325910484375 0.4860336671875 0.4145164890625 0.4676378609375 0.41355240625 0.45270699218750005 0.4218970046875
9 0.58036809375 0.4246758296875 0.5593443140625001 0.42357401875 0.5310010000000001 0.43643118125 0.5578451062500001 0.45218059374999997 0.598510534375 0.4556156484375 0.6119229796875 0.451103084375 0.58036809375 0.4246758296875
9 0.413869228125 0.63500019375 0.424108534375 0.64075229375 0.480541796875 0.6450137046875 0.534191578125 0.6269634484375 0.5098391515625 0.613952359375 0.49144334375 0.612988275 0.4682004671875 0.6039469468750001 0.444548715625 0.6027074109375 0.4239338109375 0.5938038078125001 0.382859509375 0.598170546875 0.413869228125 0.63500019375
4 0.341884840625 0.3743652140625 0.3483866265625 0.376009828125 0.372447253125 0.36944757031250003 0.4066108953125 0.37123801093750003 0.44009307968750006 0.386031440625 0.4494954203125 0.38261258593749997 0.4499042953125 0.37481079375 0.44118341250000004 0.36522665781249997 0.4233327703125 0.353860184375 0.3922059765625 0.3444056765625 0.36288940468750003 0.3506924828125 0.341884840625 0.3743652140625
1 0.6917389625 0.10976045000000001 0.6375055828125 0.08866401406249999 0.5507824921875 0.08411905 0.5080534734375 0.09491841875 0.45689537343750003 0.115707 0.40326480781249996 0.1585318015625 0.3859977671875 0.18631201875 0.38366159375 0.20574763906250002 0.4247166796875 0.1766063578125 0.440757096875 0.1722315203125 0.48294094843749996 0.1718345421875 0.514340325 0.1760878546875 0.5323272578125 0.18485373125 0.5920891671875 0.201024421875 0.6229433796875 0.2156801265625 0.6698380078125 0.22596099062500002 0.690316621875 0.237465190625 0.6965458250000001 0.2443110015625 0.7176080359375 0.29496189375 0.7152910796875 0.3391720546875 0.7290145406249999 0.37900737812499996 0.734172628125 0.4314325125 0.740129246875 0.4434795171875 0.763781 0.44471905312500004 0.7900415078125 0.4213217734375 0.804096978125 0.3542571375 0.8090034734374999 0.26063561874999996 0.8047015703125 0.24215598124999999 0.7902966499999999 0.215323646875 0.71969261875 0.1294796203125 0.6917389625 0.10976045000000001
3 0.3987654109375 0.42037391562500004 0.43555702500000004 0.4223020828125 0.44233139374999997 0.4187455015625 0.4374843234375 0.41066825625 0.4237800796875 0.3956074734375 0.4109128 0.3897176484375 0.38712475468749996 0.3910787109375 0.36942962343749997 0.4018861796875 0.3987654109375 0.42037391562500004
5 0.47915966406250005 0.6462451421875001 0.5166327374999999 0.63517031875 0.53156360625 0.626825721875 0.44110299218750004 0.618173271875 0.382859509375 0.598170546875 0.413869228125 0.63500019375 0.424108534375 0.64075229375 0.47915966406250005 0.6462451421875001
10 0.388115453125 0.598446 0.4022285734375 0.6057049875 0.4594988 0.6191373546875 0.52768979375 0.625318834375 0.5098391515625 0.613952359375 0.49144334375 0.612988275 0.4682004671875 0.6039469468750001 0.444548715625 0.6027074109375 0.4239338109375 0.5938038078125001 0.3922618484375 0.5947516921875 0.388115453125 0.598446
6 0.4676378609375 0.41355240625 0.45270699218750005 0.4218970046875 0.4252390765625 0.4934742046875 0.40824461875000007 0.516053228125 0.40742686875 0.5316568140625 0.42625076718750005 0.549593646875 0.44686567187500004 0.5584972500000001 0.4678894515625 0.559599059375 0.49706973125 0.5559128515625 0.5121368921875 0.5449676546875 0.5105992515625 0.524025146875 0.5032605015625 0.513209578125 0.5074855390625 0.4325910484375 0.4860336671875 0.4145164890625 0.4676378609375 0.41355240625
8 0.5147858578125 0.39385753437500004 0.5236430328125 0.40084107031249994 0.586986953125 0.398945303125 0.6103661234375 0.40538603437500004 0.641220334375 0.4200417390625 0.6511870578125001 0.43099503281249996 0.6456393140625 0.41114623437500003 0.63193506875 0.396085453125 0.6037088296875 0.3815674765625 0.5565416171875001 0.3764878078125 0.5245970734375 0.3826368859375 0.5150584406250001 0.3886563375 0.5147858578125 0.39385753437500004
7 0.6119229796875 0.451103084375 0.58036809375 0.4246758296875 0.5593443140625001 0.42357401875 0.5310010000000001 0.43643118125 0.5578451062500001 0.45218059374999997 0.5971284015625 0.4568470859375 0.6119229796875 0.451103084375