0 0.0171556125 0 0 0.49127245156250005 0 0.9828443874999999 0.49127245156250005 1 0.9828443874999999 1 1 0.5087275484375 1 0.0171556125 0.5087275484375 0 0.0171556125 0
0 0.33507129375 0.7457982984375 0.37941979375 0.77826469375 0.41848206718750003 0.799303684375 0.47330686875000005 0.8166770640625 0.5286218328125 0.82001405625 0.5717977046875 0.804657584375 0.62006561875 0.7655879734375 0.664613940625 0.710929615625 0.6832175281249999 0.6666080515624999 0.6933035796875 0.6219890484375 0.698593565625 0.55190625625 0.7155343625 0.4737982140625 0.7151459906250001 0.403517128125 0.7075107468749999 0.377954190625 0.6854835453125 0.3575100765625 0.6801973171875 0.3460826734375 0.6682561687499999 0.2810195578125 0.6497543703125 0.241023646875 0.6425112562499999 0.2042315984375 0.626554540625 0.17275666875 0.5922902125 0.13642636875 0.5505848265625 0.1096736765625 0.4974246921875 0.0853316765625 0.4522919328125 0.07532350156249999 0.3983475421875 0.073439721875 0.3209054640625 0.09322099375000001 0.288988275 0.11178132656249999 0.2581475625 0.14021670625 0.19303876250000002 0.21383198281250002 0.18060369375000002 0.24431545156249998 0.17707453125 0.3453774453125 0.1864706 0.40191958281250006 0.1857843734375 0.4215705265625 0.1501475953125 0.4245421140625 0.1428045671875 0.4313124421875 0.133796871875 0.44505139062500004 0.12733425468749998 0.46731131875000004 0.126549996875 0.4897695390625 0.144659665625 0.540994559375 0.1716789984375 0.5812879109375 0.2060413578125 0.61481093125 0.23717428906250002 0.61870881875 0.2685014046875 0.6577472484375 0.2899404125 0.6950350265624999 0.33507129375 0.7457982984375
9 0.35719652812499997 0.763435134375 0.41848206718750003 0.799303684375 0.4746774421875 0.8181302765625 0.5286218328125 0.82001405625 0.557307715625 0.8125836859375 0.5892249046875 0.7940233531249999 0.62006561875 0.7655879734375 0.664613940625 0.710929615625 0.6832175281249999 0.6666080515624999 0.6933035796875 0.6219890484375 0.698593565625 0.55190625625 0.7155343625 0.4737982140625 0.71269894375 0.392188871875 0.7075107468749999 0.377954190625 0.6854835453125 0.3575100765625 0.6801973171875 0.3460826734375 0.6682561687499999 0.2810195578125 0.6473073203124999 0.22969539062500002 0.6073646375 0.1931668 0.5849453062500001 0.1839517953125 0.5054483078125 0.1811756984375 0.48527996250000005 0.188903509375 0.4194886953125 0.20065953125 0.3849283921875 0.2135061640625 0.33352908281250004 0.2201433625 0.3104235265625 0.230579303125 0.3030804984375 0.23734963125 0.275665278125 0.2897955890625 0.2739987296875 0.337519309375 0.255493175 0.3790335953125 0.2450149921875 0.4348817078125 0.2389445078125 0.44591252499999995 0.2119232953125 0.44637427343749997 0.18725297968750002 0.420216459375 0.161602340625 0.4221314203125 0.1501475953125 0.4245421140625 0.1428045671875 0.4313124421875 0.133796871875 0.44505139062500004 0.12733425468749998 0.46731131875000004 0.128997046875 0.501097796875 0.144659665625 0.540994559375 0.1716789984375 0.5812879109375 0.1977198859375 0.6088989359375 0.2060413578125 0.61481093125 0.23717428906250002 0.61870881875 0.3062892578125 0.7152808484375 0.35719652812499997 0.763435134375
9 0.5663342015625 0.391293753125 0.556053965625 0.4007722125 0.5557598687499999 0.4091940453125 0.5641793703125 0.4122987625 0.6029494265625 0.4010044875 0.6398587453125 0.40229338906249995 0.6651172562500001 0.4116075390625 0.6722642171875 0.41045176562499996 0.6519016875 0.38303903125 0.6209648203125 0.3735265890625 0.58660058125 0.3807586671875 0.5663342015625 0.391293753125
9 0.3900110390625 0.3935685140625 0.3582899140625 0.4065142953125 0.3421352546875 0.4214090171875 0.3299942828125 0.4434706515625 0.346050909375 0.43138320781250006 0.3806112140625 0.41853657499999997 0.426234134375 0.4145083609375 0.474304103125 0.421808403125 0.4844863078125 0.41513722187499996 0.4846823734375 0.40952266562500006 0.4749903296875 0.40215745937499997 0.441214284375 0.392545871875 0.3900110390625 0.3935685140625
9 0.5821928859375001 0.42557596249999996 0.5660382265624999 0.440470684375 0.560065771875 0.448694225 0.565646096875 0.45169979375 0.60676516875 0.4545410546875 0.64005293125 0.4374339328125 0.622039415625 0.4241567328125 0.5965848421875 0.42045713906250004 0.5821928859375001 0.42557596249999996
9 0.47361224062499996 0.5637246421875 0.47312207968750003 0.5777610296875 0.488296415625 0.5909390828125 0.517960740625 0.5961910359375 0.5420447421875 0.59843741875 0.5650522671875 0.5908087546874999 0.5869833140625 0.5733050484375 0.5875715078125 0.5564613828125 0.571418728125 0.5306010062500001 0.5486110265625 0.45110491562500005 0.5333386578125 0.44073414062499994 0.5134644078124999 0.4400401171875 0.48869418124999997 0.457444678125 0.48565517968750005 0.5444702828125 0.47361224062499996 0.5637246421875
9 0.43377134531249995 0.44287857500000005 0.41105791875 0.4420854046875 0.37463687968750004 0.4675152140625 0.38863670781250004 0.4736255015625 0.432692990625 0.47375862968750004 0.4630435421875 0.4593596390625 0.43377134531249995 0.44287857500000005
9 0.4889788828125 0.6527983359375 0.469104634375 0.6521043125 0.44169129218750003 0.663795171875 0.49769060468750004 0.68823631875 0.5587819578125 0.6889643265625 0.5703347359375 0.6837463546875 0.607147903125 0.6470874359375001 0.56338571875 0.638532475 0.5403781921874999 0.6461611375 0.5148255859375 0.645268821875 0.4889788828125 0.6527983359375
4 0.556053965625 0.4007722125 0.5557598687499999 0.4091940453125 0.56554994375 0.413751975 0.6029494265625 0.4010044875 0.6398587453125 0.40229338906249995 0.6651172562500001 0.4116075390625 0.6722642171875 0.41045176562499996 0.6519016875 0.38303903125 0.6209648203125 0.3735265890625 0.58660058125 0.3807586671875 0.5663342015625 0.391293753125 0.556053965625 0.4007722125
1 0.17707453125 0.3453774453125 0.18588240625000002 0.4187632484375 0.2119232953125 0.44637427343749997 0.2374759015625 0.44726659062499996 0.2450149921875 0.4348817078125 0.255493175 0.3790335953125 0.2739987296875 0.337519309375 0.275665278125 0.2897955890625 0.3030804984375 0.23734963125 0.3104235265625 0.230579303125 0.33352908281250004 0.2201433625 0.3849283921875 0.2135061640625 0.4194886953125 0.20065953125 0.48527996250000005 0.188903509375 0.5054483078125 0.1811756984375 0.5396164828125001 0.1795581765625 0.5849453062500001 0.1839517953125 0.6017843125 0.1901612296875 0.6431956015625 0.22533575468749997 0.6425112562499999 0.2042315984375 0.626554540625 0.17275666875 0.5729061234375 0.12169595625 0.5198440234375 0.094546678125 0.47490732968750005 0.07892394999999999 0.381214440625 0.075652121875 0.3209054640625 0.09322099375000001 0.288988275 0.11178132656249999 0.204983671875 0.197384903125 0.186968278125 0.2248628 0.18060369375000002 0.24431545156249998 0.17707453125 0.3453774453125
3 0.5660382265624999 0.440470684375 0.560065771875 0.448694225 0.5670166703125 0.45315300625 0.60676516875 0.4545410546875 0.64005293125 0.4374339328125 0.622039415625 0.4241567328125 0.5965848421875 0.42045713906250004 0.5821928859375001 0.42557596249999996 0.5660382265624999 0.440470684375
5 0.44453047031250004 0.6638943187499999 0.4598028390625 0.6742650953125 0.499061178125 0.68968953125 0.5587819578125 0.6889643265625 0.5703347359375 0.6837463546875 0.607147903125 0.6470874359375001 0.542629178125 0.66310395 0.44453047031250004 0.6638943187499999
10 0.4889788828125 0.6527983359375 0.469104634375 0.6521043125 0.4488382546875 0.6626393984375001 0.522754928125 0.6624099265625001 0.5856089828125 0.6533620328125 0.6014695453125001 0.64688914375 0.5973578265625 0.6425295078125 0.56338571875 0.638532475 0.5403781921874999 0.6461611375 0.5148255859375 0.645268821875 0.4889788828125 0.6527983359375
6 0.47312207968750003 0.5777610296875 0.488296415625 0.5909390828125 0.5193313140625 0.5976442484375 0.5420447421875 0.59843741875 0.5650522671875 0.5908087546874999 0.5869833140625 0.5733050484375 0.5875715078125 0.5564613828125 0.571418728125 0.5306010062500001 0.5486110265625 0.45110491562500005 0.5333386578125 0.44073414062499994 0.5134644078124999 0.4400401171875 0.48869418124999997 0.457444678125 0.48565517968750005 0.5444702828125 0.47674551562499995 0.5554019546875 0.47312207968750003 0.5777610296875
8 0.3582899140625 0.4065142953125 0.3421352546875 0.4214090171875 0.3343020671875 0.44221573281250004 0.346050909375 0.43138320781250006 0.3806112140625 0.41853657499999997 0.40635988437500004 0.41381433593750006 0.474304103125 0.421808403125 0.4844863078125 0.41513722187499996 0.4846823734375 0.40952266562500006 0.4749903296875 0.40215745937499997 0.441214284375 0.392545871875 0.3900110390625 0.3935685140625 0.3582899140625 0.4065142953125
7 0.41105791875 0.4420854046875 0.37463687968750004 0.4675152140625 0.39000728125 0.47507871250000006 0.432692990625 0.47375862968750004 0.4630435421875 0.4593596390625 0.43377134531249995 0.44287857500000005 0.41105791875 0.4420854046875