0 0.095107984375 0 0 0.447447884375 0 0.904892015625 0.447447884375 1 0.904892015625 1 1 0.552552115625 1 0.095107984375 0.552552115625 0 0.095107984375 0
0 0.381594525 0.7230446390624999 0.4508164671875 0.7647912609375 0.48428013906249995 0.774361734375 0.5061575765625 0.771639278125 0.5397952125 0.7247230890624999 0.5619073578125 0.709762775 0.6020726046875 0.6544038750000001 0.6317119375 0.6262982171875 0.6467663124999999 0.6000075296875 0.6647586703125 0.515360140625 0.6666363343749999 0.4174572703125 0.6004738609375 0.4058515515625 0.5265494921875 0.4196290359375 0.43145180937500005 0.3994154 0.40022199687500004 0.368201803125 0.37305122968750004 0.362426478125 0.3217691671875 0.3810167328125 0.2991268609375 0.3762039625 0.28330761875 0.3949594234375 0.278309740625 0.4184725875 0.2839592640625 0.5032301140625 0.2925467703125 0.5296309406249999 0.311190775 0.5532542406250001 0.3339545671875 0.6465646171875 0.381594525 0.7230446390624999
9 0.45258090937500006 0.76762385625 0.48428013906249995 0.774361734375 0.5126851875 0.7631965671875001 0.5397952125 0.7247230890624999 0.5619073578125 0.709762775 0.6020726046875 0.6544038750000001 0.6317119375 0.6262982171875 0.6467663124999999 0.6000075296875 0.6662276625 0.486181790625 0.661933909375 0.47298137812499996 0.6093568203124999 0.464263321875 0.6113559703125 0.45485805625 0.6241764859375001 0.45021049218750003 0.660404175 0.457910925 0.664637184375 0.426862534375 0.6558149703125 0.41269956875 0.6004738609375 0.4058515515625 0.5612474468750001 0.4122590171875 0.552720684375 0.43010699375000006 0.43145180937500005 0.3994154 0.4118082296875 0.38049473125 0.3814040296875 0.4010651625 0.3430032234375 0.45925665625 0.3215952015625 0.43750339531250004 0.3180055734375 0.3875894046875 0.2991268609375 0.3762039625 0.28330761875 0.3949594234375 0.278309740625 0.4184725875 0.2839592640625 0.5032301140625 0.2925467703125 0.5296309406249999 0.311190775 0.5532542406250001 0.3339545671875 0.6465646171875 0.381594525 0.7230446390624999 0.45258090937500006 0.76762385625
9 0.4750327203125 0.45045715 0.49567587656249995 0.46467518593749996 0.5319035640625 0.47237561875 0.5205520390625 0.44784483281250004 0.5034377703125 0.43929198437499994 0.4750327203125 0.45045715
9 0.59230329375 0.499959275 0.6129464484375 0.5141773109375001 0.6393523484375 0.512417409375 0.643115940625 0.5058447375 0.62070834375 0.48879410781250004 0.59230329375 0.499959275
9 0.5207342703125 0.580591240625 0.5360840953125 0.5863114953124999 0.56049084375 0.593956859375 0.5888958953125 0.5827916921875 0.5887744078125 0.49429408906249994 0.5799521921874999 0.48013112031249994 0.56183835 0.47628090468749995 0.543489796875 0.48466854687499994 0.5244371203125 0.5297697640625 0.5048542828125 0.5550978984375 0.5207342703125 0.580591240625
9 0.47157284375 0.678273834375 0.4904515546875 0.6896592765625 0.5249148 0.6945271156249999 0.557318153125 0.66455141875 0.5587871453125001 0.63537306875 0.5419075828125 0.6145823609375001 0.51120793125 0.6031418484375 0.45263338906249995 0.6226395890624999 0.4556928578125 0.65278049375 0.47157284375 0.678273834375
1 0.6628727421875 0.4240299421875 0.6666363343749999 0.4174572703125 0.6603434312500001 0.41366212343750003 0.6628727421875 0.4240299421875
1 0.3384747625 0.4582941015625 0.357822890625 0.44520382812500003 0.3814040296875 0.4010651625 0.4090442109375 0.38236476875 0.40022199687500004 0.368201803125 0.37305122968750004 0.362426478125 0.3144766875 0.38192421875 0.3215952015625 0.43750339531250004 0.3384747625 0.4582941015625
4 0.6111212609375001 0.467095915625 0.661933909375 0.47298137812499996 0.665697503125 0.4664087046875 0.652346828125 0.451283184375 0.6387614453125 0.44839552187500004 0.6141199875 0.452988015625 0.6111212609375001 0.467095915625
3 0.614710890625 0.5170099031250001 0.643115940625 0.5058447375 0.62070834375 0.48879410781250004 0.59230329375 0.499959275 0.614710890625 0.5170099031250001
6 0.5378485390625001 0.5891440890624999 0.56049084375 0.593956859375 0.5888958953125 0.5827916921875 0.5887744078125 0.49429408906249994 0.5799521921874999 0.48013112031249994 0.56183835 0.47628090468749995 0.543489796875 0.48466854687499994 0.5244371203125 0.5297697640625 0.5048542828125 0.5550978984375 0.5207342703125 0.580591240625 0.5378485390625001 0.5891440890624999
10 0.5520248234375 0.6560536390625 0.5593173046875 0.655146153125 0.5587871453125001 0.63537306875 0.5419075828125 0.6145823609375001 0.51120793125 0.6031418484375 0.4682179234375 0.6161219859375 0.5298519359375 0.62676515 0.545966628125 0.6400206328125 0.5520248234375 0.6560536390625
5 0.49221599843749997 0.6924918718749999 0.5249148 0.6945271156249999 0.5442629296875 0.6814368421875 0.5583177296875 0.6598487859375 0.52538421875 0.6700513984375001 0.49821345156249996 0.6642760734375 0.45539740625 0.62076955 0.4556928578125 0.65278049375 0.47157284375 0.678273834375 0.49221599843749997 0.6924918718749999
2 0.49821345156249996 0.6642760734375 0.52538421875 0.6700513984375001 0.5537892671875 0.65888623125 0.545966628125 0.6400206328125 0.5298519359375 0.62676515 0.4981527078125 0.620027271875 0.45716185 0.62360214375 0.49821345156249996 0.6642760734375
8 0.5436637625 0.428181884375 0.5554847015625 0.42823695468749995 0.5557194109375 0.4159990953125 0.529313509375 0.41775899687500007 0.5436637625 0.428181884375
7 0.49744031875 0.46750777968749996 0.5319035640625 0.47237561875 0.5124946921875 0.4412170921875 0.4750327203125 0.45045715 0.49744031875 0.46750777968749996