0 0.48690704218749997 0 0 0.0255177171875 0 0.5130929578125001 0.0255177171875 1 0.5130929578125001 1 1 0.9744822828125 1 0.48690704218749997 0.9744822828125 0 0.48690704218749997 0
0 0.7079775578125 0.4265145859375 0.6839720406249999 0.42777266249999996 0.6343909265625001 0.400329928125 0.60558430625 0.40183961874999996 0.568483875 0.42881827812499995 0.46766070312499997 0.43410219687499996 0.39407406875 0.4079175390625 0.3243272296875 0.40906938593750003 0.31035640937500003 0.5099388 0.3150666453125 0.5998154578125 0.3262389328125 0.6292711125 0.35207620781250004 0.6629650703125 0.38428466562499997 0.7263663 0.4045358 0.7453324296875 0.4314197953125 0.798998978125 0.45341728124999997 0.8053564312500001 0.4892947171875 0.80097274375 0.5670736875 0.76935878125 0.62835590625 0.6985544828125 0.6668556031249999 0.6064132875 0.6898144015625001 0.585182621875 0.7029093140625 0.5594620375 0.722466275 0.4733204515625 0.7211578765625 0.44835471250000003 0.7079775578125 0.4265145859375
9 0.7211578765625 0.44835471250000003 0.7079775578125 0.4265145859375 0.6867651125 0.43513657656250004 0.6749785984375001 0.4858228984375 0.6494884078125 0.5046827984375 0.6195496625 0.43865918906249995 0.5917043546875 0.41258075937500005 0.568483875 0.42881827812499995 0.4391157609375 0.44060503593749994 0.4332679375 0.42088406093749997 0.39407406875 0.4079175390625 0.33619914687499997 0.4059437734375 0.32485058906250003 0.41905568125 0.3241509546875 0.45163694843749996 0.362559784375 0.44962402656249995 0.3749550625 0.4564847109375 0.37547842187499997 0.46647100625000004 0.320134890625 0.46686800625 0.3135874359375 0.47972829843750003 0.3150666453125 0.5998154578125 0.3262389328125 0.6292711125 0.35207620781250004 0.6629650703125 0.38428466562499997 0.7263663 0.4045358 0.7453324296875 0.4260953328125 0.7892642984375 0.45341728124999997 0.8053564312500001 0.48702500625 0.803595125 0.5670736875 0.76935878125 0.62835590625 0.6985544828125 0.6668556031249999 0.6064132875 0.6898144015625001 0.585182621875 0.7029093140625 0.5594620375 0.722466275 0.4733204515625 0.7211578765625 0.44835471250000003
9 0.46923078125 0.4640610828125 0.45360447812500004 0.4874109015625 0.4920133046875 0.4853979796875 0.5154954640625 0.4741536078125 0.48817351562500005 0.45806147499999994 0.46923078125 0.4640610828125
9 0.3341002484375 0.5036875765625 0.33689331875 0.5110514890625 0.3636919078125 0.5171573281249999 0.3871740671875 0.50591295625 0.35985211875 0.4898208234375 0.3341002484375 0.5036875765625
9 0.37721931249999996 0.5915513125 0.4045412609375 0.6076434453124999 0.430816490625 0.6037629890625 0.44748951249999996 0.6003857625 0.46791692031250004 0.5767843296875 0.45194353125 0.5475802890625 0.4397245265625 0.49815204218750003 0.4222664640625 0.4865498265625 0.40306205000000006 0.4875562859375 0.391713490625 0.5006681937499999 0.37721931249999996 0.5915513125
9 0.42470152812500006 0.71673785 0.46084064375 0.717347309375 0.482053090625 0.70872531875 0.5024804953124999 0.6851238875 0.5105126249999999 0.6546617703125001 0.45359901562499993 0.625099884375 0.420252971875 0.6318543390625 0.399563884375 0.6504626234375 0.396332859375 0.680673125 0.42470152812500006 0.71673785
1 0.33139804375000004 0.4061953890625 0.3243272296875 0.40906938593750003 0.3271203 0.4164332984375 0.33139804375000004 0.4061953890625
1 0.636569771875 0.4878358203125 0.6542895125 0.504431184375 0.6749785984375001 0.4858228984375 0.6913045359375001 0.4298918140625 0.6343909265625001 0.400329928125 0.60558430625 0.40183961874999996 0.5942357453125 0.4149515265625 0.6195496625 0.43865918906249995 0.636569771875 0.4878358203125
4 0.3724236703125 0.45411394375 0.34789479375 0.44538572500000007 0.33349148125 0.4461405703125 0.31734182031249997 0.45950409218750005 0.320134890625 0.46686800625 0.373208709375 0.46909338749999996 0.3724236703125 0.45411394375
3 0.3341002484375 0.5036875765625 0.361422196875 0.5197797093750001 0.3871740671875 0.50591295625 0.35985211875 0.4898208234375 0.3341002484375 0.5036875765625
6 0.391713490625 0.5006681937499999 0.37721931249999996 0.5915513125 0.4045412609375 0.6076434453124999 0.42854677968750005 0.6063853703125 0.44748951249999996 0.6003857625 0.46791692031250004 0.5767843296875 0.45194353125 0.5475802890625 0.4397245265625 0.49815204218750003 0.4222664640625 0.4865498265625 0.40306205000000006 0.4875562859375 0.391713490625 0.5006681937499999
10 0.39580950000000004 0.6706868296875 0.40314199375 0.67280598125 0.4119591625 0.6573233078125 0.4306402171875 0.6463305515625 0.4955859546875 0.6454303203125 0.45359901562499993 0.625099884375 0.420252971875 0.6318543390625 0.399563884375 0.6504626234375 0.39580950000000004 0.6706868296875
5 0.4069817859375 0.7001424859375 0.42470152812500006 0.71673785 0.45857093125 0.7199696906249999 0.482053090625 0.70872531875 0.5024804953124999 0.6851238875 0.5079812328125 0.6522910046875 0.457000853125 0.6900108046875 0.4281942328125 0.6915204953125 0.3960711796875 0.675679978125 0.4069817859375 0.7001424859375
2 0.457000853125 0.6900108046875 0.5057115203125 0.6549133859375 0.4642479421875 0.6445692453125 0.4306402171875 0.6463305515625 0.4119591625 0.6573233078125 0.40087228281250004 0.6754283625 0.4281942328125 0.6915204953125 0.457000853125 0.6900108046875
8 0.43658436875 0.43823427031250006 0.4487179671875 0.44010180625000006 0.46512930937499997 0.43173143124999996 0.4383307203125 0.42562559375 0.43658436875 0.43823427031250006
7 0.45360447812500004 0.4874109015625 0.48974359375 0.4880203609375 0.5154954640625 0.4741536078125 0.4785713078125 0.4585647046875 0.45360447812500004 0.4874109015625