0 0 0 0 1 0.25 1 0.25 0.9578313250000001 0.22352941249999997 0.9367469875 0.194117646875 0.9728915656250001 0.1764705875 0.9126506031250001 0.1529411765625 0.9126506031250001 0.11176470624999998 0.9427710843750001 0.052941176562500004 0.9668674703125 0.0235294125 0.9668674703125 0.014705882812500001 0.9578313250000001 0.0470588234375 0.9186746984375 0.18235294062500002 0.8162650609375 0.2088235296875 0.7710843374999999 0.22647058750000001 0.7168674703125 0.2147058828125 0.38554216874999997 0.22647058750000001 0.31325301250000004 0.25 0.25301204843749997 0.317647059375 0.17168674687500002 0.42352941250000004 0.12349397656250001 0.48235294062499995 0.1174698796875 0.5647058828125 0.12349397656250001 0.61176470625 0.1475903609375 0.6735294125 0.2108433734375 0.7088235296875001 0.277108434375 0.755882353125 0.49397590312500006 0.744117646875 0.6867469875000001 0.6970588234374999 0.8313253015625 0.6764705875 0.858433734375 0.61176470625 0.8945783125 0.5970588234374999 0.8734939765625 0.5970588234374999 0.849397590625 0.6264705875 0.7469879515625 0.6264705875 0.7048192765625 0.63823529375 0.692771084375 0.63823529375 0.6686746984374999 0.6294117640625 0.6596385546875 0.58823529375 0.6957831328124999 0.5470588234375 0.7138554218750001 0.48823529375 0.7138554218750001 0.42941176406250003 0.6897590359375 0.3764705875 0.6475903609375 0.3794117640625 0.8373493968749999 0.344117646875 0.9939759031250001 0.341596640625 1 1 1 1 0 0 0
1 0.341372546875 1 0.344117646875 0.9939759031250001 0.3794117640625 0.8373493968749999 0.3794117640625 0.7108433734374999 0.3735294125 0.650602409375 0.30882352968750004 0.542168675 0.30294117656249997 0.43373493906249994 0.344117646875 0.337349396875 0.3970588234375 0.25301204843749997 0.4352941171875 0.21987951875 0.5235294125000001 0.20180722968749998 0.582352940625 0.23192771093750003 0.6088235296875 0.25903614531249997 0.6735294125 0.41566264999999997 0.6852941171875 0.5060240968749999 0.667647059375 0.5783132531249999 0.6323529406249999 0.6445783125 0.63823529375 0.692771084375 0.6264705875 0.7048192765625 0.6264705875 0.7469879515625 0.5970588234374999 0.849397590625 0.5970588234374999 0.8734939765625 0.61176470625 0.8945783125 0.6852941171875 0.849397590625 0.7147058828125 0.7951807234375 0.732352940625 0.734939759375 0.755882353125 0.5903614453125 0.755882353125 0.49397590312500006 0.7264705874999999 0.3313253015625 0.6735294125 0.2108433734375 0.61176470625 0.1475903609375 0.5647058828125 0.12349397656250001 0.42352941250000004 0.12349397656250001 0.317647059375 0.17168674687500002 0.267647059375 0.22289156562499998 0.22647058750000001 0.31325301250000004 0.2147058828125 0.38554216874999997 0.22647058750000001 0.7168674703125 0.2088235296875 0.7710843374999999 0.18235294062500002 0.8162650609375 0.0470588234375 0.9186746984375 0.014705882812500001 0.9578313250000001 0.0235294125 0.9668674703125 0.052941176562500004 0.9668674703125 0.11176470624999998 0.9427710843750001 0.1529411765625 0.9126506031250001 0.1764705875 0.9126506031250001 0.194117646875 0.9728915656250001 0.22352941249999997 0.9367469875 0.25 0.9578313250000001 0.25588235312499996 0.9939759031250001 0.2539215703125 1 0.341372546875 1
9 0.5411764703124999 0.20783132499999998 0.49411764687500004 0.20180722968749998 0.4470588234375 0.213855421875 0.41176470624999995 0.23795180781249997 0.344117646875 0.337349396875 0.3411764703125 0.35843373437500003 0.3705882359375 0.3403614453125 0.417647059375 0.3403614453125 0.444117646875 0.35542168749999997 0.4352941171875 0.37048192812499997 0.3764705875 0.36445783125000003 0.3470588234375 0.3765060234375 0.3264705875 0.3734939765625 0.30294117656249997 0.43373493906249994 0.30294117656249997 0.5120481921875 0.30882352968750004 0.542168675 0.35 0.61445783125 0.394117646875 0.66566265 0.48823529375 0.7138554218750001 0.5470588234375 0.7138554218750001 0.58823529375 0.6957831328124999 0.6323529406249999 0.6566265062500001 0.6735294125 0.5602409640625 0.6852941171875 0.4759036140625 0.66176470625 0.37951807187500003 0.6088235296875 0.25903614531249997 0.5411764703124999 0.20783132499999998
9 0.6058823531249999 0.32228915625 0.582352940625 0.32228915625 0.53823529375 0.34939759062500003 0.5470588234375 0.36445783125000003 0.56176470625 0.3614457828125 0.63823529375 0.34939759062500003 0.6058823531249999 0.32228915625
9 0.5911764703125 0.40361445781249994 0.6147058828125 0.39156626562499997 0.5588235296875 0.3885542171875 0.544117646875 0.40361445781249994 0.5911764703125 0.40361445781249994
9 0.417647059375 0.39457831250000003 0.4 0.39457831250000003 0.367647059375 0.41566264999999997 0.382352940625 0.4246987953125 0.43235294062499996 0.421686746875 0.444117646875 0.41566264999999997 0.417647059375 0.39457831250000003
9 0.46176470625 0.4759036140625 0.45 0.48795180781249997 0.45 0.5120481921875 0.4764705875 0.5331325296875 0.5147058828125 0.5361445781249999 0.5411764703124999 0.527108434375 0.56176470625 0.5 0.5323529406249999 0.4096385546875 0.517647059375 0.39457831250000003 0.49411764687500004 0.39457831250000003 0.46764705937500006 0.4096385546875 0.46764705937500006 0.4457831328125 0.46176470625 0.4759036140625
9 0.5647058828125 0.599397590625 0.5970588234374999 0.5602409640625 0.5294117640625 0.5451807234375 0.4588235296875 0.557228915625 0.4264705875 0.57228915625 0.48235294062499995 0.6054216875 0.53823529375 0.6084337343749999 0.5647058828125 0.599397590625
4 0.332352940625 0.3734939765625 0.3470588234375 0.3765060234375 0.3764705875 0.36445783125000003 0.4352941171875 0.37048192812499997 0.444117646875 0.35542168749999997 0.417647059375 0.3403614453125 0.3705882359375 0.3403614453125 0.33823529375 0.3614457828125 0.332352940625 0.3734939765625
3 0.444117646875 0.41566264999999997 0.417647059375 0.39457831250000003 0.4 0.39457831250000003 0.367647059375 0.41566264999999997 0.382352940625 0.4246987953125 0.42941176406250003 0.4246987953125 0.444117646875 0.41566264999999997
5 0.4264705875 0.57228915625 0.48235294062499995 0.6054216875 0.5352941171875 0.6114457828125001 0.5647058828125 0.599397590625 0.5911764703125 0.5662650609375001 0.582352940625 0.5632530124999999 0.5529411765625001 0.587349396875 0.49411764687500004 0.587349396875 0.44117647031249996 0.5692771078125001 0.4264705875 0.57228915625
10 0.43823529375000003 0.5662650609375001 0.5235294125000001 0.5692771078125001 0.5794117640625001 0.5542168671875001 0.5294117640625 0.5451807234375 0.43823529375000003 0.5662650609375001
2 0.49411764687500004 0.587349396875 0.5529411765625001 0.587349396875 0.5911764703125 0.5602409640625 0.444117646875 0.57228915625 0.49411764687500004 0.587349396875
6 0.46764705937500006 0.4457831328125 0.46176470625 0.4759036140625 0.45 0.48795180781249997 0.45 0.5120481921875 0.4764705875 0.5331325296875 0.5117647062499999 0.5391566265625001 0.5411764703124999 0.527108434375 0.56176470625 0.5 0.5323529406249999 0.4096385546875 0.517647059375 0.39457831250000003 0.49411764687500004 0.39457831250000003 0.46764705937500006 0.4096385546875 0.46764705937500006 0.4457831328125
8 0.5588235296875 0.36445783125000003 0.58823529375 0.3524096390625 0.63823529375 0.34939759062500003 0.6058823531249999 0.32228915625 0.582352940625 0.32228915625 0.53823529375 0.34939759062500003 0.5470588234375 0.36445783125000003 0.5588235296875 0.36445783125000003
7 0.544117646875 0.40361445781249994 0.58823529375 0.40662650625 0.6147058828125 0.39156626562499997 0.5588235296875 0.3885542171875 0.544117646875 0.40361445781249994