0 0.451855478125 0 0 0.0878318078125 0 0.5481445218750001 0.0878318078125 1 0.5481445218750001 1 1 0.9121681921875 1 0.451855478125 0.9121681921875 0 0.451855478125 0
0 0.6475562609375001 0.1858534 0.5430557921875 0.1082127046875 0.5033606421875 0.099136628125 0.36238226875 0.126540046875 0.2955727796875 0.1731105640625 0.24758304843749998 0.2468082828125 0.22466231250000002 0.3240291015625 0.2351669078125 0.40594738281250003 0.2707302078125 0.47739739999999997 0.255086528125 0.5084249437499999 0.2592801328125 0.5299991687500001 0.3000648546875 0.6004342453125 0.347078228125 0.6192824921875 0.380544725 0.6799453984375 0.442204840625 0.7323293484375 0.5456260312500001 0.76260240625 0.599926753125 0.7492487421875 0.6270719687499999 0.7355762312499999 0.6677640593749999 0.6800890609375 0.7229793859375 0.4902412640625 0.727131821875 0.455850046875 0.703059765625 0.3877637015625 0.7134408546875 0.30178565625 0.706102046875 0.26403076406250003 0.6475562609375001 0.1858534
1 0.41996199062499995 0.311254740625 0.46276117812499995 0.28054604375 0.527515034375 0.2791538578125 0.5734800078125 0.29260855 0.6079640296875 0.316690928125 0.6706828375 0.3884597953125 0.6884850703125001 0.452167525 0.6978795125 0.444744084375 0.7134408546875 0.30178565625 0.706102046875 0.26403076406250003 0.6475562609375001 0.1858534 0.5430557921875 0.1082127046875 0.5033606421875 0.099136628125 0.36238226875 0.126540046875 0.2955727796875 0.1731105640625 0.24758304843749998 0.2468082828125 0.2225860953125 0.341224709375 0.2351669078125 0.40594738281250003 0.2623635828125 0.46223167187499997 0.30207931875 0.49929047187500003 0.31986096875 0.53501548125 0.3282173 0.5361898468749999 0.33447683125 0.5265771 0.3260690390625 0.45544593125 0.339615915625 0.4136312734375 0.3552698875 0.3965950875 0.3949444546875 0.3776884453125 0.405356421875 0.3336844796875 0.41996199062499995 0.311254740625
9 0.6884850703125001 0.452167525 0.6706828375 0.3884597953125 0.6079640296875 0.316690928125 0.5734800078125 0.29260855 0.5108023687500001 0.276805125 0.46276117812499995 0.28054604375 0.41996199062499995 0.311254740625 0.405356421875 0.3336844796875 0.3949444546875 0.3776884453125 0.3552698875 0.3965950875 0.339615915625 0.4136312734375 0.3260690390625 0.45544593125 0.33447683125 0.5265771 0.3282173 0.5361898468749999 0.31986096875 0.53501548125 0.30207931875 0.49929047187500003 0.2728167171875 0.47419314999999995 0.255086528125 0.5084249437499999 0.2592801328125 0.5299991687500001 0.3000648546875 0.6004342453125 0.347078228125 0.6192824921875 0.380544725 0.6799453984375 0.442204840625 0.7323293484375 0.5456260312500001 0.76260240625 0.59784024375 0.7524529906249999 0.6406394296875 0.7217442921874999 0.6750616984375 0.6618785093749999 0.7229793859375 0.4902412640625 0.7208414140625 0.4234887109375 0.7041184578124999 0.40714861874999997 0.6978795125 0.444744084375 0.6884850703125001 0.452167525
9 0.49106800625 0.42617205468749997 0.434660190625 0.41474724375000005 0.3981102421875 0.42185183281249994 0.3730618296875 0.44631145781250003 0.497348121875 0.444542028125 0.501521140625 0.4381335296875 0.49106800625 0.42617205468749997
9 0.635170996875 0.38696657968750003 0.60279406875 0.3876626734375 0.54851393125 0.4289990578125 0.5641884875 0.43994559375 0.576717840625 0.43471146093749996 0.6581637765624999 0.40768528593750003 0.635170996875 0.38696657968750003
9 0.40755614375000004 0.4843851984375 0.43889496250000004 0.4922869109375 0.45664573593749996 0.48603783749999996 0.47543461875000004 0.471190959375 0.4482688203125 0.4568807515625 0.40755614375000004 0.4843851984375
9 0.49948609062499993 0.5112945828125001 0.48801543125 0.53591363125 0.49430583749999996 0.568274965625 0.541308921875 0.573131853125 0.5642811171875 0.5658678390625 0.5924644390625 0.5435975234375 0.5882708359375 0.5220233000000001 0.574682790625 0.5078725140625 0.5537559375 0.4559668375 0.5276385390625 0.447050184375 0.5067528546875 0.45110995000000004 0.4963203046875 0.46713119374999995 0.49948609062499993 0.5112945828125001
9 0.6164027 0.42979617968749995 0.6007384359375 0.43284100312499996 0.58091144375 0.45628568593749996 0.5955375984375 0.4618386671875 0.639395478125 0.4505148859375 0.6435684984375001 0.44410638750000003 0.6164027 0.42979617968749995
9 0.6029793265625 0.6395071640625 0.616536496875 0.6116838671875 0.583100875 0.59299504375 0.536108084375 0.6021295171875 0.496443809375 0.6350275203125 0.541370675 0.65708001875 0.581055534375 0.652164734375 0.6029793265625 0.6395071640625
4 0.445123615625 0.44070008281249995 0.4952616109375 0.447746278125 0.501521140625 0.4381335296875 0.49106800625 0.42617205468749997 0.434660190625 0.41474724375000005 0.3981102421875 0.42185183281249994 0.3730618296875 0.44631145781250003 0.3929094046875 0.450849496875 0.445123615625 0.44070008281249995
3 0.40755614375000004 0.4843851984375 0.45455922656250003 0.4892420859375 0.47543461875000004 0.471190959375 0.4482688203125 0.4568807515625 0.40755614375000004 0.4843851984375
5 0.616536496875 0.6116838671875 0.496443809375 0.6350275203125 0.541370675 0.65708001875 0.5789690234375 0.6553689828125 0.6029793265625 0.6395071640625 0.616536496875 0.6116838671875
6 0.4963203046875 0.46713119374999995 0.49948609062499993 0.5112945828125001 0.48801543125 0.53591363125 0.49430583749999996 0.568274965625 0.5621946062500001 0.5690720875 0.5924644390625 0.5435975234375 0.5882708359375 0.5220233000000001 0.574682790625 0.5078725140625 0.5537559375 0.4559668375 0.5276385390625 0.447050184375 0.5067528546875 0.45110995000000004 0.4963203046875 0.46713119374999995
10 0.5058382499999999 0.6276040828125 0.6081801640625 0.6105095015625001 0.583100875 0.59299504375 0.536108084375 0.6021295171875 0.5058382499999999 0.6276040828125
8 0.5746313296875 0.4379157109375 0.6038630546875 0.42103894999999997 0.6581637765624999 0.40768528593750003 0.635170996875 0.38696657968750003 0.60279406875 0.3876626734375 0.54851393125 0.4289990578125 0.55269724375 0.43658192187499995 0.5746313296875 0.4379157109375
7 0.6435684984375001 0.44410638750000003 0.6164027 0.42979617968749995 0.6007384359375 0.43284100312499996 0.58091144375 0.45628568593749996 0.5955375984375 0.4618386671875 0.63730896875 0.453719134375 0.6435684984375001 0.44410638750000003