0 0.11633650625 0 0 0.43417374999999997 0 0.88366349375 0.43417374999999997 1 0.88366349375 1 1 0.56582625 1 0.11633650625 0.56582625 0 0.11633650625 0
0 0.7785827671875001 0.2652531453125 0.71607021875 0.1443803546875 0.6829688328125 0.11766127500000001 0.538079959375 0.07883841875 0.45402760000000003 0.0920158359375 0.375209815625 0.1393201 0.31830897812500003 0.2014217859375 0.2906307375 0.283253371875 0.2912712359375 0.366723075 0.2623688875 0.38872803125 0.25641902499999997 0.410933221875 0.2624257765625 0.495840809375 0.297918484375 0.53510036875 0.3015339140625 0.6074674765625 0.33540747656250003 0.6849672953125 0.4186128671875 0.7608108812500001 0.475702271875 0.773133009375 0.507447871875 0.7727144234375001 0.57107075 0.7391882843750001 0.7098959812500001 0.585990775 0.7295532859375 0.5555587546874999 0.73815783125 0.48051611562499996 0.7873010921875 0.404436065625 0.7977133515625 0.36557698125 0.7785827671875001 0.2652531453125
1 0.507483675 0.2788853796875 0.5617298296875 0.26962113906249996 0.623149953125 0.29797833906250004 0.6601301265624999 0.331686596875 0.681463465625 0.3701270953125 0.7074477703125 0.466337515625 0.694964434375 0.5343909734375 0.707184409375 0.5317154421875 0.7873010921875 0.404436065625 0.7977133515625 0.36557698125 0.7785827671875001 0.2652531453125 0.71607021875 0.1443803546875 0.6829688328125 0.11766127500000001 0.538079959375 0.07883841875 0.45402760000000003 0.0920158359375 0.375209815625 0.1393201 0.30848032812500004 0.216637796875 0.2906307375 0.283253371875 0.290367378125 0.3486312984375 0.3106651796875 0.4016689828125 0.310985428125 0.443403834375 0.3182910765625 0.448336309375 0.32857165625 0.4421661875 0.3532749671875 0.3714371984375 0.3851522453125 0.3383296484375 0.40765280156249994 0.3294839953125 0.45355776875 0.3298844703125 0.48349565468750005 0.293282328125 0.507483675 0.2788853796875
9 0.694964434375 0.5343909734375 0.7074477703125 0.466337515625 0.681463465625 0.3701270953125 0.6601301265624999 0.331686596875 0.6085386546875 0.2881133890625 0.5617298296875 0.26962113906249996 0.507483675 0.2788853796875 0.48349565468750005 0.293282328125 0.45355776875 0.3298844703125 0.40765280156249994 0.3294839953125 0.3851522453125 0.3383296484375 0.3532749671875 0.3714371984375 0.32857165625 0.4421661875 0.3182910765625 0.448336309375 0.310985428125 0.443403834375 0.3106651796875 0.4016689828125 0.2946980953125 0.36466636874999997 0.2623688875 0.38872803125 0.25641902499999997 0.410933221875 0.2624257765625 0.495840809375 0.297918484375 0.53510036875 0.3015339140625 0.6074674765625 0.33540747656250003 0.6849672953125 0.4186128671875 0.7608108812500001 0.4722754109375 0.7751897171875 0.526521565625 0.7659254765625 0.5862656562499999 0.7254101578125 0.7098959812500001 0.585990775 0.7384780796875 0.5222509671875 0.7302685734375001 0.499226715625 0.707184409375 0.5317154421875 0.694964434375 0.5343909734375
9 0.521568253125 0.41950618124999994 0.4738555703125 0.382922153125 0.4362917890625 0.37285696874999996 0.4015712578125 0.3843781515625 0.5190452515625 0.439654665625 0.5258989703125 0.4355412515625 0.521568253125 0.41950618124999994
9 0.6747983140625 0.4486643265625 0.6440882515624999 0.43448572656250006 0.5741952625 0.44848220312500003 0.583892234375 0.46595515625 0.5980516031249999 0.4667742171875 0.686886609375 0.478677759375 0.6747983140625 0.4486643265625
9 0.4165028046875 0.435977953125 0.44229854062499996 0.45776455625 0.46182416562500006 0.4600215 0.4862641140625 0.4546704390625 0.46732209999999996 0.4287704203125 0.4165028046875 0.435977953125
9 0.490463153125 0.5033944734375 0.468414525 0.5212860140625 0.45948973125 0.5545937999999999 0.5013842296875 0.5806940546875 0.5262761078125 0.5843888828125 0.5629360343750001 0.576362290625 0.568885896875 0.5541571000000001 0.5626157843749999 0.5346274390625 0.5667579328125 0.47623869374999994 0.5463284515625 0.455889971875 0.524863434375 0.4501384375 0.5077291328125 0.4604219734375 0.490463153125 0.5033944734375
9 0.63755478125 0.48033399218749995 0.6214560171875 0.47602034218749995 0.592101740625 0.4889794078125 0.6032861781250001 0.5009010640625 0.649643075 0.510347425 0.6564967968750001 0.5062340109375 0.63755478125 0.48033399218749995
9 0.528856 0.6713531765625 0.5543314890625 0.6514049296875 0.5315106828125 0.6185157296875 0.48321439218749995 0.605574778125 0.4309076328125 0.6183336078125 0.46297348125 0.659649871875 0.50247665625 0.6732096484375 0.528856 0.6713531765625
4 0.47178449687499996 0.412116528125 0.515618390625 0.441711371875 0.5258989703125 0.4355412515625 0.521568253125 0.41950618124999994 0.4738555703125 0.382922153125 0.4362917890625 0.37285696874999996 0.4015712578125 0.3843781515625 0.41812195 0.397737690625 0.47178449687499996 0.412116528125
3 0.4165028046875 0.435977953125 0.4583973046875 0.4620782078125 0.4862641140625 0.4546704390625 0.46732209999999996 0.4287704203125 0.4165028046875 0.435977953125
5 0.5543314890625 0.6514049296875 0.4309076328125 0.6183336078125 0.46297348125 0.659649871875 0.4990497953125 0.6752663546875 0.528856 0.6713531765625 0.5543314890625 0.6514049296875
6 0.5077291328125 0.4604219734375 0.490463153125 0.5033944734375 0.468414525 0.5212860140625 0.45948973125 0.5545937999999999 0.5228492484375 0.5864455890625 0.5629360343750001 0.576362290625 0.568885896875 0.5541571000000001 0.5626157843749999 0.5346274390625 0.5667579328125 0.47623869374999994 0.5463284515625 0.455889971875 0.524863434375 0.4501384375 0.5077291328125 0.4604219734375
10 0.44312760781250005 0.6156580765624999 0.5470258375 0.6464724562499999 0.5315106828125 0.6185157296875 0.48321439218749995 0.605574778125 0.44312760781250005 0.6156580765624999
8 0.5946247437500001 0.4688309234375 0.629797203125 0.4663556296875 0.686886609375 0.478677759375 0.6747983140625 0.4486643265625 0.6440882515624999 0.43448572656250006 0.5741952625 0.44848220312500003 0.574647190625 0.45752809218749996 0.5946247437500001 0.4688309234375
7 0.6564967968750001 0.5062340109375 0.63755478125 0.48033399218749995 0.6214560171875 0.47602034218749995 0.592101740625 0.4889794078125 0.6032861781250001 0.5009010640625 0.6462162140625 0.5124041328125 0.6564967968750001 0.5062340109375