0 0.049797978124999996 0 0 0.473796109375 0 0.9502020218749999 0.473796109375 1 0.9502020218749999 1 1 0.526203890625 1 0.049797978124999996 0.526203890625 0 0.049797978124999996 0
0 0.5827070578125 1 0.58120395625 0.9935864078125001 0.538800221875 0.974967509375 0.523094975 0.948533165625 0.525303321875 0.9275221390624999 0.5629950515625 0.8854569124999999 0.5958777765625001 0.9243182484375 0.617815759375 0.9266240218749999 0.7396273375 0.8579949265625 0.798274121875 0.651727625 0.8159894031249999 0.41283407343749995 0.8021486953125001 0.33348786874999997 0.7616094984374999 0.2619571078125 0.6512319671875 0.1866265640625 0.601515571875 0.167239071875 0.5430142828125 0.1610903390625 0.42817155781249994 0.19858719062500002 0.2225839375 0.325680990625 0.1380717796875 0.39114936875 0.11024486874999999 0.4448729953125 0.1065642890625 0.4798913734375 0.123349459375 0.5312228765625 0.0666642140625 0.5429676265625 0.0619037078125 0.55308884375 0.09517874062500001 0.5530456671875 0.1167244171875 0.594255953125 0.11009937343750001 0.65728903125 0.06435886874999999 0.7055893421875 0 0.715367278125 0 0.7383970984375 0.0606782890625 0.74060771875 0.084776121875 0.7927078125 0.100873675 0.7802376453125001 0.1067141046875 0.7950135875 0.12133942499999999 0.7965507703125 0.15098237812499998 0.760720628125 0.1912747609375 0.6587398640625 0.23480691718750002 0.6314505796875001 0.2633214453125 0.6415286203125 0.2728424546875 0.6212861859375 0.2987563265625 0.691279765625 0.35686530781250003 0.7363330078125 0.4958058671875 0.7509362484375 0.5726130578124999 0.7236037890625 0.5700124015625 0.783519325 0.4529128296875 0.9128325484375001 0.45507267812499996 0.9626268671875 0.48466713125 0.99760206875 0.490128315625 1 0.5827070578125 1
0 0.6321942703125 0.75464968125 0.616096715625 0.7671198484375 0.61791275625 0.7850133328125 0.6380346984374999 0.7694256234375 0.6486841296875 0.7032750046875 0.6321942703125 0.75464968125
1 0.5827070578125 1 0.58120395625 0.9935864078125001 0.538800221875 0.974967509375 0.523094975 0.948533165625 0.525303321875 0.9275221390624999 0.5629950515625 0.8854569124999999 0.5958777765625001 0.9243182484375 0.617815759375 0.9266240218749999 0.7396273375 0.8579949265625 0.798274121875 0.651727625 0.8159894031249999 0.41283407343749995 0.8021486953125001 0.33348786874999997 0.7616094984374999 0.2619571078125 0.6512319671875 0.1866265640625 0.601515571875 0.167239071875 0.5430142828125 0.1610903390625 0.42817155781249994 0.19858719062500002 0.2225839375 0.325680990625 0.1380717796875 0.39114936875 0.11024486874999999 0.4448729953125 0.1065642890625 0.4798913734375 0.123349459375 0.5312228765625 0.06263982343749999 0.5460851671875 0.06519198125 0.556974978125 0.09517874062500001 0.5530456671875 0.1167244171875 0.594255953125 0.11009937343750001 0.65728903125 0.06435886874999999 0.7055893421875 0 0.715367278125 0 0.7383970984375 0.0606782890625 0.74060771875 0.084776121875 0.7927078125 0.100873675 0.7802376453125001 0.1067141046875 0.7950135875 0.12133942499999999 0.7965507703125 0.15098237812499998 0.760720628125 0.1912747609375 0.6587398640625 0.23480691718750002 0.6314505796875001 0.26734583437500004 0.6384110796875 0.295269740625 0.44307676249999994 0.3977439921875 0.31222635468750004 0.4742073734375 0.252993059375 0.5202916875 0.2365935828125 0.6519195843750001 0.2504282328125 0.7078202171875 0.316492503125 0.7253415046875 0.3608203296875 0.7230846578125 0.45263669999999995 0.6893688203125 0.5623897312499999 0.687111975 0.6542061015625 0.6589412546875 0.6760288937500001 0.6377393875 0.66671944375 0.584686221875 0.7142511625 0.5671164359375 0.7407286796875 0.5700124015625 0.783519325 0.4529128296875 0.9128325484375001 0.45507267812499996 0.9626268671875 0.48466713125 0.99760206875 0.48938111093750003 1 0.5827070578125 1
1 0.614624484375 0.7811272 0.6380346984374999 0.7694256234375 0.6486841296875 0.7032750046875 0.614624484375 0.7811272
9 0.286339353125 0.6687315546875 0.3151976890625 0.71071043125 0.39269249687499996 0.747179640625 0.518479965625 0.7462383484374999 0.5726130578124999 0.7236037890625 0.6377393875 0.66671944375 0.6589412546875 0.6760288937500001 0.687111975 0.6542061015625 0.6893688203125 0.5623897312499999 0.7091469546875 0.5149011875 0.7297097015625 0.389603621875 0.7078202171875 0.316492503125 0.6519195843750001 0.2504282328125 0.5502784468749999 0.232664275 0.4742073734375 0.252993059375 0.3970078765625 0.3192300296875 0.45295700781250003 0.3144889546875 0.48073541875 0.331570671875 0.5030172109375 0.36577728125000003 0.49094404531249997 0.3751299078125 0.3929834875 0.322347571875 0.295269740625 0.44307676249999994 0.2791236890625 0.526352275 0.2753946109375 0.6321759953125 0.286339353125 0.6687315546875
9 0.553469721875 0.378161096875 0.5552857625 0.3960545828125 0.6203635953125 0.40997558125 0.6653194874999999 0.4394842921875 0.66679171875 0.42547694218750004 0.623308059375 0.38196088125 0.5728555484375 0.3695770640625 0.553469721875 0.378161096875
9 0.46203721093750005 0.40395637500000003 0.41781743593750004 0.367443990625 0.3911189484375 0.37525943281249996 0.4474118890625 0.40241919218750005 0.46203721093750005 0.40395637500000003
9 0.43165814375 0.44679019374999995 0.40495965624999997 0.45460563593750003 0.4020151921875 0.48262033750000005 0.44294669375 0.5152465890625 0.523385965625 0.523701096875 0.532955471875 0.4326533171875 0.517250225 0.406218975 0.480686921875 0.4023760171875 0.43165814375 0.44679019374999995
9 0.62581171875 0.463656034375 0.5954811484375 0.43568450781249995 0.5475807953125 0.4341905 0.5892484125 0.45981307656250003 0.62581171875 0.463656034375
9 0.3500419515625 0.5550492171875 0.346361371875 0.59006759375 0.367907046875 0.6312778781249999 0.4135990546875 0.6537829125 0.4461379703125 0.6607434125 0.476860846875 0.6498104265625 0.5211291203124999 0.6155174671875 0.5094482609375001 0.5859655828125 0.472541146875 0.550221790625 0.4235608671875 0.523830621875 0.3796849015625 0.519219071875 0.3500419515625 0.5550492171875
4 0.5552857625 0.3960545828125 0.6203635953125 0.40997558125 0.654718553125 0.43482956718750004 0.66679171875 0.42547694218750004 0.623308059375 0.38196088125 0.5728555484375 0.3695770640625 0.553469721875 0.378161096875 0.5552857625 0.3960545828125
3 0.5954811484375 0.43568450781249995 0.5475807953125 0.4341905 0.5925366859375 0.463699209375 0.62581171875 0.463656034375 0.5954811484375 0.43568450781249995
10 0.40015065312500003 0.5355321984375 0.46449237187500003 0.5564568734375 0.5105281859375 0.6108627421875 0.5094482609375001 0.5859655828125 0.4447627359375 0.533140071875 0.3796849015625 0.519219071875 0.366875621875 0.5355753734375 0.369427778125 0.5464651828125 0.40015065312500003 0.5355321984375
5 0.346361371875 0.59006759375 0.3580422296875 0.619619478125 0.4168873265625 0.6576690453125 0.4461379703125 0.6607434125 0.5203930046874999 0.6225211421875 0.412519128125 0.6288857515624999 0.361722809375 0.5846011015625 0.35406633906249996 0.5519316734374999 0.346361371875 0.59006759375
6 0.3961747640625 0.4678443953125 0.4184565546875 0.5020510046875 0.4462349671875 0.5191327218749999 0.523385965625 0.523701096875 0.532955471875 0.4326533171875 0.517250225 0.406218975 0.480686921875 0.4023760171875 0.3961747640625 0.4678443953125
2 0.3621151171875 0.545696590625 0.361722809375 0.5846011015625 0.412519128125 0.6288857515624999 0.5017432937499999 0.6241015 0.5138164578125 0.614748875 0.46449237187500003 0.5564568734375 0.41477597499999996 0.5370693828124999 0.3621151171875 0.545696590625
8 0.396271759375 0.3262337046875 0.44269988125 0.3417350640625 0.49094404531249997 0.3751299078125 0.5037533265625 0.35877360625 0.45295700781250003 0.3144889546875 0.42370636250000004 0.3114145890625 0.396271759375 0.3262337046875
7 0.41781743593750004 0.367443990625 0.3911189484375 0.37525943281249996 0.4507001609375 0.40630532500000005 0.46203721093750005 0.40395637500000003 0.41781743593750004 0.367443990625