0 0.4650365953125 0 0 0.06535663124999999 0 0.5349634046875 0.06535663124999999 1 0.5349634046875 1 0.7793308296875 0.9656563984375 0.6884335046875 0.86776515 0.6594279359375 0.7611755796875 0.6350864781250001 0.7127218453124999 0.592667890625 0.7601831515625 0.5405127171874999 0.788262965625 0.48549782500000005 0.7959948046875 0.3825490796875 0.762046915625 0.41948684218750004 0.8502301203125 0.419384753125 0.8744526625000001 0.4007627359375 0.866694875 0.3745147984375 0.8046758234375 0.3538842140625 0.8075752640625 0.319295728125 0.8608527499999999 0.24365025 0.871484028125 0.2015379296875 0.8462777046875001 0.1830180046875 0.814297375 0.1772985625 0.7736014265625 0.1903032234375 0.7164407234375 0.190915759375 0.5711054671875 0.17682133125 0.420920509375 0.18696627187499998 0.34341183124999997 0.2186950375 0.2697863734375 0.2887231609375 0.194236603125 0.4086937078125 0.149709334375 0.4862456671875 0.152643371875 0.5303665578125 0.167192465625 0.6037992859375 0.2156635 0.7051822546875 0.3881639875 0.7702744359375 0.5519315578125 0.8258342109375001 0.64787255 0.8923900781249999 0.6973100640625 0.9639163249999999 0.7322157828125 0.966776046875 0.7525637578125 0.951013753125 0.7651539421875 0.9166294453124999 0.7699863421875001 0.88721551875 0.760286946875 0.859708071875 0.7641528656250001 0.8508226406249999 0.775776571875 0.8594018046875 0.83682049375 0.8962374750000001 0.9492262406249999 1 0.93464336875 1 0.4650365953125 0.93464336875 0 0.4650365953125 0
1 0.859708071875 0.7641528656250001 0.88721551875 0.760286946875 0.9166294453124999 0.7699863421875001 0.951013753125 0.7651539421875 0.966776046875 0.7525637578125 0.9639163249999999 0.7322157828125 0.8923900781249999 0.6973100640625 0.8258342109375001 0.64787255 0.7994841828125 0.610076040625 0.734392003125 0.44630847031250004 0.6037992859375 0.2156635 0.5303665578125 0.167192465625 0.45778497968750004 0.1497266328125 0.40181684687499997 0.1506758140625 0.2887231609375 0.194236603125 0.2186950375 0.2697863734375 0.18294913125 0.3647262859375 0.17757039375 0.47614825468750005 0.1914606421875 0.6747782953125 0.1772985625 0.7736014265625 0.1830180046875 0.814297375 0.2015379296875 0.8462777046875001 0.24365025 0.871484028125 0.319295728125 0.8608527499999999 0.3538842140625 0.8075752640625 0.3745147984375 0.8046758234375 0.4007627359375 0.866694875 0.4223465625 0.8705780937500001 0.4078437765625 0.817283309375 0.35323724218749997 0.7281249765625 0.33090435625 0.669014015625 0.32041871093749996 0.594404775 0.32961040937499997 0.510113440625 0.34166183125 0.4461700796875 0.378360978125 0.3580128234375 0.44151223906250003 0.283429534375 0.48679055 0.2563162015625 0.5211748593750001 0.2514838015625 0.5564103171875 0.27765660312499996 0.6656233874999999 0.45597326875000005 0.6768580937500001 0.5858102515625 0.6370950484375 0.7020646187499999 0.6884335046875 0.86776515 0.7803727765625 0.9655099625 0.8924746625 0.9497550703125001 0.8508226406249999 0.775776571875 0.859708071875 0.7641528656250001
9 0.5211748593750001 0.2514838015625 0.48679055 0.2563162015625 0.44151223906250003 0.283429534375 0.378360978125 0.3580128234375 0.36249659375 0.394825553125 0.4164561578125 0.4045336 0.436984653125 0.425856703125 0.4212223609375 0.43844689062500003 0.36334774531249997 0.4258307546875 0.34166183125 0.4461700796875 0.34251298124999996 0.4771752796875 0.381867671875 0.457811084375 0.416149890625 0.47720122812500004 0.3866338734375 0.491724375 0.3375426015625 0.49170707656249996 0.32041871093749996 0.594404775 0.34350065937499996 0.7087434828125 0.370803928125 0.7533226484375 0.44233017500000005 0.7882283671875 0.48549782500000005 0.7959948046875 0.5405127171874999 0.788262965625 0.592667890625 0.7601831515625 0.6380482890625 0.7088472765625 0.6638534328125 0.6429709546875 0.678968753125 0.55093048125 0.6549335640625 0.429809115625 0.5564103171875 0.27765660312499996 0.5211748593750001 0.2514838015625
9 0.6050932312499999 0.374564075 0.5767346328125 0.3474247921875 0.5354734640625 0.35322367187500003 0.4822629625 0.39874336875 0.504800028125 0.409409246875 0.5461632875 0.379387825 0.6050932312499999 0.374564075
9 0.54500586875 0.42105025156250003 0.5173963328125 0.4491387140625 0.572411225 0.44140687500000003 0.59208856875 0.431724778125 0.5725133140625001 0.4171843328125 0.54500586875 0.42105025156250003
9 0.42949525624999996 0.572158440625 0.46187099375 0.5779832671875 0.512970834375 0.5673433390625 0.5513722828125001 0.5411964874999999 0.5406824593749999 0.5150323343750001 0.5006807984375 0.4549462421875 0.45158952656249995 0.45492894531249994 0.43678047343750004 0.4743017890625 0.43752953593750005 0.5295295328125 0.424729053125 0.5382451515625 0.42949525624999996 0.572158440625
9 0.45744549687499997 0.69618789375 0.515320109375 0.708804028125 0.5389125046875 0.7020300203125001 0.5882079546875 0.6536022328125 0.5971954765625 0.6177559828125 0.577620221875 0.6032155375 0.5266224687500001 0.5896329234375 0.47943767812500004 0.6031809406249999 0.4469598515625 0.62157865625 0.42030355625000004 0.6564497765625 0.45744549687499997 0.69618789375
3 0.3336275515625 0.48879898749999995 0.3866338734375 0.491724375 0.416149890625 0.47720122812500004 0.381867671875 0.457811084375 0.3336275515625 0.48879898749999995
4 0.428099221875 0.4374804109375 0.436984653125 0.425856703125 0.42820131093749997 0.41325786718749996 0.38016536875 0.39580068281249997 0.35953478437499997 0.39870012187500004 0.3466322125 0.43163828437499996 0.37710146875 0.42389779531249994 0.428099221875 0.4374804109375
5 0.4281336578125 0.6622659546875 0.45744549687499997 0.69618789375 0.53595069375 0.7059045890625 0.5882079546875 0.6536022328125 0.593280425 0.61484789375 0.569585940625 0.6458444453125 0.5371081140625 0.6642421609375 0.47521635937499995 0.6729404796875 0.43797232968750005 0.6574249046875 0.4281336578125 0.6622659546875
2 0.5371081140625 0.6642421609375 0.569585940625 0.6458444453125 0.590318615625 0.6187224625 0.5569896375 0.606114978125 0.48822102031250003 0.6157797765625 0.43405727812499995 0.6545168171875 0.47521635937499995 0.6729404796875 0.5371081140625 0.6642421609375
10 0.43109546718749997 0.658391384375 0.48822102031250003 0.6157797765625 0.581535271875 0.606123628125 0.5266224687500001 0.5896329234375 0.47943767812500004 0.6031809406249999 0.4469598515625 0.62157865625 0.4262271765625 0.6487006390625 0.43109546718749997 0.658391384375
6 0.424729053125 0.5382451515625 0.42949525624999996 0.572158440625 0.510009025 0.5712179093749999 0.5513722828125001 0.5411964874999999 0.5406824593749999 0.5150323343750001 0.5006807984375 0.4549462421875 0.45158952656249995 0.45492894531249994 0.43678047343750004 0.4743017890625 0.43752953593750005 0.5295295328125 0.424729053125 0.5382451515625
8 0.5461632875 0.379387825 0.6050932312499999 0.374564075 0.5767346328125 0.3474247921875 0.5354734640625 0.35322367187500003 0.4822629625 0.39874336875 0.50183821875 0.41328381406250003 0.5461632875 0.379387825
7 0.5725133140625001 0.4171843328125 0.54500586875 0.42105025156250003 0.5173963328125 0.4491387140625 0.5694494156250001 0.44528144375 0.59208856875 0.431724778125 0.5725133140625001 0.4171843328125