0 0.0337424578125 0 0 0.48253961562500003 0 0.9662575421874999 0.10780102656249999 0.9737957249999999 0.13403117343749998 0.8697381656250001 0.1384523578125 0.806512275 0.1285010359375 0.7952272375 0.09999920625 0.7932341953125001 0.070514890625 0.8052913500000001 0.034887603125 0.802800046875 0.0178108234375 0.7910167484375 0.0192845515625 0.7699414515624999 0.09016947656249999 0.7290117828125 0.154911428125 0.67353365625 0.205032815625 0.571146734375 0.2600666296875 0.398508825 0.3517102171875 0.21431201875 0.4235776265625 0.159332153125 0.46780410000000006 0.14124641875 0.5471666187500001 0.1326770875 0.67345988125 0.1697461734375 0.7507358375 0.24221460781249998 0.7885761546875 0.3154551609375 0.8045488562499999 0.3942260296875 0.8008669718749999 0.54927646875 0.811927246875 0.6982983265625 0.8293736781250001 0.7559939 0.826426221875 0.7981444953125 0.8097190921875 0.8322734671875001 0.7683184828125 0.8611459796875 0.68993845 0.8556651140625 0.6506244046874999 0.803499859375 0.6292480328125001 0.8020050781249999 0.6067675828125 0.867497865625 0.588217075 0.8767898625000001 0.5863736953124999 0.8519528859375001 0.617944575 0.7588579625 0.5147494703125 0.8010580078125 0.457745809375 0.7970719234375 0.402215878125 0.7720105421875 0.3552851328125 0.7263721249999999 0.3337871671875 0.777814715625 0.31167636875000004 0.8892197765625 0.23621644062499997 0.98277540625 0.48253960781250005 1 0.9662575421874999 1 1 0.517460384375 1 0.0337424578125 0.517460384375 0 0.0337424578125 0
1 0.3524592671875 0.715585346875 0.3033154921875 0.5991976796875 0.305523646875 0.46522253750000003 0.404783934375 0.27449889375000003 0.4390590859375 0.24512812187500002 0.47468637343750003 0.24761942499999998 0.5230908484375 0.2721825453125 0.5932413453125001 0.3441527203125 0.637224634375 0.43194173124999996 0.654179821875 0.49666240312500004 0.66966128125 0.5824583734375001 0.6642576109375 0.6597344609375 0.6455855109375 0.72196383125 0.595955365625 0.8173256515625 0.5848999671875 0.8730281828124999 0.6067675828125 0.867497865625 0.6292480328125001 0.8020050781249999 0.6506244046874999 0.803499859375 0.68993845 0.8556651140625 0.7683184828125 0.8611459796875 0.8097190921875 0.8322734671875001 0.826426221875 0.7981444953125 0.8293736781250001 0.7559939 0.8077492453125 0.6556494734375 0.807744371875 0.45092508281250004 0.7942278843749999 0.3370287171875 0.7507358375 0.24221460781249998 0.67345988125 0.1697461734375 0.554292075 0.1331753484375 0.4967971734375 0.13621436250000002 0.4235776265625 0.159332153125 0.3517102171875 0.21431201875 0.2342690734375 0.46023993281250003 0.1792352578125 0.63287784375 0.154911428125 0.67353365625 0.09016947656249999 0.7290117828125 0.0192845515625 0.7699414515624999 0.0178108234375 0.7910167484375 0.034887603125 0.802800046875 0.070514890625 0.8052913500000001 0.09999920625 0.7932341953125001 0.1285010359375 0.7952272375 0.1384523578125 0.806512275 0.11052942031249999 0.9739865125 0.23527177500000002 0.9827093484375 0.31167636875000004 0.8892197765625 0.3524592671875 0.715585346875
9 0.3519680234375 0.7226104453125 0.402215878125 0.7720105421875 0.457745809375 0.7970719234375 0.5147494703125 0.8010580078125 0.5584847 0.789997371875 0.629369625 0.74906770625 0.6541846953125 0.70138679375 0.66966128125 0.5824583734375001 0.6447197421875 0.478352265625 0.594350296875 0.481889540625 0.5630226031250001 0.4691097203125 0.5968065109375 0.4467640453125 0.6385767703125 0.46380380624999995 0.637224634375 0.43194173124999996 0.613513640625 0.41263507343750006 0.5550362515625 0.42972428437500004 0.5379594734375 0.41794098437500005 0.557492465625 0.39459879062500003 0.6121615031250001 0.3807729953125 0.5932413453125001 0.3441527203125 0.5230908484375 0.2721825453125 0.47468637343750003 0.24761942499999998 0.4390590859375 0.24512812187500002 0.404783934375 0.27449889375000003 0.31461407656249996 0.43762040312500006 0.2986462484375 0.5635739234375 0.3207619234375 0.6568932515625 0.3519680234375 0.7226104453125
9 0.38893769843750003 0.3475150421875 0.3617880046875 0.3773840765625 0.42260001562499994 0.378106740625 0.46719614062500003 0.40593328125 0.4895549984375 0.39337786406249997 0.4316904453125 0.35050460625 0.38893769843750003 0.3475150421875
9 0.42677801718749997 0.42075559531250006 0.3982761859375 0.418762553125 0.3792344359375 0.43507965000000004 0.400119565625 0.44359952968750005 0.457123225 0.44758561406249997 0.42677801718749997 0.42075559531250006
9 0.4746912484375 0.4523438140625 0.43795988281250003 0.5168400828124999 0.4288694546875 0.54444221875 0.47014847031249996 0.568507078125 0.5233437796875 0.5757565812500001 0.5561452046875 0.5674611046875 0.5586014171875 0.5323356109375 0.5448417453125 0.524313990625 0.5416462296875 0.46761493906249996 0.52506069375 0.44880653906249995 0.4746912484375 0.4523438140625
9 0.40638900468749994 0.60993500625 0.3873472546875 0.626252103125 0.3991419546875 0.6623741187500001 0.45319815781250006 0.708510796875 0.47789163749999997 0.7137672578125 0.5363690265625001 0.6966780453125 0.5716266640625001 0.6532570734375 0.5417726968750001 0.61940195625 0.5071278953125 0.60286045625 0.457740934375 0.5923475328125 0.40638900468749994 0.60993500625
3 0.5968065109375 0.4467640453125 0.5630226031250001 0.4691097203125 0.594350296875 0.481889540625 0.64852809375 0.475088846875 0.5968065109375 0.4467640453125
4 0.5460674156249999 0.404389046875 0.5379594734375 0.41794098437500005 0.5479107937500001 0.4292260234375 0.599262725 0.41163855156249995 0.6310816625 0.4173932734375 0.6154786109375 0.3845346765625 0.5941022390625 0.3830398953125 0.5460674156249999 0.404389046875
5 0.391155603125 0.622988684375 0.3991419546875 0.6623741187500001 0.45651526562500006 0.7122724765624999 0.5363690265625001 0.6966780453125 0.5640099625 0.6597839125 0.5535673984375 0.655523971875 0.51646638125 0.674107965625 0.4523372640625 0.669623621875 0.4176924625 0.653082121875 0.391155603125 0.622988684375
2 0.3944727109375 0.6267503624999999 0.4176924625 0.653082121875 0.4523372640625 0.669623621875 0.51646638125 0.674107965625 0.557375746875 0.6522605515625 0.499019953125 0.6164123921875 0.42776537656249997 0.6114297875 0.3944727109375 0.6267503624999999
10 0.4025806546875 0.613198425 0.499019953125 0.6164123921875 0.56069285625 0.6560222312499999 0.5649924484375 0.6457337140625 0.5417726968750001 0.61940195625 0.5071278953125 0.60286045625 0.457740934375 0.5923475328125 0.4025806546875 0.613198425
6 0.43795988281250003 0.5168400828124999 0.4288694546875 0.54444221875 0.473465578125 0.5722687578125 0.5561452046875 0.5674611046875 0.5586014171875 0.5323356109375 0.5448417453125 0.524313990625 0.5416462296875 0.46761493906249996 0.52506069375 0.44880653906249995 0.4746912484375 0.4523438140625 0.43795988281250003 0.5168400828124999
8 0.3617880046875 0.3773840765625 0.42260001562499994 0.378106740625 0.47051324687499996 0.40969496093749996 0.4895549984375 0.39337786406249997 0.4316904453125 0.35050460625 0.38893769843750003 0.3475150421875 0.3617880046875 0.3773840765625
7 0.3982761859375 0.418762553125 0.3792344359375 0.43507965000000004 0.4034366734375 0.447361209375 0.457123225 0.44758561406249997 0.42677801718749997 0.42075559531250006 0.3982761859375 0.418762553125