0 0.451855478125 0 0 0.0878318078125 0 0.5481445218750001 0.0878318078125 1 0.5481445218750001 1 1 0.9121681921875 1 0.451855478125 0.9121681921875 0 0.451855478125 0
0 1 0.674215715625 0.9231839171875 0.6692370640624999 0.87918163125 0.630037896875 0.8684486250000001 0.5748213671875 0.8841992765625 0.5367413640625001 0.9134794656249999 0.5342333625 0.9085035296875 0.5256501171875 0.8577156203125 0.5196048375 0.8684903343749999 0.47294159062499996 0.8625275531250001 0.442265740625 0.8338644953125 0.396901440625 0.7544135296875 0.3454918609375 0.5636405843750001 0.2488677984375 0.459679653125 0.2245069015625 0.4086860328125 0.23441905625 0.36645172812500004 0.2553625328125 0.27519749375 0.3304033734375 0.2450944609375 0.3967411125 0.2390899734375 0.467945040625 0.2732626828125 0.6777798359375 0.34091038125 0.8556398359375 0.45342491718750005 0.9069894875 0.47254752499999997 0.9032724296874999 0.49845575468750003 0.8664014828125 0.53489128125 0.9007045 0.5384689500000001 0.919110009375 0.5267073921875001 0.9436806531249999 0.4908472890625 0.963385109375 0.48944902187499995 0.9732073734375 0.50836591875 0.98544775 0.54920195625 0.9743265390625 0.576097034375 0.959548196875 0.599414440625 0.9263643437500001 0.5974407515625 0.8821791359375 0.484350790625 0.776822009375 0.4774011640625 0.72405355625 0.5471059703125001 0.7423392109375 0.66821581875 0.718797840625 0.7158374796875 0.6745227421875 0.7331921078125 0.610663040625 0.743143978125 0.6278295296875 0.7674482328125001 0.6167382828125 0.8078728500000001 0.637531940625 0.8512580015625 0.7246034109374999 0.8801267703125 0.7540102765625 0.892875175 0.7515322375 0.8968642640625 0.7380228796875 0.9119977828125 0.7478151796875 0.9291466984375001 0.6999129125 1 0.6911289765624999 1 0.674215715625
0 0.42739439062500006 0.756058315625 0.40888891562499996 0.7119030703125 0.42340530000000004 0.769567675 0.442322196875 0.7818080515625 0.44252790781250007 0.7658506171874999 0.42739439062500006 0.756058315625
1 1 0.674215715625 0.9231839171875 0.6692370640624999 0.87918163125 0.630037896875 0.8684486250000001 0.5748213671875 0.8841992765625 0.5367413640625001 0.9108886421875001 0.53792045625 0.9122869093749999 0.5280981921875 0.8577156203125 0.5196048375 0.8684903343749999 0.47294159062499996 0.8625275531250001 0.442265740625 0.8338644953125 0.396901440625 0.7544135296875 0.3454918609375 0.5636405843750001 0.2488677984375 0.459679653125 0.2245069015625 0.4086860328125 0.23441905625 0.36645172812500004 0.2553625328125 0.27519749375 0.3304033734375 0.2450944609375 0.3967411125 0.2390899734375 0.467945040625 0.2732626828125 0.6777798359375 0.34091038125 0.8556398359375 0.45342491718750005 0.9069894875 0.47254752499999997 0.9032724296874999 0.49845575468750003 0.8664014828125 0.53489128125 0.9007045 0.5384689500000001 0.919110009375 0.5267073921875001 0.9436806531249999 0.4908472890625 0.963385109375 0.48944902187499995 0.9732073734375 0.50836591875 0.98544775 0.546611134375 0.9780136328125 0.576097034375 0.959548196875 0.599414440625 0.9263643437500001 0.5974407515625 0.8821791359375 0.484350790625 0.776822009375 0.4835696578125 0.7387719703125 0.46605102656249997 0.7167093296875 0.41567453906249996 0.6787491828125 0.3977444875 0.6886014109375 0.37126083125 0.671464884375 0.362131803125 0.59046865625 0.323928296875 0.49602299531250005 0.31479926874999997 0.4150267671875 0.3267665375 0.37449869062499996 0.37081053124999996 0.31181808125 0.4855461765625 0.28951573124999996 0.5273690609374999 0.3004871234375 0.5992532671874999 0.347000553125 0.699594821875 0.4548357171875 0.7393605984375 0.6253814546875 0.7674482328125001 0.6167382828125 0.8078728500000001 0.637531940625 0.8512580015625 0.7246034109374999 0.8801267703125 0.7540102765625 0.892875175 0.7515322375 0.8968642640625 0.7380228796875 0.9119977828125 0.7478151796875 0.9291466984375001 0.6999129125 1 0.6911289765624999 1 0.674215715625
1 0.42340530000000004 0.769567675 0.44491302031249996 0.77812095625 0.40888891562499996 0.7119030703125 0.42340530000000004 0.769567675
9 0.52214570625 0.40974108906250006 0.51079556875 0.4023968640625 0.5277387734375 0.37045203125000004 0.550850471875 0.35322561406249997 0.6004458234375 0.3531357234375 0.5273690609374999 0.3004871234375 0.4588568109375 0.2883366390625 0.37081053124999996 0.31181808125 0.3267665375 0.37449869062499996 0.313195290625 0.44080646718749994 0.3410355046875 0.55000050625 0.362131803125 0.59046865625 0.37126083125 0.671464884375 0.3977444875 0.6886014109375 0.41567453906249996 0.6787491828125 0.4774011640625 0.72405355625 0.5267908078125 0.7399211 0.6375373609375 0.7311281078125 0.7028833640625 0.692958215625 0.7250082171875001 0.6536391921875 0.731793840625 0.6204853046875 0.7202797000000001 0.5272187374999999 0.699594821875 0.4548357171875 0.604229203125 0.3555837984375 0.52214570625 0.40974108906250006
9 0.4109877296875 0.45044895 0.46716299687499996 0.4331626046875 0.4673687078125 0.4172051703125 0.44964436562500004 0.4110999640625 0.40621750468749995 0.4259082703125 0.37134424843749997 0.46770533125 0.3737293609375 0.47997567031250005 0.4109877296875 0.45044895
9 0.5625703234375 0.430534746875 0.6099862734375 0.40221708125 0.5858877296875 0.3973508953125 0.5498219171875001 0.4330127859375 0.5625703234375 0.430534746875
9 0.5752770203125 0.5299364843750001 0.6087520109375 0.49796168906249993 0.6039817859375 0.473421009375 0.5798832421875 0.468554821875 0.5332901328124999 0.43304275 0.5014191203125 0.43923784687499995 0.48965756093749996 0.46380849062499996 0.5051607921875 0.5435656984375 0.5752770203125 0.5299364843750001
9 0.4422416109375 0.49212615625 0.4769091578125 0.4662865296875 0.43488056249999996 0.47127257031249997 0.4103705984375 0.49832125312500003 0.4422416109375 0.49212615625
9 0.5142898203125 0.6245619265625 0.5559069937500001 0.6514907546875001 0.583788915625 0.6588050171875001 0.6118765484375001 0.6501618437500001 0.650327475 0.6267702921875 0.6660781250000001 0.588690290625 0.66011534375 0.5580144406249999 0.631246575 0.528607575 0.5930013609375 0.5360416906250001 0.5519596109375 0.5631203375 0.5222680000000001 0.597543209375 0.5142898203125 0.6245619265625
4 0.3826943859375 0.47504955625 0.4109877296875 0.45044895 0.46716299687499996 0.4331626046875 0.4673687078125 0.4172051703125 0.44964436562500004 0.4110999640625 0.40621750468749995 0.4259082703125 0.37134424843749997 0.46770533125 0.3826943859375 0.47504955625
3 0.4103705984375 0.49832125312500003 0.43965078750000003 0.49581325 0.4769091578125 0.4662865296875 0.43488056249999996 0.47127257031249997 0.4103705984375 0.49832125312500003
10 0.5222680000000001 0.597543209375 0.523254846875 0.6196358125 0.5595263703125 0.5680164875 0.6145090796875 0.5445949734375 0.642391003125 0.551909234375 0.64378926875 0.5420869703125 0.631246575 0.528607575 0.575071309375 0.54589391875 0.5222680000000001 0.597543209375
5 0.583788915625 0.6588050171875001 0.6092857265625 0.6538489390625 0.65809994375 0.615709009375 0.6660781250000001 0.588690290625 0.6563319625 0.5555663656250001 0.6521371625 0.585033159375 0.610889703125 0.6280692390625 0.5154823765625001 0.630697096875 0.583788915625 0.6588050171875001
6 0.572686196875 0.5336235796875 0.59579789375 0.5163971625 0.6127411 0.48445232968749996 0.5332901328124999 0.43304275 0.5014191203125 0.43923784687499995 0.48965756093749996 0.46380849062499996 0.5051607921875 0.5435656984375 0.572686196875 0.5336235796875
2 0.610889703125 0.6280692390625 0.6521371625 0.585033159375 0.6487652046875 0.5506702156250001 0.601760675 0.5470730109375 0.5595263703125 0.5680164875 0.5206640234375 0.6233229078125 0.5320141609375 0.6306671328125 0.610889703125 0.6280692390625
8 0.5619948984375001 0.3765272734375 0.6016383796875 0.35927089218749997 0.5763472796875 0.3482695359375 0.550850471875 0.35322561406249997 0.5096030125000001 0.39626169375 0.52214570625 0.40974108906250006 0.5619948984375001 0.3765272734375
7 0.5498219171875001 0.4330127859375 0.5599795000000001 0.4342218421875 0.6099862734375 0.40221708125 0.5858877296875 0.3973508953125 0.5498219171875001 0.4330127859375