0 0.48690704218749997 0 0 0.0255177171875 0 0.5130929578125001 0.0255177171875 1 0.5130929578125001 1 1 0.9744822828125 1 0.48690704218749997 0.9744822828125 0 0.48690704218749997 0
0 0.4143233171875 0.6896754203125 0.456260325 0.72691520625 0.4920103578125 0.7456177703125 0.5253993453125 0.7524413203125 0.5618973296875 0.7522432203125 0.6157636546874999 0.718555990625 0.6634430015625 0.666331540625 0.6947122171875 0.599535 0.7213765296875 0.5775614375 0.730703525 0.5564964875 0.7338745640625 0.48431379531249996 0.75031571875 0.46630536562499997 0.772678446875 0.3622526625 0.7634755359375001 0.2529955328125 0.751101584375 0.21592109218750002 0.7281460109375 0.1759718546875 0.7006165546875 0.148265075 0.6790948421875 0.1356755515625 0.5732786046875 0.10692757187499999 0.514331721875 0.11001684687499999 0.483662246875 0.12191223749999999 0.4232194609375 0.162802840625 0.3786491109375 0.20800564062500002 0.3347646703125 0.29946881875 0.3266923046875 0.34447351875 0.3290223296875 0.38893305312500004 0.3131188734375 0.41720137656249995 0.3105475734375 0.43448291875 0.3135945296875 0.492622309375 0.3292567125 0.5260950625 0.33069057343749997 0.5534547765625 0.3399865484375 0.564970346875 0.3447396625 0.5561478531249999 0.340376034375 0.539229753125 0.34877584375000004 0.5336455015625 0.3542458890625 0.5385028640625 0.360043378125 0.5827806765625 0.372417328125 0.6198551171875 0.40302476093750006 0.6731207671874999 0.4143233171875 0.6896754203125
1 0.7270637203125 0.35435515781250004 0.72622270625 0.47099738437500005 0.7355186796875001 0.482512953125 0.75031571875 0.46630536562499997 0.7704656125 0.386374134375 0.768197628125 0.276753559375 0.751101584375 0.21592109218750002 0.7281460109375 0.1759718546875 0.7006165546875 0.148265075 0.6790948421875 0.1356755515625 0.5732786046875 0.10692757187499999 0.514331721875 0.11001684687499999 0.45663946875 0.13704587031249998 0.4065990734375 0.177391309375 0.3786491109375 0.20800564062500002 0.3347646703125 0.29946881875 0.3266923046875 0.34447351875 0.328843096875 0.3855130875 0.3445363 0.386405321875 0.353832275 0.39792089062499997 0.35634153281250003 0.4458003890625 0.3621700421875 0.4574976796875 0.367281621875 0.455515115625 0.3828266125 0.4204068625 0.394545675 0.37864040625 0.4170255921875 0.3431687078125 0.43149518750000004 0.287540671875 0.45944514999999997 0.2569263390625 0.490114625 0.2450309484375 0.5145661046875001 0.24717885781249999 0.5504953703125001 0.2693013859375 0.60011525625 0.2872770609375 0.611055346875 0.2969917890625 0.6386158234375 0.2921180484375 0.6563116078125 0.298049365625 0.684051315625 0.2965955890625 0.710863840625 0.3106225125 0.7270637203125 0.35435515781250004
1 0.33125929374999996 0.5311341484375001 0.33069057343749997 0.5534547765625 0.3399865484375 0.564970346875 0.34402273125 0.5424679953125 0.33125929374999996 0.5311341484375001
9 0.4143233171875 0.6896754203125 0.47778203750000003 0.7395047296875 0.5272226921875001 0.754060440625 0.5721204875 0.7482780906250001 0.6157636546874999 0.718555990625 0.6634430015625 0.666331540625 0.6947122171875 0.599535 0.7213765296875 0.5775614375 0.730703525 0.5564964875 0.7294488953125 0.5325567390625 0.7353084265625001 0.511673509375 0.7336953312500001 0.48089383124999996 0.72622270625 0.47099738437500005 0.7270637203125 0.35435515781250004 0.7185157 0.323938925 0.710863840625 0.3106225125 0.6982796359375001 0.302708628125 0.684051315625 0.2965955890625 0.6563116078125 0.298049365625 0.6386158234375 0.2921180484375 0.611055346875 0.2969917890625 0.60011525625 0.2872770609375 0.5504953703125001 0.2693013859375 0.5145661046875001 0.24717885781249999 0.4866471625 0.2452126703125 0.4494012265625 0.26431143437500004 0.43149518750000004 0.287540671875 0.4170255921875 0.3431687078125 0.394545675 0.37864040625 0.36563750625 0.4573159578125 0.35634153281250003 0.4458003890625 0.3500063453125 0.391262684375 0.3445363 0.386405321875 0.330666446875 0.387132209375 0.32244586875 0.396136425 0.3105475734375 0.43448291875 0.3135945296875 0.492622309375 0.3294359453125 0.529515028125 0.3542458890625 0.5385028640625 0.360043378125 0.5827806765625 0.372417328125 0.6198551171875 0.4143233171875 0.6896754203125
9 0.42389847812500003 0.40796630624999997 0.4744455515625 0.41046128125000003 0.506190421875 0.4190856765625 0.547231265625 0.43922563906249995 0.5559895421875 0.44048131562500004 0.5605634234375 0.42823885937500006 0.5153381828125 0.3946007609375 0.452565371875 0.3910318296875 0.42389847812500003 0.40796630624999997
9 0.49596726406249997 0.42305080781250004 0.464760090625 0.42468630625000003 0.45307205 0.43387224375000005 0.49228954687500004 0.452393084375 0.530431646875 0.450394140625 0.5138422796875 0.43240208906250005 0.49596726406249997 0.42305080781250004
9 0.61693900625 0.44243112656249994 0.6225882828125 0.450708453125 0.6817143984375 0.45103914375 0.711815153125 0.46146437812499996 0.71875008125 0.461100934375 0.7072722921875 0.44112631562500004 0.6946880890625 0.43321243281250005 0.6423176671874999 0.42909833593749996 0.61693900625 0.44243112656249994
9 0.5332993703125 0.50511356875 0.5104609875 0.5337453359375 0.527050353125 0.5517373906249999 0.5644445015625 0.5686391109375 0.5870726312500001 0.5691679 0.6109864125 0.5610559171875 0.6155602921875001 0.548813459375 0.6148433609375 0.535133603125 0.6073707359375 0.525237153125 0.600677084375 0.463859521875 0.5842669500000001 0.44928743281249994 0.556527240625 0.450741209375 0.5481274296875001 0.456325459375 0.5332993703125 0.50511356875
9 0.6610888484374999 0.4555494390625 0.6333491390625 0.457003215625 0.6149054031250001 0.4699725609375 0.6398945796875 0.4823803640625 0.6763925640624999 0.48218226406250003 0.684792375 0.47659801249999995 0.6610888484374999 0.4555494390625
9 0.4696855453125 0.6181868625 0.48974237499999995 0.63599719375 0.5112640875000001 0.6485867187500001 0.537718146875 0.6557737140625 0.57768359375 0.6553938921875 0.5979506796875 0.6440436671875001 0.619144946875 0.61721274375 0.5990881171875 0.5994024109375 0.5777456375 0.5902328515625 0.5498266953125001 0.5882666640624999 0.52501675 0.579278825 0.4695373328125 0.5821863781250001 0.454381828125 0.5915540375 0.4696855453125 0.6181868625
4 0.6225882828125 0.450708453125 0.6817143984375 0.45103914375 0.7136385015625 0.46308350000000004 0.71875008125 0.461100934375 0.7072722921875 0.44112631562500004 0.6946880890625 0.43321243281250005 0.6423176671874999 0.42909833593749996 0.61693900625 0.44243112656249994 0.6225882828125 0.450708453125
3 0.6333491390625 0.457003215625 0.6149054031250001 0.4699725609375 0.6417179281250001 0.48399948437500007 0.6763925640624999 0.48218226406250003 0.684792375 0.47659801249999995 0.6610888484374999 0.4555494390625 0.6333491390625 0.457003215625
6 0.5104609875 0.5337453359375 0.527050353125 0.5517373906249999 0.56626785 0.5702582328125 0.6109864125 0.5610559171875 0.6155602921875001 0.548813459375 0.6148433609375 0.535133603125 0.6073707359375 0.525237153125 0.600677084375 0.463859521875 0.5842669500000001 0.44928743281249994 0.556527240625 0.450741209375 0.5481274296875001 0.456325459375 0.5332993703125 0.50511356875 0.5104609875 0.5337453359375
5 0.4696855453125 0.6181868625 0.48974237499999995 0.63599719375 0.5395414953125 0.657392834375 0.57768359375 0.6553938921875 0.5979506796875 0.6440436671875001 0.615856715625 0.620814428125 0.5800756625 0.634692384375 0.552335953125 0.6361461609375 0.49942783593750006 0.621772171875 0.46678680000000006 0.5960479578125 0.4580285234375 0.5947922796875 0.4696855453125 0.6181868625
10 0.5295596125 0.5996168875000001 0.55036439375 0.5985265546874999 0.610386671875 0.615957065625 0.6154982515625 0.6139745 0.5990881171875 0.5994024109375 0.52501675 0.579278825 0.4695373328125 0.5821863781250001 0.461137521875 0.58777063125 0.4666075671875 0.5926279937500001 0.497814740625 0.5909924953125001 0.5295596125 0.5996168875000001
2 0.45784929218750003 0.5913723156249999 0.49942783593750006 0.621772171875 0.552335953125 0.6361461609375 0.5800756625 0.634692384375 0.6156774828125 0.617394465625 0.55036439375 0.5985265546874999 0.5295596125 0.5996168875000001 0.497814740625 0.5909924953125001 0.45784929218750003 0.5913723156249999
8 0.4744455515625 0.41046128125000003 0.506190421875 0.4190856765625 0.5490546140625 0.440844759375 0.5559895421875 0.44048131562500004 0.5605634234375 0.42823885937500006 0.5153381828125 0.3946007609375 0.452565371875 0.3910318296875 0.42389847812500003 0.40796630624999997 0.4744455515625 0.41046128125000003
7 0.464760090625 0.42468630625000003 0.45307205 0.43387224375000005 0.4941128953125 0.45401220625 0.530431646875 0.450394140625 0.5138422796875 0.43240208906250005 0.49596726406249997 0.42305080781250004 0.464760090625 0.42468630625000003