0 0.095107984375 0 0 0.447447884375 0 0.904892015625 0.447447884375 1 0.904892015625 1 1 0.552552115625 1 0.095107984375 0.552552115625 0 0.095107984375 0
0 0.3685427078125 0.646073309375 0.4002379578125 0.6945015390625 0.4307481484375 0.72273860625 0.46209211093749997 0.738464275 0.4984040078125 0.7479952671875 0.5609336375 0.728658459375 0.622278203125 0.6891304921875 0.67122028125 0.630652346875 0.7035910078125001 0.6157810296874999 0.7184948140625 0.5971970046874999 0.7409643671875 0.5258413078124999 0.7621176671875001 0.512210975 0.8121830062500001 0.41409305312500005 0.8322824375 0.302355040625 0.8299123156249999 0.261972721875 0.8177993156250001 0.2158941671875 0.797865775 0.1808419328125 0.7798545703124999 0.1625122484375 0.6824257984375001 0.105549909375 0.623038265625 0.0929267 0.5893859796875 0.09664965 0.5183950312500001 0.1214385921875 0.4620184 0.154771884375 0.3939418578125 0.2345601203125 0.373877121875 0.2774244078125 0.364292540625 0.32251631875000003 0.340927415625 0.3465524765625 0.3337476546875 0.36315297812499997 0.321213971875 0.42211932343749997 0.327814753125 0.45977557343750003 0.32191654999999997 0.48752444375000004 0.328069546875 0.5015209265625 0.3351528109375 0.4939632171875 0.3353458046875 0.475877634375 0.345185178125 0.472531075 0.34931934062500003 0.47884780156250006 0.34322814375 0.524682253125 0.34559826562499996 0.5650645734374999 0.3617489328125 0.6265026421875 0.3685427078125 0.646073309375
1 0.7689808359375 0.39403418437500004 0.7369267015625 0.510481790625 0.743079696875 0.524478275 0.7621176671875001 0.512210975 0.80352869375 0.437630771875 0.83061489375 0.32737784062499997 0.8299123156249999 0.261972721875 0.8177993156250001 0.2158941671875 0.797865775 0.1808419328125 0.7798545703124999 0.1625122484375 0.6824257984375001 0.105549909375 0.623038265625 0.0929267 0.558489803125 0.10458375 0.497979009375 0.1316003171875 0.4620184 0.154771884375 0.3939418578125 0.2345601203125 0.373877121875 0.2774244078125 0.3650298171875 0.31904770937500004 0.380381409375 0.3241234515625 0.3865344046875 0.338119934375 0.376212546875 0.3866804546875 0.3788721609375 0.399934396875 0.3844808734375 0.39931390625 0.40932055156249997 0.36834052968750003 0.43214139375 0.3296873953125 0.4639678390625 0.30019910156249996 0.49323116875000006 0.2484140734375 0.529191778125 0.22524250625 0.5628440609375 0.2215195578125 0.5865604765625 0.23018595625 0.616333390625 0.261891634375 0.6608171171875 0.29309887031250004 0.66908544375 0.3057323203125 0.69776979375 0.3082040453125 0.7137621656250001 0.318853971875 0.7417092390625 0.32479430625 0.76459188125 0.34597210624999997 0.7689808359375 0.39403418437500004
1 0.3284555328125 0.465349759375 0.32191654999999997 0.48752444375000004 0.328069546875 0.5015209265625 0.3381019125 0.480088784375 0.3284555328125 0.465349759375
9 0.3685427078125 0.646073309375 0.4182491625 0.7128312234374999 0.463470165625 0.74056985 0.5096214375 0.746754284375 0.5609336375 0.728658459375 0.622278203125 0.6891304921875 0.67122028125 0.630652346875 0.7035910078125001 0.6157810296874999 0.7184948140625 0.5971970046874999 0.7236557421875001 0.5729167453125 0.7350661640625 0.553590178125 0.7417016421875 0.5223727 0.7369267015625 0.510481790625 0.7689808359375 0.39403418437500004 0.7686295484375 0.3613316265625 0.76459188125 0.34597210624999997 0.754208225 0.3347016890625 0.7417092390625 0.32479430625 0.7137621656250001 0.318853971875 0.69776979375 0.3082040453125 0.66908544375 0.3057323203125 0.6608171171875 0.29309887031250004 0.616333390625 0.261891634375 0.5865604765625 0.23018595625 0.5593506781250001 0.22077701562500002 0.5172370734375 0.229952096875 0.49323116875000006 0.2484140734375 0.4639678390625 0.30019910156249996 0.43214139375 0.3296873953125 0.3823655453125 0.4006769390625 0.376212546875 0.3866804546875 0.384515571875 0.3304401765625 0.380381409375 0.3241234515625 0.366407871875 0.321153284375 0.355831221875 0.3279684515625 0.3337476546875 0.36315297812499997 0.321213971875 0.42211932343749997 0.327077478125 0.46324418281249996 0.34931934062500003 0.47884780156250006 0.34322814375 0.524682253125 0.34559826562499996 0.5650645734374999 0.3685427078125 0.646073309375
9 0.4534529890625 0.36684520468750004 0.503001146875 0.38281497343750004 0.5322297796875 0.3999036734375 0.5676114078125 0.43098885937500003 0.5759762312500001 0.43457951875 0.583796771875 0.4235532015625 0.5478708625 0.377851040625 0.48646449531249997 0.3575480703125 0.4534529890625 0.36684520468750004
9 0.5210123515625 0.40114465781249997 0.48957189218749997 0.39446178125000003 0.475501859375 0.40053440625 0.5095054343750001 0.42951401718750004 0.5479326609374999 0.4376819765625 0.5362674453125 0.41526319218749996 0.5210123515625 0.40114465781249997
9 0.63600454375 0.45277691249999996 0.63940143125 0.46256224531249995 0.6980516890625 0.4786540640625 0.7251649921875 0.4971057984375 0.732151759375 0.49859088125 0.726095259375 0.47555160625 0.715711603125 0.46428118749999997 0.664785390625 0.44620584531249996 0.63600454375 0.45277691249999996
9 0.536136253125 0.49317971250000003 0.505784359375 0.5157307875 0.5174495734375 0.5381495734375 0.5500750921875001 0.5650236078125 0.572413453125 0.571584434375 0.59834169375 0.569845009375 0.6061622343749999 0.558818690625 0.6091113359375 0.5449442578125 0.6043363953124999 0.53305335 0.61411396875 0.46987585468750004 0.6017114796875 0.45092567812500006 0.5737644046875 0.44498534375 0.5639250312499999 0.44833190156249997 0.536136253125 0.49317971250000003
9 0.67635410625 0.47766742031250004 0.6484070328125 0.4717270875 0.62661295625 0.47978323906250003 0.64811754375 0.4988554640625 0.684429440625 0.5083864578124999 0.6942688140625 0.5050399 0.67635410625 0.47766742031250004
9 0.4426757515625 0.5893243499999999 0.45783435 0.6124856765625 0.475845553125 0.6308153609375 0.5002027453125 0.6450559453125 0.540008028125 0.65532948125 0.563180159375 0.6493789046875 0.5914167234375001 0.6281908609375 0.5762581265625 0.6050295359375 0.557509646875 0.590168459375 0.5302998484375 0.5807595171875 0.5080579843749999 0.5651558999999999 0.45216383593750004 0.55327523125 0.43460041875 0.558605315625 0.4426757515625 0.5893243499999999
4 0.63940143125 0.46256224531249995 0.6980516890625 0.4786540640625 0.7265430453125 0.4992113734375 0.732151759375 0.49859088125 0.726095259375 0.47555160625 0.715711603125 0.46428118749999997 0.664785390625 0.44620584531249996 0.63600454375 0.45277691249999996 0.63940143125 0.46256224531249995
3 0.6484070328125 0.4717270875 0.62661295625 0.47978323906250003 0.6494955984375 0.5009610390625 0.684429440625 0.5083864578124999 0.6942688140625 0.5050399 0.67635410625 0.47766742031250004 0.6484070328125 0.4717270875
6 0.505784359375 0.5157307875 0.5174495734375 0.5381495734375 0.551453146875 0.5671291828125 0.59834169375 0.569845009375 0.6061622343749999 0.558818690625 0.6091113359375 0.5449442578125 0.6043363953124999 0.53305335 0.61411396875 0.46987585468750004 0.6017114796875 0.45092567812500006 0.5737644046875 0.44498534375 0.5639250312499999 0.44833190156249997 0.536136253125 0.49317971250000003 0.505784359375 0.5157307875
5 0.4426757515625 0.5893243499999999 0.45783435 0.6124856765625 0.5015808015625 0.647161521875 0.540008028125 0.65532948125 0.563180159375 0.6493789046875 0.5871860640625 0.6309169296875 0.547925065625 0.6352603703125 0.5199779921875 0.6293200359375 0.471263603125 0.60083886875 0.44572135 0.5664071234375 0.4373565265625 0.5628164640625 0.4426757515625 0.5893243499999999
10 0.507127715625 0.5867100921875 0.528088021875 0.5911653421875 0.5830519015625 0.6246002046875 0.588660615625 0.6239797125 0.5762581265625 0.6050295359375 0.5080579843749999 0.5651558999999999 0.45216383593750004 0.55327523125 0.4423244609375 0.5566217890625 0.446458625 0.562938515625 0.4778990828125 0.569621390625 0.507127715625 0.5867100921875
2 0.43809380156250005 0.5593478562499999 0.471263603125 0.60083886875 0.5199779921875 0.6293200359375 0.547925065625 0.6352603703125 0.587923340625 0.6274483203125001 0.528088021875 0.5911653421875 0.507127715625 0.5867100921875 0.4778990828125 0.569621390625 0.43809380156250005 0.5593478562499999
8 0.503001146875 0.38281497343750004 0.5322297796875 0.3999036734375 0.5689894625 0.43309443437499995 0.5759762312500001 0.43457951875 0.583796771875 0.4235532015625 0.5478708625 0.377851040625 0.48646449531249997 0.3575480703125 0.4534529890625 0.36684520468750004 0.503001146875 0.38281497343750004
7 0.48957189218749997 0.39446178125000003 0.475501859375 0.40053440625 0.5108834890625 0.4316195921875 0.5479326609374999 0.4376819765625 0.5362674453125 0.41526319218749996 0.5210123515625 0.40114465781249997 0.48957189218749997 0.39446178125000003