0 0.46941869062499997 0 0 0.0576373671875 0 0.530581309375 0.0576373671875 1 0.530581309375 1 1 0.9423626328125 1 0.46941869062499997 0.9423626328125 0 0.46941869062499997 0
0 0.33488117812499996 0.8376396375 0.36547481406250004 0.8506750421874999 0.391685678125 0.85753185 0.42978327656250004 0.8578916031249999 0.4996074359375 0.85099745625 0.527357453125 0.8408734515624999 0.561029396875 0.819947225 0.6132366953124999 0.758123934375 0.642846328125 0.7041128375000001 0.6668544921875 0.6339976843749999 0.678441034375 0.5217489546875 0.6810273421875 0.45426407500000004 0.671684025 0.3781688703125 0.675168565625 0.3475157265625 0.6581926265625 0.2387740296875 0.6150915968749999 0.15339028593749998 0.5904198875 0.1295526625 0.52521319375 0.0855043640625 0.43108067187500004 0.0567619921875 0.3763073296875 0.0534122140625 0.31204175156249997 0.061303034374999996 0.2700104953125 0.0731805546875 0.1749165921875 0.1251570109375 0.1420571109375 0.15270021250000002 0.115162440625 0.1845485734375 0.101779434375 0.22313382812500002 0.09910735625 0.26040394375 0.10244297656250001 0.3170866046875 0.11933314375 0.3956135390625 0.1145870265625 0.40123383749999997 0.093165165625 0.4038641125 0.082090890625 0.41697814375000003 0.0777938890625 0.44101431093750004 0.083481125 0.48733313125000005 0.100691753125 0.5389537890625 0.11822284218750001 0.5636681718750001 0.1361172765625 0.576583659375 0.16232813906250002 0.5834404671875 0.1841991140625 0.5992260625 0.213745596875 0.6627655328125 0.2544092390625 0.728298353125 0.275190178125 0.77948063125 0.2927212671875 0.8041950140624999 0.33488117812499996 0.8376396375
9 0.36547481406250004 0.8506750421874999 0.391685678125 0.85753185 0.43177154843750004 0.85932665625 0.4996074359375 0.85099745625 0.527357453125 0.8408734515624999 0.561029396875 0.819947225 0.6132366953124999 0.758123934375 0.642846328125 0.7041128375000001 0.6621512609375 0.6547253640624999 0.678441034375 0.5217489546875 0.6810273421875 0.45426407500000004 0.671684025 0.3781688703125 0.675168565625 0.3475157265625 0.664200325 0.2581865734375 0.6478021578125001 0.2131828890625 0.6342476109375 0.1913386171875 0.57301745625 0.1501604265625 0.5193770375 0.126521346875 0.478884934375 0.1214180546875 0.3602522453125 0.12926758437500002 0.34321315937499997 0.138076453125 0.3217912984375 0.1407067265625 0.277408425 0.1629480875 0.2576114921875 0.1788123109375 0.2283652046875 0.22102451250000002 0.21506796874999998 0.28982453124999996 0.1961692671875 0.342520490625 0.19001264843750001 0.4104437484375 0.1722039859375 0.427743025 0.11775110468750001 0.397486971875 0.093165165625 0.4038641125 0.082090890625 0.41697814375000003 0.0777938890625 0.44101431093750004 0.083481125 0.48733313125000005 0.100691753125 0.5389537890625 0.11822284218750001 0.5636681718750001 0.1361172765625 0.576583659375 0.16232813906250002 0.5834404671875 0.1841991140625 0.5992260625 0.213745596875 0.6627655328125 0.244831234375 0.7093241875 0.275190178125 0.77948063125 0.2927212671875 0.8041950140624999 0.33488117812499996 0.8376396375 0.36547481406250004 0.8506750421874999
9 0.3869777296875 0.3174129734375 0.3441340125 0.3226735203125 0.29342298125 0.3524086140625 0.2740751625 0.38668870625 0.366860334375 0.360183471875 0.3918525046875 0.35711482031249997 0.4434617671875 0.3642114625 0.46208289375 0.35352916093750003 0.46086419999999995 0.34360369999999996 0.442969765625 0.3306882125 0.3869777296875 0.3174129734375
9 0.525942240625 0.3423298546875 0.53669605625 0.3561220984375 0.5898444734375 0.3462379265625 0.6505826265625 0.3538928671875 0.6561412062499999 0.3548895421875 0.657317015625 0.34970762187500004 0.6397859265625 0.324993240625 0.6111805625 0.3133928890625 0.57507123125 0.3144681921875 0.5338524375 0.3329626875 0.525942240625 0.3423298546875
9 0.337656934375 0.41750305625 0.3158717296875 0.431932225 0.340906784375 0.443970953125 0.361152834375 0.44652260000000005 0.388133275 0.444889003125 0.42419971875 0.42870631875000004 0.41028182500000004 0.41866093906249996 0.3729538015625 0.4098107796875 0.337656934375 0.41750305625
9 0.55747699375 0.407304378125 0.53609801875 0.4250420328125 0.54960968125 0.43177892343749996 0.5734260421874999 0.4338921921875 0.607547103125 0.4313818359375 0.629332309375 0.4169526671875 0.5927738625 0.3996121015625 0.55747699375 0.407304378125
9 0.4245428015625 0.549565371875 0.42973803593750004 0.562360940625 0.44324969843749995 0.5690978343750001 0.5035816203125 0.5734442859375 0.548007378125 0.56631030625 0.5733628937499999 0.551442759375 0.5693005828125 0.5183578875 0.548605415625 0.4973903703125 0.5257933218749999 0.42966565624999997 0.511469196875 0.416311790625 0.4963754953125 0.4114483328125 0.4749536359375 0.41407860625000004 0.4500043515625 0.43225464062499996 0.444253965625 0.5034863875 0.4292460328125 0.528837690625 0.4245428015625 0.549565371875
9 0.46922587031249996 0.63307568125 0.39275309375 0.6743698359375 0.45398325 0.7155480265625 0.50758078125 0.724079725 0.55517061875 0.7131988781249999 0.5892059078125 0.6804737578125 0.5982919140625 0.6659246734375001 0.571225703125 0.6373435078125 0.544608609375 0.6271782124999999 0.5128820515625 0.6344321093749999 0.49421803906250006 0.6300070296875 0.46922587031249996 0.63307568125
4 0.53669605625 0.3561220984375 0.5898444734375 0.3462379265625 0.652570896875 0.355327921875 0.657317015625 0.34970762187500004 0.6397859265625 0.324993240625 0.6111805625 0.3133928890625 0.57507123125 0.3144681921875 0.5338524375 0.3329626875 0.525942240625 0.3423298546875 0.53669605625 0.3561220984375
1 0.100818053125 0.30385265625 0.11973937500000001 0.39892202499999996 0.1722039859375 0.427743025 0.19001264843750001 0.4104437484375 0.1961692671875 0.342520490625 0.21506796874999998 0.28982453124999996 0.2283652046875 0.22102451250000002 0.2576114921875 0.1788123109375 0.2841428140625 0.15876284375 0.3602522453125 0.12926758437500002 0.478884934375 0.1214180546875 0.5193770375 0.126521346875 0.5499706718749999 0.13955675 0.6282828 0.1870334546875 0.61947436875 0.15956888281249998 0.5904198875 0.1295526625 0.52521319375 0.0855043640625 0.43108067187500004 0.0567619921875 0.3763073296875 0.0534122140625 0.31204175156249997 0.061303034374999996 0.2700104953125 0.0731805546875 0.1951197578125 0.1126012765625 0.1420571109375 0.15270021250000002 0.115162440625 0.1845485734375 0.0998340484375 0.2368061546875 0.100818053125 0.30385265625
3 0.55747699375 0.407304378125 0.53609801875 0.4250420328125 0.5754143140625 0.435327246875 0.607547103125 0.4313818359375 0.629332309375 0.4169526671875 0.5927738625 0.3996121015625 0.55747699375 0.407304378125
5 0.3963234046875 0.6739314578125 0.45398325 0.7155480265625 0.509569053125 0.725514778125 0.5619050078125001 0.7090136328125001 0.5982919140625 0.6659246734375001 0.5034755859375 0.675887471875 0.3963234046875 0.6739314578125
10 0.3994874828125 0.6701845921875 0.5451006109375001 0.6607014625 0.5855927140625 0.66580475625 0.5927333328125 0.6649279984375001 0.5939091421875 0.659746078125 0.58116705625 0.6445187781249999 0.544608609375 0.6271782124999999 0.5128820515625 0.6344321093749999 0.49421803906250006 0.6300070296875 0.46922587031249996 0.63307568125 0.44585862656249997 0.649378284375 0.3994874828125 0.6701845921875
6 0.42973803593750004 0.562360940625 0.44324969843749995 0.5690978343750001 0.505569890625 0.574879340625 0.548007378125 0.56631030625 0.5733628937499999 0.551442759375 0.5693005828125 0.5183578875 0.548605415625 0.4973903703125 0.5257933218749999 0.42966565624999997 0.511469196875 0.416311790625 0.4963754953125 0.4114483328125 0.4749536359375 0.41407860625000004 0.4500043515625 0.43225464062499996 0.444253965625 0.5034863875 0.4292460328125 0.528837690625 0.4245428015625 0.549565371875 0.42973803593750004 0.562360940625
2 0.5089912812499999 0.661776765625 0.4034640234375 0.6730547 0.5034755859375 0.675887471875 0.58360444375 0.6643697015625001 0.5089912812499999 0.661776765625
8 0.29342298125 0.3524086140625 0.28234870624999997 0.365522646875 0.2792275109375 0.38437689375 0.366860334375 0.360183471875 0.3918525046875 0.35711482031249997 0.4434617671875 0.3642114625 0.4573367765625 0.3591494609375 0.46086419999999995 0.34360369999999996 0.442969765625 0.3306882125 0.4203292140625 0.323393025 0.3869777296875 0.3174129734375 0.3441340125 0.3226735203125 0.29342298125 0.3524086140625
7 0.3158717296875 0.431932225 0.3333599328125 0.441539225 0.3631411046875 0.44795765468750004 0.388133275 0.444889003125 0.42419971875 0.42870631875000004 0.41028182500000004 0.41866093906249996 0.3729538015625 0.4098107796875 0.337656934375 0.41750305625 0.3158717296875 0.431932225