0 0.0171556125 0 0 0.49127245156250005 0 0.9828443874999999 0.49127245156250005 1 0.9828443874999999 1 1 0.5087275484375 1 0.0171556125 0.5087275484375 0 0.0171556125 0
0 0.37815169531250004 0 0.33230390781249997 0.0185252421875 0.272049496875 0.0674390328125 0.2498674546875 0.0929962484375 0.21487237656249997 0.1806441203125 0.2075400046875 0.2890068671875 0.2135946734375 0.31884161093749996 0.21095425156249997 0.394453415625 0.21929005 0.46057408437499997 0.24030919218750002 0.5699268875 0.269908625 0.6367900984375 0.303626 0.6873397156250001 0.36020677968750003 0.7436249593750001 0.39507216562499997 0.7612998796875 0.42319407656249997 0.7688648765625 0.49235829062500003 0.7696344046875 0.5297418515625 0.7660026484375 0.554893828125 0.7570065390625 0.5838193453125 0.741559246875 0.6223509171875 0.70505279375 0.6374450828125 0.6792480624999999 0.6534576546875 0.6271435734375 0.6877639265625 0.559220521875 0.7113235812500001 0.4942136671875 0.73144665 0.47681324687500004 0.7565986265625 0.4678171375 0.7730629578125 0.4535804296875 0.7881571218750001 0.42777570000000004 0.8006257546875 0.3755474546875 0.8022329687499999 0.329522875 0.795948696875 0.306263071875 0.7839467140624999 0.294323778125 0.762683078125 0.29358123593749996 0.757539371875 0.2884643953125 0.7673824734375 0.20981263437500003 0.7657901515625001 0.153801890625 0.7599650828125 0.1173922078125 0.7435082000000001 0.080611253125 0.714360525 0.0516158265625 0.679724740625 0.0273659671875 0.626721203125 0.0041204296875 0.5087275234375 0 0.37815169531250004 0
9 0.6877639265625 0.559220521875 0.7113235812500001 0.4942136671875 0.73144665 0.47681324687500004 0.7565986265625 0.4678171375 0.7730629578125 0.4535804296875 0.7881571218750001 0.42777570000000004 0.8006257546875 0.3755474546875 0.8022329687499999 0.329522875 0.795948696875 0.306263071875 0.7839467140624999 0.294323778125 0.7592539421875 0.29017000937500004 0.7083759828125 0.324599578125 0.6894009234375 0.3091253015625 0.677521184375 0.242880875 0.6544356265625 0.192702528125 0.6354680109374999 0.1262105890625 0.6031208015625 0.0872289953125 0.5823163703125 0.073336571875 0.5368191671875 0.05529038125 0.5155555328125 0.054547839062500006 0.49806543750000004 0.0473541140625 0.3808858453125 0.04984506875 0.3415581125 0.058346151562500004 0.2909097578125 0.08620078125 0.2343140875 0.1319508578125 0.22287866250000002 0.1545918765625 0.21063963125 0.20024518125 0.2075400046875 0.2890068671875 0.2135946734375 0.31884161093749996 0.21095425156249997 0.394453415625 0.21929005 0.46057408437499997 0.24670826406250002 0.5898992203125 0.269908625 0.6367900984375 0.303626 0.6873397156250001 0.36020677968750003 0.7436249593750001 0.39507216562499997 0.7612998796875 0.42319407656249997 0.7688648765625 0.49052891875000004 0.7712162609375001 0.5297418515625 0.7660026484375 0.554893828125 0.7570065390625 0.5838193453125 0.741559246875 0.6223509171875 0.70505279375 0.6374450828125 0.6792480624999999 0.6612343375 0.60766626875 0.6877639265625 0.559220521875
9 0.4866002328125 0.274065775 0.51140780625 0.274932075 0.6048055890625 0.2930052515625 0.5828605921875 0.2609698671875 0.5305051125 0.236101221875 0.48797784375 0.2346161375 0.4341299515625 0.2524846 0.417665621875 0.26672130625 0.41732121875 0.276583715625 0.43652588124999997 0.2854830546875 0.4866002328125 0.274065775
9 0.2252597 0.28962565156250003 0.22685946875 0.2946187359375 0.23223277812499998 0.2931606375 0.291224378125 0.2804090140625 0.3442686640625 0.2855528390625 0.353645115625 0.27106861875 0.3450722703125 0.2625405515625 0.3030042046875 0.24790558749999997 0.2674500125 0.2499554859375 0.24035386406249998 0.263820921875 0.2252597 0.28962565156250003
9 0.5244281078124999 0.3593194609375 0.5440919734375 0.35506892031250004 0.5676441828125001 0.34107972656249996 0.54501038125 0.32876916093749997 0.5096857921875 0.32424412187499996 0.47378719687500004 0.33615642968750004 0.46098160625 0.347229425 0.4977911640625 0.36003501875 0.5244281078124999 0.3593194609375
9 0.3380843015625 0.3610408890625 0.350775090625 0.3532553640625 0.3282560921875 0.3376573296875 0.2929315015625 0.33313228906250003 0.2585178734375 0.35332515 0.281151675 0.36563571562499997 0.3148764953125 0.3651676734375 0.3380843015625 0.3610408890625
9 0.38861785625 0.3364737296875 0.37421249843750004 0.342553640625 0.36129210624999997 0.3569141046875 0.3447055296875 0.42545594375 0.3261822265625 0.447849446875 0.3250342171875 0.4807241453125 0.35121195781250003 0.4931584671875 0.3954537953125 0.49634916562500003 0.45433059531250003 0.48688501406249995 0.467021384375 0.4790994890625 0.47102452812499995 0.46607336562499996 0.46462545468750005 0.4461010328125 0.447709365625 0.422469959375 0.43594443125 0.3529380640625 0.409881490625 0.337216271875 0.38861785625 0.3364737296875
9 0.3103843671875 0.59541431875 0.32055697968749997 0.60893546875 0.3567925328125 0.6381784109375 0.40446350937500003 0.6447803359375001 0.4563672296875 0.6317812 0.5129629 0.586031121875 0.4343148796875 0.552015625 0.40950730625 0.551149325 0.391558009375 0.557105478125 0.3597773578125 0.5527041953125 0.3345105796875 0.564987775 0.3103843671875 0.59541431875
4 0.24035386406249998 0.263820921875 0.2252597 0.28962565156250003 0.2304034078125 0.29474249218750004 0.291224378125 0.2804090140625 0.3442686640625 0.2855528390625 0.353645115625 0.27106861875 0.3450722703125 0.2625405515625 0.3030042046875 0.24790558749999997 0.2674500125 0.2499554859375 0.24035386406249998 0.263820921875
1 0.37815169531250004 0 0.33230390781249997 0.0185252421875 0.272049496875 0.0674390328125 0.24609391406249997 0.09944743125 0.239802196875 0.1272052890625 0.3126325953125 0.07379344374999999 0.3415581125 0.058346151562500004 0.3808858453125 0.04984506875 0.49806543750000004 0.0473541140625 0.5753432921875 0.0698015890625 0.6031208015625 0.0872289953125 0.6354680109374999 0.1262105890625 0.6544356265625 0.192702528125 0.677521184375 0.242880875 0.6894009234375 0.3091253015625 0.7083759828125 0.324599578125 0.757424571875 0.291751865625 0.767841678125 0.1966627546875 0.76304981875 0.13066584375 0.7435082000000001 0.080611253125 0.714360525 0.0516158265625 0.658805509375 0.0167610140625 0.6288869421875 0.004196059375 0.5087275171875 0 0.37815169531250004 0
3 0.350775090625 0.3532553640625 0.3282560921875 0.3376573296875 0.2929315015625 0.33313228906250003 0.2585178734375 0.35332515 0.281151675 0.36563571562499997 0.3130471265625 0.366749528125 0.350775090625 0.3532553640625
5 0.4563672296875 0.6317812 0.5094189609375 0.585907365625 0.404356153125 0.5970501453125 0.3103843671875 0.59541431875 0.34981945625 0.6346434265625 0.4026341390625 0.64636219375 0.4563672296875 0.6317812
10 0.3597773578125 0.5527041953125 0.3253637296875 0.5728970578125 0.31415790781249997 0.5889631359374999 0.315757675 0.59395621875 0.32284555312499996 0.5942037328125 0.3621732875 0.5857026515625 0.5059898234375 0.5824961390625 0.45866325 0.5660318046875 0.4343148796875 0.552015625 0.40950730625 0.551149325 0.391558009375 0.557105478125 0.3597773578125 0.5527041953125
6 0.409881490625 0.337216271875 0.38861785625 0.3364737296875 0.37421249843750004 0.342553640625 0.36129210624999997 0.3569141046875 0.3447055296875 0.42545594375 0.3261822265625 0.447849446875 0.3250342171875 0.4807241453125 0.35121195781250003 0.4931584671875 0.3936244265625 0.4979310234375 0.45433059531250003 0.48688501406249995 0.467021384375 0.4790994890625 0.47102452812499995 0.46607336562499996 0.46462545468750005 0.4461010328125 0.447709365625 0.422469959375 0.43594443125 0.3529380640625 0.409881490625 0.337216271875
2 0.32467492343750004 0.5926218765625 0.404356153125 0.5970501453125 0.5023310828125 0.5856598515625 0.3977274796875 0.583652753125 0.32467492343750004 0.5926218765625
8 0.417665621875 0.26672130625 0.422464925 0.28170055625 0.43652588124999997 0.2854830546875 0.4866002328125 0.274065775 0.51140780625 0.274932075 0.5995470796875 0.2911758796875 0.5948625765625 0.2729091609375 0.5828605921875 0.2609698671875 0.5305051125 0.236101221875 0.48797784375 0.2346161375 0.45573798906249996 0.24336473125000002 0.4341299515625 0.2524846 0.417665621875 0.26672130625
7 0.4977911640625 0.36003501875 0.5225987375 0.36090131875 0.551294653125 0.3520289640625 0.5676441828125001 0.34107972656249996 0.54501038125 0.32876916093749997 0.5096857921875 0.32424412187499996 0.47378719687500004 0.33615642968750004 0.46098160625 0.347229425 0.4977911640625 0.36003501875