0 0.0171556125 0 0 0.49127245156250005 0 0.9828443874999999 0.49127245156250005 1 0.9828443874999999 1 1 0.5087275484375 1 0.0171556125 0.5087275484375 0 0.0171556125 0
0 0.38009779374999997 0.6911566390624999 0.42898897968750005 0.7237816687499999 0.4834342140625 0.748168546875 0.5082719359375 0.75325195 0.5358376671875 0.755619915625 0.591655353125 0.74070490625 0.6232150640625 0.7418069953125 0.652831025 0.723166303125 0.670563078125 0.7055159625 0.7037893375000001 0.6588943328125 0.724846040625 0.5837407234375 0.7350076078125001 0.4435605234375 0.74748815625 0.387782334375 0.731030521875 0.368938065625 0.6923651421875 0.3451022328125 0.6585675875 0.3326791921875 0.6193140125000001 0.3256870265625 0.5035950734375 0.32164603125 0.40579580625 0.3322843109375 0.371213990625 0.342319490625 0.3523139984375 0.35571299375 0.33127419062499996 0.35497826718750003 0.2942500171875 0.39725121875 0.29103184843749996 0.41400304375 0.29833358125 0.43112223125 0.2784617140625 0.4346443421875 0.27154366093750004 0.4442402125 0.274744934375 0.5033767234375001 0.2869144921875 0.5319087031249999 0.291390184375 0.5545506062500001 0.303559740625 0.5830825859375001 0.3098896 0.5903303828124999 0.32031147187500003 0.5935050234375 0.33160718437500003 0.6093583328125 0.355946296875 0.6664222921875 0.38009779374999997 0.6911566390624999
9 0.42898897968750005 0.7237816687499999 0.4834342140625 0.748168546875 0.509537909375 0.7547015078125 0.5358376671875 0.755619915625 0.5784074421875001 0.74305298125 0.6152271046875 0.7443387515625 0.6285730468749999 0.7391834015625001 0.670563078125 0.7055159625 0.7037893375000001 0.6588943328125 0.724846040625 0.5837407234375 0.7350076078125001 0.4435605234375 0.74748815625 0.387782334375 0.731030521875 0.368938065625 0.6923651421875 0.3451022328125 0.6585675875 0.3326791921875 0.6193140125000001 0.3256870265625 0.5035950734375 0.32164603125 0.40579580625 0.3322843109375 0.36049802343750004 0.3475666828125 0.35094999375 0.3570707109375 0.34743772812499996 0.38224437031249997 0.33340555781250003 0.4070506640625 0.3076855453125 0.42723275781250003 0.28898161718750004 0.4350117046875 0.2784617140625 0.4346443421875 0.27154366093750004 0.4442402125 0.274744934375 0.5033767234375001 0.2869144921875 0.5319087031249999 0.291390184375 0.5545506062500001 0.303559740625 0.5830825859375001 0.32664132968750004 0.60075281875 0.355946296875 0.6664222921875 0.38009779374999997 0.6911566390624999 0.42898897968750005 0.7237816687499999
9 0.6045956171875 0.3701442640625 0.589591571875 0.385079165625 0.5866675 0.39340915781249997 0.5917313875 0.3992073953125 0.5956273328125 0.40074879374999994 0.6277752390625 0.38500721875 0.6753108671875 0.381045796875 0.6936226671875 0.3844959609375 0.695084703125 0.380330965625 0.6863209328125001 0.367376771875 0.6655752234375 0.35822021406250004 0.6340155125 0.357118125 0.6045956171875 0.3701442640625
9 0.48614867031250003 0.3688187046875 0.43890713750000004 0.3643582953125 0.4069552984375 0.374485315625 0.3862991734375 0.40046564531250006 0.40100911874999995 0.3939525765625 0.45380470156249997 0.3901748375 0.48789635625 0.3941760453125 0.5086420656249999 0.4033326046875 0.5207220375 0.39672769375 0.5209181015625 0.3911131375 0.50689438125 0.377975265625 0.48614867031250003 0.3688187046875
9 0.6751063546875 0.424604521875 0.6504646968750001 0.41390656249999996 0.629424890625 0.4131718359375 0.6039009421875 0.427739375 0.628836696875 0.4300155015625 0.6751063546875 0.424604521875
9 0.49809681875 0.5167977453125 0.49205260937500006 0.539072284375 0.50607633125 0.5522101578124999 0.5623757312500001 0.561202928125 0.59023555625 0.5551490625 0.617025478125 0.5420310828125 0.6211174890625 0.537957928125 0.62160765 0.523921540625 0.6168378609375 0.5097014703125 0.6015481671875 0.49511403749999994 0.5825670390625 0.43542648125000005 0.5659133421875 0.42219676718750004 0.544971565625 0.4186547625 0.53698360625 0.42118651875 0.5192515531249999 0.43883685781250004 0.5093029484375 0.4975141640625 0.49809681875 0.5167977453125
9 0.47113617812499997 0.42169777656249996 0.450194403125 0.4181557734375 0.4395764671875 0.4205956875 0.4138564546875 0.44077778125 0.49285376249999996 0.440725728125 0.47113617812499997 0.42169777656249996
9 0.449269871875 0.6331421109375001 0.45852380468750004 0.6320599140625001 0.5217243609375 0.7073451515625 0.5620478421875 0.7214014343749999 0.573833715625 0.7232183562500001 0.6182576578125001 0.6952573140625 0.6384320703124999 0.6453692015625 0.6551922484375 0.6178474703125 0.63863658125 0.6018104796875 0.6153589296875001 0.5897548031250001 0.578539265625 0.58846903125 0.570453275 0.5938080640625001 0.554771453125 0.590449740625 0.5014857078125 0.60826386875 0.4909658046875 0.60789650625 0.449269871875 0.6331421109375001
4 0.589591571875 0.385079165625 0.5866675 0.39340915781249997 0.5929973578125 0.40065695312500005 0.6277752390625 0.38500721875 0.6753108671875 0.381045796875 0.6936226671875 0.3844959609375 0.695084703125 0.380330965625 0.6863209328125001 0.367376771875 0.6655752234375 0.35822021406250004 0.6340155125 0.357118125 0.6045956171875 0.3701442640625 0.589591571875 0.385079165625
3 0.629424890625 0.4131718359375 0.6079929546875 0.4236662203125 0.605166915625 0.42918893437500005 0.6751063546875 0.424604521875 0.6635165453125 0.41717304374999997 0.629424890625 0.4131718359375
2 0.5099469328125 0.6675840625 0.52806266875 0.67664878125 0.5594263140625 0.6833654250000001 0.5831941281249999 0.6813847140625 0.6180700406249999 0.6629277015625 0.6330740859375 0.6479927984375 0.6472042874999999 0.6203792265625 0.6250945734375 0.6125803859375 0.583014959375 0.6111109328125 0.485117659375 0.6245564906250001 0.46767970312499996 0.633784996875 0.5099469328125 0.6675840625
5 0.45978977656250003 0.633509475 0.5217243609375 0.7073451515625 0.5633138125 0.7228509937500001 0.5791917 0.7205947609375001 0.6182576578125001 0.6952573140625 0.6496381999999999 0.6260856234375 0.6485682921875 0.619021509375 0.6330740859375 0.6479927984375 0.6180700406249999 0.6629277015625 0.5831941281249999 0.6813847140625 0.5673162421875 0.683640946875 0.52806266875 0.67664878125 0.49709115156249994 0.6587030265625 0.47157565 0.635326396875 0.45978977656250003 0.633509475
10 0.4909658046875 0.60789650625 0.45336188593750004 0.62906895625 0.45053584375 0.6345916703125 0.4690437078125 0.632427278125 0.485117659375 0.6245564906250001 0.5592471453125001 0.61309164375 0.6250945734375 0.6125803859375 0.6485682921875 0.619021509375 0.650030328125 0.6148565125000001 0.6309427203125 0.5959204015624999 0.6153589296875001 0.5897548031250001 0.578539265625 0.58846903125 0.570453275 0.5938080640625001 0.554771453125 0.590449740625 0.5014857078125 0.60826386875 0.4909658046875 0.60789650625
6 0.49205260937500006 0.539072284375 0.50607633125 0.5522101578124999 0.5636417015624999 0.5626524875000001 0.617025478125 0.5420310828125 0.6211174890625 0.537957928125 0.62160765 0.523921540625 0.6168378609375 0.5097014703125 0.6015481671875 0.49511403749999994 0.5825670390625 0.43542648125000005 0.5659133421875 0.42219676718750004 0.544971565625 0.4186547625 0.53698360625 0.42118651875 0.5192515531249999 0.43883685781250004 0.5093029484375 0.4975141640625 0.49809681875 0.5167977453125 0.49205260937500006 0.539072284375
8 0.43890713750000004 0.3643582953125 0.4069552984375 0.374485315625 0.3902931515625 0.39919976875 0.40100911874999995 0.3939525765625 0.45380470156249997 0.3901748375 0.48789635625 0.3941760453125 0.5086420656249999 0.4033326046875 0.5193580343749999 0.3980854109375 0.5209181015625 0.3911131375 0.50689438125 0.377975265625 0.48614867031250003 0.3688187046875 0.43890713750000004 0.3643582953125
7 0.450194403125 0.4181557734375 0.4234044828125 0.431273753125 0.41512242656250004 0.442227340625 0.49285376249999996 0.440725728125 0.47113617812499997 0.42169777656249996 0.450194403125 0.4181557734375
1 0.2970760578125 0.3917285046875 0.29103184843749996 0.41400304375 0.299697584375 0.4297645140625 0.3265855375 0.41383925625 0.341687615625 0.3960970765625 0.35045983281250004 0.3711070984375 0.3497820546875 0.352813875 0.33127419062499996 0.35497826718750003 0.2970760578125 0.3917285046875