0 0.48690704218749997 0 0 0.0255177171875 0 0.5130929578125001 0.0255177171875 1 0.5130929578125001 1 1 0.9744822828125 1 0.48690704218749997 0.9744822828125 0 0.48690704218749997 0
0 0.4798899234375 0.8644551796875 0.5087184046875 0.8677896921875 0.54038598125 0.8677451828124999 0.602539353125 0.8451064609375001 0.638634396875 0.8432147999999999 0.6705397390625001 0.8189310781250001 0.688993853125 0.796967421875 0.7222188625 0.7403122062499999 0.7387160109375001 0.6522313265624999 0.7362905671875 0.49084676875 0.7449457359375 0.42578850468749996 0.7242968875 0.4058741484375 0.6778274765625001 0.38246763906250003 0.6380492109375 0.3716313953125 0.59259275625 0.3675532015625 0.4602442640625 0.3744892921875 0.3497953421875 0.3964288421875 0.31136768125000003 0.4113636828125 0.29115636718750004 0.42857407968750005 0.2670930046875 0.4298351875 0.22910287812500002 0.48189478281250003 0.2271079125 0.501380734375 0.2371446265625 0.5202361328125 0.2148384625 0.5262504984375 0.20790955156250002 0.5379194453125 0.21747073125 0.6052532671875 0.234198590625 0.6366789296875 0.241565034375 0.6621347375 0.25829289375000003 0.6935604015625 0.26623475937499996 0.7012197703124999 0.278435265625 0.7038106015625 0.2928994484375 0.7208188484375 0.32635516249999996 0.7836701765625 0.3563654234375 0.8095543890625001 0.41537299218749996 0.8419945 0.4798899234375 0.8644551796875
9 0.5103067765625 0.8693215656250001 0.54038598125 0.8677451828124999 0.5876685765625 0.8491160390625 0.6297794609375 0.8469091015625001 0.6444814109375 0.8396781375 0.688993853125 0.796967421875 0.7222188625 0.7403122062499999 0.7387160109375001 0.6522313265624999 0.7362905671875 0.49084676875 0.7449457359375 0.42578850468749996 0.7242968875 0.4058741484375 0.6778274765625001 0.38246763906250003 0.6380492109375 0.3716313953125 0.59259275625 0.3675532015625 0.4602442640625 0.3744892921875 0.3497953421875 0.3964288421875 0.29967365 0.41843700781250004 0.28973681875 0.4302635921875 0.28824832968749997 0.4594137015625 0.274728159375 0.4891943625 0.247419109375 0.5148523203125001 0.22687014374999998 0.5256199453125 0.2148384625 0.5262504984375 0.20790955156250002 0.5379194453125 0.21747073125 0.6052532671875 0.234198590625 0.6366789296875 0.241565034375 0.6621347375 0.25829289375000003 0.6935604015625 0.2863771296875 0.71146996875 0.32635516249999996 0.7836701765625 0.3563654234375 0.8095543890625001 0.41537299218749996 0.8419945 0.4798899234375 0.8644551796875 0.5103067765625 0.8693215656250001
9 0.5621379015625 0.448289990625 0.56849139375 0.45441748437499996 0.5730876859375 0.45579171875 0.608169775 0.43457174531250004 0.6619746890625 0.42529148125000005 0.6831989562499999 0.4274093984375 0.6844496796875 0.4224985 0.6731622421875 0.4085540015625 0.648592403125 0.40015095 0.612497359375 0.40204261093750004 0.580254365625 0.41988356250000003 0.5646393437499999 0.4384681953125 0.5621379015625 0.448289990625
9 0.3553356453125 0.44459198593749993 0.3343800875 0.47637743906249996 0.35050158593749997 0.4674569625 0.41032234062499995 0.4578614234375 0.4495941296875 0.45903350937500004 0.47416396718750004 0.467436559375 0.48727754531249995 0.458673721875 0.48693989374999996 0.45223095 0.469636615625 0.4386017265625 0.445066778125 0.4301986765625 0.39075538593750003 0.42981478281249996 0.3553356453125 0.44459198593749993
9 0.612865953125 0.46662796249999994 0.5852192515625 0.4858431484375 0.61387890625 0.4859562765625 0.6660954484375 0.47514413906249997 0.636929315625 0.4653668546875 0.612865953125 0.46662796249999994
9 0.4861196484375 0.63801235625 0.5512119984375 0.6426765953125 0.5823730984375 0.6329679265625 0.6116081734375001 0.615284615625 0.6158668140625 0.6102160796875 0.6150226859375 0.5941091515625 0.6081627171874999 0.5783175 0.5892710671875 0.563156403125 0.5616623656249999 0.4967684125 0.54135116875 0.48329682656250006 0.5171189796875 0.48133654843749996 0.5082640453125 0.4850308484375 0.48980992968750003 0.5069945046875 0.484331509375 0.57511651875 0.47348160625 0.5982967718750001 0.4688163703125 0.6243831328125 0.4861196484375 0.63801235625
9 0.3971398203125 0.4940848578125 0.3698307703125 0.5197428140625 0.45989955312499997 0.511792275 0.4332348625 0.492193196875 0.4090026765625 0.49023291718750006 0.3971398203125 0.4940848578125
9 0.5194684234375 0.8139274578125001 0.566850903125 0.825980296875 0.5804709578125 0.8268816156250001 0.628328971875 0.790456034375 0.646345553125 0.7313676250000001 0.6627048171875 0.6982079375 0.64222479375 0.6815149671875 0.614478209375 0.6700481703125 0.572367325 0.6722551078125 0.5636812156250001 0.67917079375 0.5454648671875 0.6768952390625 0.48648824062499996 0.7025977078125 0.4744565609375 0.7032282609375 0.42943764062499995 0.73627481875 0.4398809484375 0.7341123921875 0.5194684234375 0.8139274578125001
4 0.570079765625 0.4559493578125 0.608169775 0.43457174531250004 0.6619746890625 0.42529148125000005 0.6831989562499999 0.4274093984375 0.6844496796875 0.4224985 0.6731622421875 0.4085540015625 0.648592403125 0.40015095 0.612497359375 0.40204261093750004 0.580254365625 0.41988356250000003 0.5646393437499999 0.4384681953125 0.5621379015625 0.448289990625 0.570079765625 0.4559493578125
3 0.5868076234374999 0.487375021875 0.6660954484375 0.47514413906249997 0.6521377421875 0.46780004843749995 0.612865953125 0.46662796249999994 0.5894778921875 0.48077461093749996 0.5868076234374999 0.487375021875
2 0.5600598765625 0.7827280484375 0.5869623328125 0.7780879171875 0.624883515625 0.75348891875 0.6404985375 0.7349042875 0.65384988125 0.7019022374999999 0.6278604953125 0.6951887015625 0.5797337703125 0.697710915625 0.4694536734375 0.7228718515625 0.45049308281249995 0.73517135 0.5020652625 0.7696162515625 0.52362718125 0.7781769390625 0.5600598765625 0.7827280484375
5 0.568439275 0.8275121703125 0.5863179703125 0.8233449546875 0.628328971875 0.790456034375 0.657195453125 0.708187371875 0.655269428125 0.7002127265625 0.6404985375 0.7349042875 0.624883515625 0.75348891875 0.5869623328125 0.7780879171875 0.5690836359375 0.7822551328125 0.52362718125 0.7781769390625 0.4865191828125 0.7607402859375 0.455089375 0.7365455859375001 0.4414693203125 0.735644265625 0.5194684234375 0.8139274578125001 0.568439275 0.8275121703125
10 0.4310260125 0.7378066921875 0.4519126296875 0.7334818375000001 0.4694536734375 0.7228718515625 0.5528313140625001 0.7023510468749999 0.6278604953125 0.6951887015625 0.655269428125 0.7002127265625 0.6565201515625 0.6953018281250001 0.6328633828125 0.6755451109374999 0.614478209375 0.6700481703125 0.572367325 0.6722551078125 0.5636812156250001 0.67917079375 0.5454648671875 0.6768952390625 0.48648824062499996 0.7025977078125 0.4744565609375 0.7032282609375 0.43369628125000004 0.7312062828125 0.4310260125 0.7378066921875
6 0.552800371875 0.64420846875 0.6116081734375001 0.615284615625 0.6158668140625 0.6102160796875 0.6150226859375 0.5941091515625 0.6081627171874999 0.5783175 0.5892710671875 0.563156403125 0.5616623656249999 0.4967684125 0.54135116875 0.48329682656250006 0.5171189796875 0.48133654843749996 0.5082640453125 0.4850308484375 0.48980992968750003 0.5069945046875 0.484331509375 0.57511651875 0.47348160625 0.5982967718750001 0.4688163703125 0.6243831328125 0.4861196484375 0.63801235625 0.552800371875 0.64420846875
8 0.3388075546875 0.47453028750000004 0.35050158593749997 0.4674569625 0.41032234062499995 0.4578614234375 0.4495941296875 0.45903350937500004 0.47416396718750004 0.467436559375 0.4858579984375 0.4603632328125 0.48693989374999996 0.45223095 0.469636615625 0.4386017265625 0.445066778125 0.4301986765625 0.39075538593750003 0.42981478281249996 0.3553356453125 0.44459198593749993 0.3388075546875 0.47453028750000004
7 0.37141914374999996 0.5212746875 0.45989955312499997 0.511792275 0.4332348625 0.492193196875 0.4090026765625 0.49023291718750006 0.3797676015625 0.5079162296875 0.37141914374999996 0.5212746875
1 0.238564175 0.5185466203125 0.26763042187499997 0.4976419234375 0.2830766171875 0.47583590625000005 0.29058094687499997 0.44637051874999994 0.2879796203125 0.4255103328125 0.2670930046875 0.4298351875 0.231773146875 0.475294371875 0.2271079125 0.501380734375 0.238564175 0.5185466203125