0 0.6770318718749999 0 0.68884316875 0.0200583859375 0.8077172234375001 0.3064746015625 0.9171175781249999 0.6364774203125 0.9732951156249999 0.75301518125 0.9805866359375001 0.7958571234375 0.8176374453124999 0.7677773453125 0.793648434375 0.7531462062500001 0.744125325 0.74488143125 0.7345161734375 0.7335357453125 0.6868767828125 0.8416041859375 0.6645683078125 0.860907828125 0.573586153125 0.8767214687499999 0.456094178125 0.8270017984375 0.344850275 0.720758246875 0.3490516203125 0.8055952015625 0.3403504671875 0.8386830515625 0.31159074375 0.8321121421875001 0.2621353609375 0.8513135093749999 0.156637890625 0.8089094093750001 0.1190415609375 0.7804940593749999 0.0709280859375 0.6962994921875 0.054799959375 0.631613109375 0.0642736578125 0.5880265062500001 0.035513932812499996 0.5814555968749999 0.021066345312500002 0.5507039953125 0.04330709375 0.503934209375 0.0286563265625 0.390784178125 0.0572128734375 0.31495665625 0.0586902328125 0.26649300625 0.0809309796875 0.2197232203125 0.0744797296875 0.1938486671875 0.093427125 0.1066754609375 0.09207061250000001 0.0864014046875 0 0.10935718593749999 0 0.5613922812500001 0.10935718593749999 1 0.5613922812500001 1 1 0.8906428140625 1 0.43860771875 0.8906428140625 0 0.6770318718749999 0
1 0.43860772031249995 0 0.09207061250000001 0.0864014046875 0.093427125 0.1066754609375 0.0744797296875 0.1938486671875 0.0809309796875 0.2197232203125 0.0586902328125 0.26649300625 0.0572128734375 0.31495665625 0.0286563265625 0.390784178125 0.0448521796875 0.48293670312500003 0.021066345312500002 0.5507039953125 0.035513932812499996 0.5814555968749999 0.0642736578125 0.5880265062500001 0.054799959375 0.631613109375 0.0709280859375 0.6962994921875 0.128650709375 0.7918397453125 0.2621353609375 0.8513135093749999 0.31159074375 0.8321121421875001 0.3403504671875 0.8386830515625 0.3490516203125 0.8055952015625 0.34407773124999996 0.7312569984375 0.32156608124999997 0.6681622078125 0.30073496875 0.6390022 0.26159355156249997 0.6315843578125 0.239989896875 0.612923103125 0.2702269796875 0.5710303624999999 0.26686590312499997 0.5031607984375001 0.2931725453125 0.48629567968750004 0.326567528125 0.42987407187500004 0.3760906375 0.438138846875 0.3904027734375 0.4139581578125 0.470162965625 0.38033019375 0.479704390625 0.36420973437500004 0.5180055375 0.3546601859375 0.5633273 0.2780880046875 0.5656449296875 0.2465917453125 0.5777071609375 0.2813734609375 0.6000833609375 0.2895359625 0.6081474234375001 0.321879153125 0.6281382671875 0.3340717703125 0.6824320875 0.33427631406249997 0.7440174296875 0.377322803125 0.7603487343750001 0.52440761875 0.7336759046875 0.7165683546875 0.7401271546875 0.74244290625 0.8751568921875 0.7809191656250001 0.9805866359375001 0.7958571234375 0.9732951156249999 0.75301518125 0.9171175781249999 0.6364774203125 0.8286160609375001 0.36310075468749997 0.754697584375 0.175407975 0.679009665625 0 0.43860772031249995 0
9 0.644903484375 0.333327109375 0.6081474234375001 0.321879153125 0.6000833609375 0.2895359625 0.5777071609375 0.2813734609375 0.5656449296875 0.2465917453125 0.5633273 0.2780880046875 0.5180055375 0.3546601859375 0.479704390625 0.36420973437500004 0.472548321875 0.376300078125 0.488540996875 0.3860541734375 0.482997740625 0.40461315468750003 0.4143240578125 0.4011231546875 0.3904027734375 0.4139581578125 0.3760906375 0.438138846875 0.326567528125 0.42987407187500004 0.2931725453125 0.48629567968750004 0.26686590312499997 0.5031607984375001 0.2702269796875 0.5710303624999999 0.239989896875 0.612923103125 0.26159355156249997 0.6315843578125 0.30073496875 0.6390022 0.35046125625 0.7296654078125 0.430492353125 0.80590201875 0.4920776953125 0.8489485078125 0.5943495390625 0.8784153328125001 0.6645683078125 0.860907828125 0.713115696875 0.7972729234375 0.7369015296875 0.72950563125 0.7603487343750001 0.52440761875 0.75530711875 0.422603271875 0.7440174296875 0.377322803125 0.7144174375000001 0.35378450156249996 0.594743284375 0.390493378125 0.574752440625 0.3783007609375 0.644903484375 0.333327109375
9 0.488744175 0.4684526046875 0.4463771328125 0.44809748593750004 0.39530893749999996 0.46083021718749995 0.37538581875 0.4761037453125 0.42890709843749997 0.48680704218750004 0.488744175 0.4684526046875
9 0.511391278125 0.586479684375 0.5226809671875 0.6317601500000001 0.58258576875 0.6408718578125 0.6168887468750001 0.6288837843749999 0.65196426875 0.6063969609375001 0.6470581046875 0.5595249015625 0.62783980625 0.5368335328125 0.5908805671875 0.4429871421875 0.5645062000000001 0.43238611718750003 0.5325885765625 0.4403440734375 0.5142782718750001 0.46208623906249996 0.5127331859375001 0.4830837453125 0.5240906 0.55583035625 0.511391278125 0.586479684375
9 0.6666425921875 0.4069206546875 0.611643953125 0.44468100625 0.696242584375 0.43045895625 0.707396821875 0.42080713437500006 0.6666425921875 0.4069206546875
9 0.6483047296875 0.7412891578125 0.669772934375 0.7050181249999999 0.6729308328125 0.6904892578124999 0.644943653125 0.6734195921875 0.5667285468750001 0.686050053125 0.5261097703125001 0.727095859375 0.5373317328125 0.7449101828125 0.5796987734375 0.7652653015624999 0.6219980890625 0.7581542765625 0.6483047296875 0.7412891578125
3 0.42890709843749997 0.48680704218750004 0.48635881875000003 0.47248271875 0.4463771328125 0.44809748593750004 0.39530893749999996 0.46083021718749995 0.37538581875 0.4761037453125 0.42890709843749997 0.48680704218750004
4 0.488540996875 0.3860541734375 0.476546490625 0.378738603125 0.4247057515625 0.40197008749999996 0.482997740625 0.40461315468750003 0.488540996875 0.3860541734375
5 0.6729308328125 0.6904892578124999 0.5700218984375 0.7264534734375 0.5412621734374999 0.7198825609374999 0.5261097703125001 0.727095859375 0.5573225749999999 0.7571027984375001 0.619612734375 0.762184390625 0.6483047296875 0.7412891578125 0.6729308328125 0.6904892578124999
10 0.6305637921875 0.6701341375000001 0.5667285468750001 0.686050053125 0.53088048125 0.7190356296875 0.6625491390625 0.689642325 0.6305637921875 0.6701341375000001
6 0.5240906 0.55583035625 0.511391278125 0.586479684375 0.5226809671875 0.6317601500000001 0.5554388578125 0.640769584375 0.6145033921875 0.6329138999999999 0.65196426875 0.6063969609375001 0.6470581046875 0.5595249015625 0.62783980625 0.5368335328125 0.5908805671875 0.4429871421875 0.5645062000000001 0.43238611718750003 0.5325885765625 0.4403440734375 0.5142782718750001 0.46208623906249996 0.5127331859375001 0.4830837453125 0.5240906 0.55583035625
2 0.5524164109374999 0.7102307406249999 0.54526034375 0.7223210859375 0.5700218984375 0.7264534734375 0.63385714375 0.710537559375 0.660163784375 0.693672440625 0.6481692796875 0.6863568703125 0.5524164109374999 0.7102307406249999
8 0.60582979375 0.35337541093749997 0.574752440625 0.3783007609375 0.594743284375 0.390493378125 0.6138938578124999 0.385718603125 0.71041926875 0.3513459796875 0.6680522265625 0.33099086093749996 0.60582979375 0.35337541093749997
7 0.707396821875 0.42080713437500006 0.6666425921875 0.4069206546875 0.611643953125 0.44468100625 0.693857228125 0.43448907031250006 0.707396821875 0.42080713437500006