0 0.0171556125 0 0 0.49127245156250005 0 0.9828443874999999 0.49127245156250005 1 0.9828443874999999 1 1 0.5087275484375 1 0.0171556125 0.8501416953125001 0.0119224453125 0.855370334375 0.03185390625 0.8908332218749999 0.3359083421875 0.9051936796875 0.6787236140624999 0.9271310015625 0.804565875 0.92235111875 0.84718818125 0.7734235265625 0.776157940625 0.7543875140625 0.755744315625 0.709051740625 0.7344122828125 0.7029360046875001 0.7210327999999999 0.6273972421875 0.8105563359374999 0.600638278125 0.82278780625 0.5088187265624999 0.8129984390624999 0.409547584375 0.733827803125 0.33183807656250003 0.6027464546875 0.31253070312500003 0.6843591953125 0.2950601453125 0.7133724203125 0.269219590625 0.6993041328125 0.216390471875 0.7040422562499999 0.126637334375 0.6350784328125 0.09831291875 0.5978830546875 0.0752275875 0.50491549375 0.07752360625 0.439166096875 0.0986260375 0.4004052640625 0.07278548124999999 0.3863369765625 0.06735855156250001 0.35323267812500003 0.1016108625 0.31493105 0.118663975 0.203616278125 0.166984571875 0.1394740953125 0.1817416640625 0.093908721875 0.215993975 0.05560709375 0.2169123828125 0.0293073359375 0.23286807812500002 0 0.0171556125 0
1 0.23286807812500002 0 0.2169123828125 0.0293073359375 0.215993975 0.05560709375 0.1817416640625 0.093908721875 0.166984571875 0.1394740953125 0.118663975 0.203616278125 0.1088746078125 0.2954358328125 0.06735855156250001 0.35323267812500003 0.07278548124999999 0.3863369765625 0.0986260375 0.4004052640625 0.07752360625 0.439166096875 0.0752275875 0.50491549375 0.104428653125 0.6112625375 0.216390471875 0.7040422562499999 0.269219590625 0.6993041328125 0.2950601453125 0.7133724203125 0.31253070312500003 0.6843591953125 0.32820620312500004 0.6124940640625 0.32392728437499996 0.546515065625 0.31192541406249996 0.5131811640625 0.27633725 0.495481003125 0.2607035078125 0.471894709375 0.30130115625 0.440397621875 0.31674705468750003 0.3751074296875 0.3466786859375 0.3662782296875 0.39431047812500003 0.3218608671875 0.43964625 0.34319289999999997 0.46005987499999995 0.32415688593750003 0.5459932937499999 0.31399183124999996 0.559602378125 0.30130115625 0.5990520140625 0.30267876718750003 0.663695159375 0.242398059375 0.674590778125 0.213155234375 0.6766154375 0.24943220312499997 0.6958810515625 0.2632708875 0.6947330421875 0.2961455875 0.7105963875 0.313156940625 0.7627366999999999 0.32814363593749996 0.81009713125 0.3857526375 0.78532106875 0.5297125046875 0.7067974796875001 0.7047102515625 0.705879071875 0.7310100125 0.8251046359374999 0.8042945140625 0.92235111875 0.84718818125 0.9271310015625 0.804565875 0.9051936796875 0.6787236140624999 0.8953417453125001 0.39531240156249997 0.8759300453125001 0.1971458046875 0.8516758453125 0.011976018750000001 0.5087275421874999 0 0.23286807812500002 0
9 0.662964596875 0.3575743046875 0.6471012515625 0.34056295 0.7269189359375 0.317018415625 0.6947330421875 0.2961455875 0.6958810515625 0.2632708875 0.6766154375 0.24943220312499997 0.674590778125 0.213155234375 0.663695159375 0.242398059375 0.5990520140625 0.30267876718750003 0.559602378125 0.30130115625 0.5493955640625 0.31081916249999997 0.562086240625 0.3244282453125 0.5516498249999999 0.3405211921875 0.48658923437499996 0.318500353125 0.46005987499999995 0.32415688593750003 0.43964625 0.34319289999999997 0.39431047812500003 0.3218608671875 0.3466786859375 0.3662782296875 0.31674705468750003 0.3751074296875 0.30130115625 0.440397621875 0.2607035078125 0.471894709375 0.27633725 0.495481003125 0.31192541406249996 0.5131811640625 0.33478114375 0.612723665625 0.39074117343750003 0.7068392390625 0.43810160312499996 0.7644482406249999 0.52831394375 0.820262184375 0.600638278125 0.82278780625 0.6648222203125 0.775656978125 0.7063382765624999 0.7178601328124999 0.78532106875 0.5297125046875 0.8084899171875 0.4317772140625 0.81009713125 0.3857526375 0.7881180515625 0.355361803125 0.662964596875 0.3575743046875
9 0.42852102812500004 0.3790106640625 0.4770294703125 0.40374496718749997 0.5396061984375 0.40263871562500003 0.5044772375 0.3717886765625 0.45187772031250006 0.3699518609375 0.42852102812500004 0.3790106640625
9 0.5586422109375 0.42305234062499997 0.5495416484375 0.49514707500000005 0.5288984218749999 0.520758028125 0.5272912078124999 0.5667826046875 0.5823745890625001 0.5917465109375 0.6186515578125 0.5897218515625 0.6585604 0.5779495828125001 0.666742553125 0.5321546078125 0.65451108125 0.5053956453125 0.6448052328125 0.40631234687499995 0.6223669484375 0.38907139062499996 0.5894922499999999 0.38792338125 0.5659059562500001 0.40355712343750005 0.5586422109375 0.42305234062499997
9 0.7495450625 0.42313585781249996 0.7629245421874999 0.417020121875 0.7275659828125 0.39274502187500004 0.6643004484375 0.41357609375 0.7495450625 0.42313585781249996
9 0.54536705625 0.7089474140625 0.5879893625 0.7137272968749999 0.61792099375 0.7048980968749999 0.6485414296875 0.6763440765625 0.6555755750000001 0.6634238 0.63336689375 0.639607903125 0.55469721875 0.630277740625 0.5043519625 0.6581429546875001 0.510238096875 0.6780973765625 0.54536705625 0.7089474140625
3 0.45187772031250006 0.3699518609375 0.42852102812500004 0.3790106640625 0.4770294703125 0.40374496718749997 0.5362039265625 0.40581138437500003 0.5044772375 0.3717886765625 0.45187772031250006 0.3699518609375
4 0.49633684375 0.322132225 0.5516498249999999 0.3405211921875 0.562086240625 0.3244282453125 0.5525682328125 0.31422143281250003 0.49633684375 0.322132225
5 0.584587090625 0.7168999656249999 0.61792099375 0.7048980968749999 0.6555755750000001 0.6634238 0.5467446687499999 0.6694977765625 0.5209041125 0.6554294890625 0.5043519625 0.6581429546875001 0.526101440625 0.6951087296875 0.584587090625 0.7168999656249999
10 0.5111565046875 0.6517976171875 0.645827965625 0.6597919265625001 0.6204466156249999 0.632573759375 0.55469721875 0.630277740625 0.5111565046875 0.6517976171875
6 0.5659059562500001 0.40355712343750005 0.5586422109375 0.42305234062499997 0.5495416484375 0.49514707500000005 0.5288984218749999 0.520758028125 0.5272912078124999 0.5667826046875 0.5563044328125 0.5842531640625 0.6152492875 0.5928945203125 0.6585604 0.5779495828125001 0.666742553125 0.5321546078125 0.65451108125 0.5053956453125 0.6448052328125 0.40631234687499995 0.6223669484375 0.38907139062499996 0.5894922499999999 0.38792338125 0.5659059562500001 0.40355712343750005
2 0.6424256953125 0.662964596875 0.6329076890625001 0.6527577828125 0.53428359375 0.6493137531250001 0.52407678125 0.6588317609375001 0.5467446687499999 0.6694977765625 0.6124940640625 0.6717937968750001 0.6424256953125 0.662964596875
8 0.78494538125 0.35195953125 0.7498164234375 0.3211094921875 0.683837425 0.3253884125 0.6471012515625 0.34056295 0.662964596875 0.3575743046875 0.682689415625 0.35826311093749996 0.78494538125 0.35195953125
7 0.6643004484375 0.41357609375 0.7461427921875 0.42630852656249996 0.7629245421874999 0.417020121875 0.7275659828125 0.39274502187500004 0.6643004484375 0.41357609375