0 0.4650365953125 0 0 0.06535663124999999 0 0.5349634046875 0.06535663124999999 1 0.5349634046875 1 1 0.93464336875 1 0.4650365953125 0.93464336875 0 0.4650365953125 0
0 0.5308910874999999 0.8429780234375001 0.5555730609375 0.8440993234375 0.5911506453125 0.8406292625 0.6258233468750001 0.8204559140625 0.6744585078124999 0.7661893921875 0.6979899578125 0.707800759375 0.701716046875 0.6521955875 0.698763890625 0.6311899015625 0.7070062625 0.5871903421875 0.687729196875 0.47055629843749996 0.6734596890625 0.4511411609375 0.6586989062499999 0.34611273124999997 0.61564475 0.2450606734375 0.5866840015625 0.2032295875 0.5492966499999999 0.17329307656249998 0.445086184375 0.1297973140625 0.3852483640625 0.1351468890625 0.3198746859375 0.1626950609375 0.2638324953125 0.1950519453125 0.21399353593749998 0.2510176921875 0.1803485359375 0.30929765 0.166869225 0.357093296875 0.1663942109375 0.41530164375 0.1806104375 0.49592593906250004 0.1954244984375 0.5397452109375 0.1989212125 0.5851550343749999 0.2226450234375 0.6307822062499999 0.240165603125 0.65280051875 0.27996055468750003 0.6793385796875 0.30711153750000003 0.6877630921875 0.321258225 0.6857749046875 0.3347456671875 0.709890078125 0.378696575 0.7557346015624999 0.4485946671875 0.8117028625 0.49200101875 0.8331432484375 0.5308910874999999 0.8429780234375001
9 0.557198596875 0.8454009125 0.5911506453125 0.8406292625 0.6101125328125 0.8318441765625 0.6258233468750001 0.8204559140625 0.6744585078124999 0.7661893921875 0.6979899578125 0.707800759375 0.701716046875 0.6521955875 0.698763890625 0.6311899015625 0.7070062625 0.5871903421875 0.687729196875 0.47055629843749996 0.6787580375 0.45804673593749995 0.6588912671875 0.45012853750000004 0.6511239078125 0.43591974999999994 0.6086675875 0.2980626703125 0.5874741953125 0.2704403703125 0.5570107296875 0.248711021875 0.527030409375 0.240684146875 0.5068033109375001 0.240466796875 0.42234492812499996 0.25539673125 0.3953167640625 0.26837554375 0.366724475 0.2907544296875 0.3259713609375 0.3087222390625 0.293047015625 0.3516005 0.2870894234375 0.370798284375 0.2929937375 0.41280965781249995 0.2875807 0.4564115796875 0.292166525 0.5506296749999999 0.28289645 0.5565226234375 0.26254653125 0.53490195 0.22847166406250002 0.518270275 0.208666303125 0.5210537375000001 0.1954244984375 0.5397452109375 0.193860371875 0.5491452859375 0.1989212125 0.5851550343749999 0.2226450234375 0.6307822062499999 0.240165603125 0.65280051875 0.27996055468750003 0.6793385796875 0.30711153750000003 0.6877630921875 0.321258225 0.6857749046875 0.3347456671875 0.709890078125 0.378696575 0.7557346015624999 0.4485946671875 0.8117028625 0.49200101875 0.8331432484375 0.557198596875 0.8454009125
9 0.3678831265625 0.422175184375 0.34868373125 0.46006444375 0.389797171875 0.43439578437500004 0.4120101328125 0.428213871875 0.43181549375 0.4254304109375 0.4731131640625 0.43186673437499995 0.48436910468749994 0.4195745234375 0.48352563125000003 0.41357289843749995 0.45715671249999995 0.4004483484375 0.4308492015625 0.3980254609375 0.39689715468750003 0.40279710937499996 0.3678831265625 0.422175184375
9 0.6137365578125 0.4059832390625 0.634025065625 0.41690225 0.6364326671875 0.4135038 0.6217414234375 0.391087853125 0.5953725046875 0.3779633015625 0.55052484375 0.3873263140625 0.5263874265624999 0.41060915 0.5349368484375 0.42011789843749997 0.5482400625 0.4121280875 0.5930877234375 0.40276507656250005 0.6137365578125 0.4059832390625
9 0.549267765625 0.4502346984375 0.5670872609375001 0.45385049843749997 0.5941768359374999 0.45157334843749997 0.6115131859375 0.441486675 0.58189319375 0.4257589484375 0.5677465078124999 0.4277471359375 0.549267765625 0.4502346984375
9 0.3851661984375 0.47329766875 0.40015635937500005 0.47731110625 0.45270996874999997 0.4714552203125 0.46198004531250003 0.4655622703125 0.43801872499999994 0.4490392703125 0.409303615625 0.45001483281250004 0.3851661984375 0.47329766875
9 0.4905271875 0.5763033640625 0.5297775828125 0.5784372890625 0.5568671562499999 0.5761601390625 0.5814877187499999 0.566579778125 0.5903360578125 0.5576860171875 0.5878056375 0.5396811421875001 0.5670339828125 0.5150596578125 0.5448743 0.460032409375 0.52940099375 0.442316496875 0.5172401718749999 0.43790542187500003 0.49544894531250006 0.447088146875 0.4846147421875 0.4623811703125 0.4886560109375 0.5321951281249999 0.48029081875 0.5547913656250001 0.4823995015625 0.5697954281250001 0.4905271875 0.5763033640625
9 0.529187878125 0.6871531328125 0.553448115625 0.6852736203124999 0.5914333015625 0.678405109375 0.6336891312499999 0.6403355625 0.6190592984375 0.628621275 0.58257683125 0.61538805 0.5259900828124999 0.6233407984375 0.4989619203125 0.6363196109375 0.476327221875 0.639500709375 0.45134633125 0.6567819218750001 0.502458634375 0.6817294328125 0.529187878125 0.6871531328125
1 0.28289645 0.5565226234375 0.292166525 0.5506296749999999 0.2875807 0.4564115796875 0.2929937375 0.41280965781249995 0.2870894234375 0.370798284375 0.293047015625 0.3516005 0.3259713609375 0.3087222390625 0.366724475 0.2907544296875 0.3953167640625 0.26837554375 0.42234492812499996 0.25539673125 0.527030409375 0.240684146875 0.5570107296875 0.248711021875 0.5760954359375 0.26132925937499996 0.6086675875 0.2980626703125 0.6511239078125 0.43591974999999994 0.6588912671875 0.45012853750000004 0.6759286999999999 0.4584443734375 0.6678542953125 0.390727278125 0.65333915 0.32850549375 0.61564475 0.2450606734375 0.5866840015625 0.2032295875 0.5273826046875 0.1610724765625 0.436176434375 0.127989415625 0.3852483640625 0.1351468890625 0.3469028515625 0.1497162484375 0.27954331093749996 0.183663684375 0.24613581718750002 0.21283946875 0.2007517328125 0.2697091640625 0.1803485359375 0.30929765 0.166869225 0.357093296875 0.1663942109375 0.41530164375 0.192173425 0.5371420359375 0.1966283 0.5380459859375 0.208666303125 0.5210537375000001 0.22847166406250002 0.518270275 0.26254653125 0.53490195 0.28289645 0.5565226234375
4 0.635650603125 0.4182038375 0.6217414234375 0.391087853125 0.5953725046875 0.3779633015625 0.55052484375 0.3873263140625 0.5263874265624999 0.41060915 0.5349368484375 0.42011789843749997 0.5482400625 0.4121280875 0.5930877234375 0.40276507656250005 0.6137365578125 0.4059832390625 0.635650603125 0.4182038375
3 0.5687127984375 0.45515208593749995 0.5941768359374999 0.45157334843749997 0.6115131859375 0.441486675 0.58189319375 0.4257589484375 0.5677465078124999 0.4277471359375 0.549267765625 0.4502346984375 0.5687127984375 0.45515208593749995
5 0.5550736515625 0.6865752078125 0.5914333015625 0.678405109375 0.6336891312499999 0.6403355625 0.59088874375 0.6540009734375001 0.5371313343749999 0.6615560859375 0.45417566875000004 0.656384284375 0.502458634375 0.6817294328125 0.5550736515625 0.6865752078125
10 0.614665834375 0.6384189874999999 0.627186984375 0.6351292125 0.58257683125 0.61538805 0.5259900828124999 0.6233407984375 0.4989619203125 0.6363196109375 0.476327221875 0.639500709375 0.4565832703125 0.652985834375 0.5794485765624999 0.6341882 0.6053343484375 0.633610275 0.614665834375 0.6384189874999999
2 0.5371313343749999 0.6615560859375 0.59088874375 0.6540009734375001 0.62682665625 0.6428300625000001 0.6276087203125 0.6381300249999999 0.5794485765624999 0.6341882 0.48325110625 0.647707871875 0.45983434375 0.6555890093750001 0.5371313343749999 0.6615560859375
6 0.5314031203125 0.5797388765625 0.57059210625 0.571171140625 0.5903360578125 0.5576860171875 0.5878056375 0.5396811421875001 0.5670339828125 0.5150596578125 0.5448743 0.460032409375 0.5310265296875001 0.443618084375 0.5172401718749999 0.43790542187500003 0.49544894531250006 0.447088146875 0.4846147421875 0.4623811703125 0.4886560109375 0.5321951281249999 0.48029081875 0.5547913656250001 0.4823995015625 0.5697954281250001 0.4905271875 0.5763033640625 0.5314031203125 0.5797388765625
8 0.35271686875 0.45796758125 0.389797171875 0.43439578437500004 0.4120101328125 0.428213871875 0.43181549375 0.4254304109375 0.4731131640625 0.43186673437499995 0.48436910468749994 0.4195745234375 0.48352563125000003 0.41357289843749995 0.45715671249999995 0.4004483484375 0.4308492015625 0.3980254609375 0.39689715468750003 0.40279710937499996 0.3678831265625 0.422175184375 0.35066959375 0.45366518125 0.35271686875 0.45796758125
7 0.40178189687500004 0.47861269375 0.45270996874999997 0.4714552203125 0.46198004531250003 0.4655622703125 0.43801872499999994 0.4490392703125 0.409303615625 0.45001483281250004 0.3851661984375 0.47329766875 0.40178189687500004 0.47861269375