0 0.0255177171875 0 0 0.48690704218749997 0 0.9744822828125 0.48690704218749997 1 0.9744822828125 1 1 0.5130929578125001 1 0.0255177171875 0.5130929578125001 0 0.0255177171875 0
0 0.3969904203125 0.717918909375 0.43263355625 0.736855734375 0.507559159375 0.7635408796875 0.5362598578125 0.7693122328124999 0.577436328125 0.7700477953125 0.610668446875 0.7476085515625 0.6779538031250001 0.628808090625 0.6987490078125 0.5815361890624999 0.719621921875 0.47452739531250004 0.7222981921875 0.4234611140625 0.7393053843749999 0.390214728125 0.7381226765625 0.2962740875 0.7315164578125 0.2475661375 0.6960997156250001 0.16605540624999998 0.6787241921875 0.148075946875 0.6683299640625 0.1133935140625 0.651251803125 0.089740025 0.626487796875 0.0671061390625 0.555201525 0.029232490625000003 0.5011420921874999 0.012175315624999999 0.455621740625 0.006944887499999999 0.3668822296875 0.010828671875 0.2984141640625 0.0356884890625 0.2416784625 0.0696976 0.2078516171875 0.10348490625 0.1844578578125 0.14208620156250001 0.166855940625 0.1866806484375 0.1579417828125 0.240264825 0.1572693421875 0.3113497796875 0.1620204109375 0.3372020421875 0.1535523 0.38227517187500004 0.1578573234375 0.41663848281250004 0.165950359375 0.43697627499999997 0.18722371875 0.46796164687499997 0.22271817343750003 0.48973548750000007 0.24547835 0.4923507015625 0.2606236484375 0.552885396875 0.2824528765625 0.6023911515625 0.29938235468749996 0.62888165625 0.34122452187499996 0.6751690328125 0.3969904203125 0.717918909375
9 0.3969904203125 0.717918909375 0.43263355625 0.736855734375 0.5377078187500001 0.7708105203125 0.577436328125 0.7700477953125 0.610668446875 0.7476085515625 0.6779538031250001 0.628808090625 0.6987490078125 0.5815361890624999 0.719621921875 0.47452739531250004 0.7222981921875 0.4234611140625 0.7393053843749999 0.390214728125 0.7362675265624999 0.2734184 0.7289179015625 0.2388955296875 0.7099845921875 0.1923863515625 0.6960997156250001 0.16605540624999998 0.6743803125000001 0.14358108125 0.632796653125 0.121488121875 0.608439834375 0.120211634375 0.5743544828125 0.129804528125 0.5225962453124999 0.12709199375 0.4779679828125 0.1048394703125 0.45665576718749995 0.10372254375 0.42865962187499995 0.113634559375 0.40470999062499996 0.133715471875 0.3882975265625 0.15561379375 0.3805728234375 0.1865018453125 0.377896553125 0.23756812656249998 0.3666812015625 0.276807665625 0.340242840625 0.3152493984375 0.30801263749999996 0.347697978125 0.29783805937499996 0.36707840625 0.28376564531250004 0.373452921875 0.22250526874999998 0.3190358609375 0.21062422343749998 0.3127235859375 0.18931200625 0.3116066609375 0.1750909109375 0.320818190625 0.158678446875 0.3427165125 0.15540745 0.405130859375 0.165950359375 0.43697627499999997 0.18722371875 0.46796164687499997 0.22271817343750003 0.48973548750000007 0.24547835 0.4923507015625 0.2606236484375 0.552885396875 0.2824528765625 0.6023911515625 0.29938235468749996 0.62888165625 0.34122452187499996 0.6751690328125 0.3969904203125 0.717918909375
9 0.532013925 0.3551701765625 0.4743151640625 0.34930150625 0.43384324531249996 0.3642493078125 0.41278953593749995 0.387326796875 0.45411468906249997 0.38522534375 0.46354585937500004 0.380029996875 0.521541984375 0.3802246359375 0.5457501203125 0.3843381390625 0.5664676078124999 0.396803128125 0.5806887046875 0.3875915953125 0.5809860671875 0.3819175640625 0.5678057437499999 0.371269984375 0.532013925 0.3551701765625
9 0.6863965484375 0.3803298734375 0.6523111984375001 0.38992276875 0.6443279890625 0.3966164046875 0.6469265453124999 0.4052870140625 0.654463709375 0.407104421875 0.6823111749999999 0.4000294234375 0.7263835671875001 0.40376156406249997 0.71350060625 0.387439953125 0.6863965484375 0.3803298734375
9 0.547488696875 0.4967991609375 0.527139540625 0.5355600171875 0.5400225015625 0.5518816265625001 0.598871859375 0.56492261875 0.6217807171875 0.5647008171875 0.6467322609374999 0.554629240625 0.6515221875 0.5506130578125 0.652860321875 0.5250799171875 0.6385294015625 0.50726001875 0.620636865625 0.44089173125 0.6044119390625 0.43008459062500004 0.586144325 0.4291272265625 0.5565515359375001 0.44037796875 0.547488696875 0.4967991609375
9 0.5352393203125 0.4392610421875 0.488568371875 0.42685829531249997 0.4473919015625 0.4261227328125 0.48318371875 0.442222540625 0.5150777015625 0.4453164375 0.5352393203125 0.4392610421875
9 0.677036346875 0.4424250984375 0.6557241328125001 0.441308171875 0.63541383125 0.4502005828125 0.6532354 0.45966899375 0.675995575 0.4622842078125 0.6963058765625 0.4533918 0.677036346875 0.4424250984375
9 0.5058594375000001 0.6212114109375 0.49208438593750004 0.6219118953125 0.545361553125 0.6830225921874999 0.5676756843749999 0.6941488546875 0.5846440187499999 0.690770915625 0.6336938734374999 0.6577814125 0.6440171343750001 0.6355639703125 0.6311341734375 0.619242359375 0.6102680031250001 0.6096143859375001 0.5432867531250001 0.606104046875 0.533855584375 0.611299396875 0.5155879718749999 0.61034203125 0.5045601578125 0.6168761078125 0.5058594375000001 0.6212114109375
4 0.6523111984375001 0.38992276875 0.6443279890625 0.3966164046875 0.6483745046875 0.4067853 0.6823111749999999 0.4000294234375 0.7263835671875001 0.40376156406249997 0.71350060625 0.387439953125 0.6863965484375 0.3803298734375 0.6523111984375001 0.38992276875
3 0.6557241328125001 0.441308171875 0.63541383125 0.4502005828125 0.6546833609375 0.4611672828125 0.675995575 0.4622842078125 0.6963058765625 0.4533918 0.677036346875 0.4424250984375 0.6557241328125001 0.441308171875
1 0.1830741203125 0.3141245546875 0.21062422343749998 0.3127235859375 0.28376564531250004 0.373452921875 0.29783805937499996 0.36707840625 0.30801263749999996 0.347697978125 0.340242840625 0.3152493984375 0.3666812015625 0.276807665625 0.377896553125 0.23756812656249998 0.384806878125 0.16396527968750002 0.3949814578125 0.1445848515625 0.42865962187499995 0.113634559375 0.45665576718749995 0.10372254375 0.4779679828125 0.1048394703125 0.5225962453124999 0.12709199375 0.5743544828125 0.129804528125 0.608439834375 0.120211634375 0.632796653125 0.121488121875 0.6772762328125 0.146577659375 0.673824440625 0.1250607 0.651251803125 0.089740025 0.626487796875 0.0671061390625 0.555201525 0.029232490625000003 0.5011420921874999 0.012175315624999999 0.455621740625 0.006944887499999999 0.40067021875000003 0.0069098078125 0.348317253125 0.015545335937499998 0.282745109375 0.04340173125 0.2416784625 0.0696976 0.2078516171875 0.10348490625 0.1844578578125 0.14208620156250001 0.166855940625 0.1866806484375 0.1579417828125 0.240264825 0.1591244921875 0.33420546562500003 0.1636170546875 0.3358633140625 0.1830741203125 0.3141245546875
6 0.527139540625 0.5355600171875 0.5400225015625 0.5518816265625001 0.60031981875 0.5664209062500001 0.6217807171875 0.5647008171875 0.6467322609374999 0.554629240625 0.6515221875 0.5506130578125 0.652860321875 0.5250799171875 0.6385294015625 0.50726001875 0.620636865625 0.44089173125 0.6044119390625 0.43008459062500004 0.586144325 0.4291272265625 0.5565515359375001 0.44037796875 0.547488696875 0.4967991609375 0.527139540625 0.5355600171875
5 0.49208438593750004 0.6219118953125 0.545361553125 0.6830225921874999 0.56912364375 0.69564714375 0.5846440187499999 0.690770915625 0.6289039484375001 0.6617975953124999 0.6440171343750001 0.6355639703125 0.617320265625 0.6498112890625001 0.5745471531249999 0.650414453125 0.538309290625 0.642825690625 0.49672563125 0.620732728125 0.49208438593750004 0.6219118953125
10 0.5045601578125 0.6168761078125 0.5089040406249999 0.621370971875 0.606033946875 0.6321509515625 0.6411212140625 0.6325673921875 0.6311341734375 0.619242359375 0.6102680031250001 0.6096143859375001 0.5432867531250001 0.606104046875 0.533855584375 0.611299396875 0.5155879718749999 0.61034203125 0.5045601578125 0.6168761078125
2 0.498173590625 0.6222310171875 0.5293241640625 0.6395099921875 0.5745471531249999 0.650414453125 0.617320265625 0.6498112890625001 0.64097253125 0.635404409375 0.5363054593750001 0.6228070203125 0.498173590625 0.6222310171875
8 0.4743151640625 0.34930150625 0.43384324531249996 0.3642493078125 0.41423749687500006 0.3888250859375 0.42671326875000004 0.38378929687499996 0.45411468906249997 0.38522534375 0.46354585937500004 0.380029996875 0.5002297671875 0.3791077109375 0.5457501203125 0.3843381390625 0.5664676078124999 0.396803128125 0.5806887046875 0.3875915953125 0.5809860671875 0.3819175640625 0.5678057437499999 0.371269984375 0.532013925 0.3551701765625 0.4743151640625 0.34930150625
7 0.488568371875 0.42685829531249997 0.4473919015625 0.4261227328125 0.4846316796875 0.44372082968750004 0.5150777015625 0.4453164375 0.5352393203125 0.4392610421875 0.488568371875 0.42685829531249997