0 0.008651368750000001 0 0 0.4956365609375 0 0.99134863125 0.4956365609375 1 0.99134863125 1 1 0.5043634390625 1 0.008651368750000001 0.5043634390625 0 0.008651368750000001 0
0 0.74506441875 0.52914328125 0.7674065515625 0.5281518375 0.8034528765625 0.5094410671875 0.826277121875 0.48082952343749996 0.8355418109375 0.4616512765625 0.8420718171875 0.42861103749999996 0.8368917203124999 0.38431499062499996 0.84327709375 0.3595607828125 0.8474581078125001 0.29056246875 0.84242264375 0.23798039062499998 0.8283153359375 0.19352851875 0.8081601296875001 0.154496784375 0.777517528125 0.1194262703125 0.724581003125 0.0825851859375 0.6595968953125 0.0538223671875 0.57344515 0.044030028124999995 0.5287608796875001 0.0460129125 0.47495655625 0.05888801406250001 0.4029603296875 0.090785534375 0.37730498125 0.11105910781249999 0.3590648703125 0.1328435390625 0.34658338906249997 0.16577989531249998 0.3284397 0.18204030625 0.28840520625 0.25870135 0.27865840625 0.30549969843749997 0.271115965625 0.3965421515625 0.28541612031249997 0.4299459828125 0.2845483203125 0.479662165625 0.297594984375 0.5848782640625 0.31462982031250003 0.6321440859375 0.3720714890625 0.751949359375 0.40290693437499997 0.7759718328125 0.44305528125000004 0.7780540515625 0.4713971015625 0.77440448125 0.54617621875 0.7536069421875 0.58217433125 0.7376581812499999 0.63938829375 0.6999769312499999 0.6832837546875 0.6579189265625 0.7015720765625 0.6333724859375 0.7261975640625 0.5868338453125 0.74506441875 0.52914328125
9 0.74506441875 0.52914328125 0.7674065515625 0.5281518375 0.8034528765625 0.5094410671875 0.826277121875 0.48082952343749996 0.8387103921874999 0.4506551765625 0.8397710359375001 0.38989095156250003 0.8252780390625001 0.36753516249999996 0.8120559593750001 0.3576343890625 0.7912258 0.3572707984375 0.779226428125 0.36258705 0.7158681484375 0.411212459375 0.702597859375 0.40407369531250004 0.6940081250000001 0.38458380000000003 0.6648292859375 0.3509202609375 0.64169834375 0.311836584375 0.6334460859375 0.2730126171875 0.6343138859375 0.2232964328125 0.6288927328125 0.1928104359375 0.6143997359375 0.170454646875 0.5924432890625 0.14935000625 0.5658544984375 0.137834490625 0.5450243390625 0.1374709 0.5000508031249999 0.156025846875 0.449463271875 0.1551428375 0.41692300624999995 0.1435234390625 0.393117109375 0.1431079046875 0.35111931093750004 0.1617147921875 0.3284397 0.18204030625 0.3131271125 0.2066386890625 0.2915255765625 0.2504672609375 0.28201983125 0.2834555578125 0.271115965625 0.3965421515625 0.28541612031249997 0.4299459828125 0.2845483203125 0.479662165625 0.297594984375 0.5848782640625 0.31462982031250003 0.6321440859375 0.3720714890625 0.751949359375 0.40290693437499997 0.7759718328125 0.4415433078125 0.7794090859375 0.54617621875 0.7536069421875 0.58217433125 0.7376581812499999 0.63938829375 0.6999769312499999 0.6832837546875 0.6579189265625 0.7015720765625 0.6333724859375 0.7261975640625 0.5868338453125 0.74506441875 0.52914328125
9 0.46000296093750004 0.4039834640625 0.48385707031249997 0.4016369875 0.540347865625 0.405385890625 0.5491786546874999 0.411065734375 0.589278790625 0.41590996249999995 0.5703462921875 0.39209525625 0.531950975 0.3748479515625 0.47536375781249995 0.37662307031250003 0.43941385625 0.389809821875 0.4258543 0.39924311874999996 0.4257578765625 0.404767140625 0.43897995625 0.4146679125 0.46000296093750004 0.4039834640625
9 0.3600506046875 0.417434475 0.363170975 0.40920038437499995 0.35585215937500003 0.4021655046875 0.3233118953125 0.39054610625 0.2964338390625 0.39560265 0.282777859375 0.41055996875 0.3259501546875 0.40993211875 0.35258715625 0.418685625 0.3600506046875 0.417434475
9 0.3612907421875 0.5169187843749999 0.346122790625 0.5332311359374999 0.3456888921875 0.558089228125 0.35008018125 0.5623101546875 0.373693234375 0.57377373125 0.39598715625 0.575544296875 0.4541827703125 0.566890125 0.46783875 0.55193280625 0.45065928125 0.5129530124999999 0.445672028125 0.457608925 0.41761947499999996 0.444686434375 0.39976505156250003 0.444374784375 0.3832297578125 0.4537561390625 0.3612907421875 0.5169187843749999
9 0.4665021875 0.45797251718750004 0.48572395156250003 0.4652151625 0.5169932968750001 0.46437954687499994 0.5529432 0.451192796875 0.5127948546875001 0.449110578125 0.4665021875 0.45797251718750004
9 0.3490328859375 0.45177780468749995 0.3282027265625 0.45141421406250004 0.30869169531249996 0.4607436296875 0.3278652484375 0.4707482859375 0.35020738281249997 0.4697568421875 0.3682064390625 0.4617824625 0.3490328859375 0.45177780468749995
9 0.38184906875 0.6181217171875 0.3608742734375 0.6260441578125 0.347218296875 0.6410014765625001 0.3557598203125 0.6632533828125 0.4012811078125 0.6985836062499999 0.417575346875 0.7030122999999999 0.44006211406249995 0.693734828125 0.49610157812500005 0.6380745390625 0.482734865625 0.636459796875 0.48429504999999995 0.6323427515625 0.4740005 0.62525593125 0.45614607500000004 0.62494428125 0.44731528750000005 0.619264434375 0.38184906875 0.6181217171875
4 0.35853863124999996 0.418789509375 0.363170975 0.40920038437499995 0.35585215937500003 0.4021655046875 0.3233118953125 0.39054610625 0.2964338390625 0.39560265 0.282777859375 0.41055996875 0.3259501546875 0.40993211875 0.35853863124999996 0.418789509375
3 0.3682064390625 0.4617824625 0.3490328859375 0.45177780468749995 0.3282027265625 0.45141421406250004 0.30869169531249996 0.4607436296875 0.3278652484375 0.4707482859375 0.348695409375 0.4711118765625 0.3682064390625 0.4617824625
1 0.8283153359375 0.19352851875 0.8081601296875001 0.154496784375 0.777517528125 0.1194262703125 0.7393150562499999 0.0911309265625 0.6773548968750001 0.059658037500000004 0.6269602078125 0.0477269890625 0.57344515 0.044030028124999995 0.5287608796875001 0.0460129125 0.47495655625 0.05888801406250001 0.4029603296875 0.090785534375 0.37730498125 0.11105910781249999 0.3529205515625 0.1437876953125 0.3480953625 0.1644248609375 0.393117109375 0.1431079046875 0.41692300624999995 0.1435234390625 0.449463271875 0.1551428375 0.5000508031249999 0.156025846875 0.5450243390625 0.1374709 0.5658544984375 0.137834490625 0.5924432890625 0.14935000625 0.6231341031250001 0.1816585125 0.6317238374999999 0.201148409375 0.6334460859375 0.2730126171875 0.64169834375 0.311836584375 0.6648292859375 0.3509202609375 0.6940081250000001 0.38458380000000003 0.702597859375 0.40407369531250004 0.7158681484375 0.411212459375 0.7912258 0.3572707984375 0.8179592234375 0.3605002828125 0.8354279578125 0.38290801406249997 0.83991566875 0.381604921875 0.8474581078125001 0.29056246875 0.84242264375 0.23798039062499998 0.8283153359375 0.19352851875
6 0.3832297578125 0.4537561390625 0.3612907421875 0.5169187843749999 0.346122790625 0.5332311359374999 0.3456888921875 0.558089228125 0.35008018125 0.5623101546875 0.373693234375 0.57377373125 0.3944751828125 0.57689933125 0.4541827703125 0.566890125 0.46783875 0.55193280625 0.45065928125 0.5129530124999999 0.445672028125 0.457608925 0.41761947499999996 0.444686434375 0.39976505156250003 0.444374784375 0.3832297578125 0.4537561390625
5 0.347218296875 0.6410014765625001 0.36015110781250004 0.6674743109375 0.4012811078125 0.6985836062499999 0.416063371875 0.704367334375 0.44006211406249995 0.693734828125 0.49610157812500005 0.6380745390625 0.49166207812499996 0.636615621875 0.4496642796875 0.6552225093749999 0.4138590125 0.6601232296874999 0.3722469015625 0.6566340375 0.347218296875 0.6410014765625001
10 0.3608742734375 0.6260441578125 0.3502422453125 0.6382914078125 0.3844391171875 0.6402697421875 0.4797591296875 0.6364078546874999 0.48429504999999995 0.6323427515625 0.4740005 0.62525593125 0.45614607500000004 0.62494428125 0.44731528750000005 0.619264434375 0.38184906875 0.6181217171875 0.3608742734375 0.6260441578125
2 0.4586397015625 0.652616325 0.49015010312499996 0.63797065625 0.45297749375 0.6359403796875001 0.35019403437499996 0.6410534171875 0.3722469015625 0.6566340375 0.4138590125 0.6601232296874999 0.4586397015625 0.652616325
8 0.43897995625 0.4146679125 0.46000296093750004 0.4039834640625 0.5046872296875 0.4020005796875 0.540347865625 0.405385890625 0.5491786546874999 0.411065734375 0.575960290625 0.41153320937500004 0.587766815625 0.417264996875 0.5703462921875 0.39209525625 0.531950975 0.3748479515625 0.47536375781249995 0.37662307031250003 0.43941385625 0.389809821875 0.4258543 0.39924311874999996 0.4257578765625 0.404767140625 0.43897995625 0.4146679125
7 0.5127948546875001 0.449110578125 0.4665021875 0.45797251718750004 0.48572395156250003 0.4652151625 0.515481325 0.4657345796875 0.5529432 0.451192796875 0.5127948546875001 0.449110578125