0 0.44303219687500006 0 0 0.1022820421875 0 0.5569678031249999 0.1022820421875 1 0.5569678031249999 1 1 0.8977179578125 1 0.44303219687500006 0.8977179578125 0 0.44303219687500006 0
0 0.32842425 0.71066206875 0.35331004374999997 0.73094618125 0.44563740625000003 0.7895783328125 0.48109691874999994 0.7944065859375 0.52561961875 0.7859869578125 0.5730438312499999 0.7638827359375 0.652069653125 0.6861422953125 0.68820285625 0.6238821390625 0.710839021875 0.52941233125 0.739202271875 0.5210049140625 0.75663315625 0.5002474578125 0.776487359375 0.428730878125 0.766706878125 0.3863669609375 0.7440271078125 0.3581365609375 0.7309864671875 0.3016513390625 0.7151638609375001 0.26811934531250003 0.7051442828125001 0.20721816406250002 0.6901367171875 0.1772164953125 0.6682719875 0.15251642031249998 0.5674573796875 0.09212521093750001 0.5326933578124999 0.0815586515625 0.41852306562499997 0.05957652812499999 0.3379649109375 0.07817484375 0.3207513234375 0.056119462499999995 0.24426836875000002 0.092369409375 0.20010431562500003 0.1285949359375 0.164188409375 0.14804225625 0.13932441874999998 0.189108246875 0.1442146578125 0.21029020312500002 0.1581680859375 0.21822428125 0.132032659375 0.280035515625 0.1736974515625 0.40800068749999996 0.1998764796875 0.468889659375 0.2312825921875 0.5174163843749999 0.2609608796875 0.6109639265625 0.2838797484375 0.65773159375 0.32842425 0.71066206875
9 0.338541575 0.719481778125 0.44563740625000003 0.7895783328125 0.4834224890625 0.7957289328125 0.52561961875 0.7859869578125 0.5730438312499999 0.7638827359375 0.652069653125 0.6861422953125 0.68820285625 0.6238821390625 0.710839021875 0.52941233125 0.739202271875 0.5210049140625 0.75663315625 0.5002474578125 0.776487359375 0.428730878125 0.766706878125 0.3863669609375 0.7417015375 0.3568142140625 0.7172939375 0.37360463125 0.7036991578125 0.3934764546875 0.6932449875 0.418200946875 0.702210428125 0.45703453749999995 0.6976788328125 0.463658478125 0.6891915890625 0.46189942031250003 0.650808759375 0.40940565624999997 0.5924085781249999 0.2964596359375 0.5705438468749999 0.2717595609375 0.5496137046875 0.2598584453125 0.5110135812500001 0.25017752031249996 0.3770868328125 0.24763050781249998 0.3357047453125 0.260902809375 0.24795258125 0.318346925 0.22529461093749997 0.3514666265625 0.21613367656250002 0.41679597968750004 0.2426713515625 0.5054908499999999 0.25312552187500004 0.4807663546875 0.2736970171875 0.4648615703125 0.3167091859375 0.4586499234375 0.35763488125 0.46965319375 0.3470611625 0.4851090546875 0.307885096875 0.4904350703125 0.24895257499999998 0.51519619375 0.2452360203125 0.5253504609374999 0.2609608796875 0.6109639265625 0.2838797484375 0.65773159375 0.338541575 0.719481778125
9 0.46607809062500005 0.40557292812499995 0.424120059375 0.43385216875 0.416567403125 0.44489206875000004 0.42668472812499997 0.4537117796875 0.45423293906250006 0.441774034375 0.5593182390625 0.41565393593750005 0.5044391171875 0.3967165875 0.46607809062500005 0.40557292812499995
9 0.5452670640624999 0.4598013296875 0.5136436546875001 0.4540874421875 0.4867909375 0.46028688124999995 0.459481825 0.4907618921875 0.5078406265625001 0.481456628125 0.5452670640624999 0.4598013296875
9 0.3319558484375 0.5071888578125 0.3166114390625 0.51073139375 0.2923233890625 0.53679044375 0.3169700859375 0.538537290625 0.342312271875 0.534545834375 0.3652093390625 0.5199633968749999 0.3319558484375 0.5071888578125
9 0.3829011234375 0.5790933093749999 0.37733719374999997 0.6249997625 0.4021034390625 0.63601524375 0.4397689734375 0.632897209375 0.5032330890625001 0.6015121437500001 0.5077646812500001 0.594888203125 0.5028744421875 0.5737062468749999 0.4788036875 0.5569524578125 0.4449524546875 0.4978347546875 0.41716514687500006 0.49123523437500005 0.39414853125 0.4965490390625 0.376717646875 0.51730649375 0.3829011234375 0.5790933093749999
9 0.4272283296875 0.6748366234375001 0.3982891375 0.6982509796875 0.44549605468750003 0.718959596875 0.4678171796875 0.7193840984375 0.48548716093750005 0.7171639078125 0.517566965625 0.6986022234375 0.5476580421875 0.6451739859375001 0.4899969546875 0.6491898640625 0.4272283296875 0.6748366234375001
1 0.1998764796875 0.468889659375 0.2312825921875 0.5174163843749999 0.2496698671875 0.570807990625 0.253386421875 0.560653725 0.2482570828125 0.5209345 0.21613367656250002 0.41679597968750004 0.22529461093749997 0.3514666265625 0.24795258125 0.318346925 0.350234115625 0.2538299453125 0.39708238749999997 0.2467326640625 0.5110135812500001 0.25017752031249996 0.5496137046875 0.2598584453125 0.5705438468749999 0.2717595609375 0.5924085781249999 0.2964596359375 0.6098612640625001 0.3370522828125 0.6759336515625 0.44822703593749996 0.6976788328125 0.463658478125 0.702210428125 0.45703453749999995 0.6932449875 0.418200946875 0.7172939375 0.37360463125 0.7432120671875 0.354606234375 0.7309864671875 0.3016513390625 0.7151638609375001 0.26811934531250003 0.7051442828125001 0.20721816406250002 0.6901367171875 0.1772164953125 0.6682719875 0.15251642031249998 0.5674573796875 0.09212521093750001 0.5326933578124999 0.0815586515625 0.41852306562499997 0.05957652812499999 0.3379649109375 0.07817484375 0.3207513234375 0.056119462499999995 0.24426836875000002 0.092369409375 0.20010431562500003 0.1285949359375 0.164188409375 0.14804225625 0.13932441874999998 0.189108246875 0.1442146578125 0.21029020312500002 0.1581680859375 0.21822428125 0.132032659375 0.280035515625 0.1736974515625 0.40800068749999996 0.1998764796875 0.468889659375
4 0.424120059375 0.43385216875 0.416567403125 0.44489206875000004 0.42901029843750005 0.4550341265625 0.45423293906250006 0.441774034375 0.5593182390625 0.41565393593750005 0.5044391171875 0.3967165875 0.46607809062500005 0.40557292812499995 0.424120059375 0.43385216875
3 0.4867909375 0.46028688124999995 0.47307660625 0.47089006875 0.461807396875 0.4920842375 0.5078406265625001 0.481456628125 0.5452670640624999 0.4598013296875 0.5136436546875001 0.4540874421875 0.4867909375 0.46028688124999995
5 0.3982891375 0.6982509796875 0.44549605468750003 0.718959596875 0.47014275000000005 0.7207064437499999 0.503852634375 0.7092054125 0.517566965625 0.6986022234375 0.5476580421875 0.6451739859375001 0.5376602640625 0.6456229078125 0.484193925 0.6765590515625 0.3982891375 0.6982509796875
10 0.4899969546875 0.6491898640625 0.4272283296875 0.6748366234375001 0.403635771875 0.6951573671875 0.4718705765625 0.6756856265625 0.536149734375 0.6478308875 0.4899969546875 0.6491898640625
6 0.37733719374999997 0.6249997625 0.4021034390625 0.63601524375 0.44209454375 0.6342195546875 0.5032330890625001 0.6015121437500001 0.5077646812500001 0.594888203125 0.5028744421875 0.5737062468749999 0.4788036875 0.5569524578125 0.4449524546875 0.4978347546875 0.41716514687500006 0.49123523437500005 0.39414853125 0.4965490390625 0.376717646875 0.51730649375 0.3829011234375 0.5790933093749999 0.37733719374999997 0.6249997625
2 0.5002338265625 0.6672782078124999 0.42967344843750005 0.6854276015625 0.419795221875 0.6951451578125 0.5002338265625 0.6672782078124999
8 0.24557286562499997 0.49180625625 0.24116082031250002 0.5076988296875 0.2451164703125 0.516081828125 0.307885096875 0.4904350703125 0.3470611625 0.4851090546875 0.35763488125 0.46965319375 0.3167091859375 0.4586499234375 0.2736970171875 0.4648615703125 0.24557286562499997 0.49180625625
7 0.3166114390625 0.51073139375 0.2923233890625 0.53679044375 0.31929565625 0.5398596390625 0.342312271875 0.534545834375 0.3652093390625 0.5199633968749999 0.3319558484375 0.5071888578125 0.3166114390625 0.51073139375