0 0.486907034375 0 0 0.0255177171875 0 0.5130929531249999 0.0255177171875 1 0.4608988140625 1 1 0.972693684375 1 0.5437534671875001 0.9725374578125001 0 0.486907034375 0
0 0.7481972 0.13336104375 0.758996284375 0.12229118125 0.7578983265625 0.1013409109375 0.72400705 0.0698547109375 0.6856311953125 0.061361998437499995 0.6351753062500001 0.0394971640625 0.5548239015624999 0.026201693749999998 0.5447567890625 0.051238403125 0.46532034843750003 0.05540149062500001 0.3655666890625 0.1061462828125 0.33622015312500003 0.1251907796875 0.2590097078125 0.2080165 0.24534289999999997 0.2367431625 0.23942445937499998 0.2685650515625 0.24631802656250001 0.3277259078125 0.2405825796875 0.36303950937499996 0.243510465625 0.4189068953125 0.23002665000000003 0.4511252703125 0.23222256406250003 0.493025809375 0.269560625 0.5540924390625 0.291188875 0.5687148093750001 0.319650528125 0.5689738484375 0.3656519203125 0.6505942625000001 0.41558891249999996 0.698746053125 0.5093013015625 0.7498556265625 0.55902521875 0.7577536125 0.60243463125 0.7537279703124999 0.6339470015625001 0.7398219203124999 0.7037750625 0.6608843953125 0.7214075515625 0.6354512015625 0.7485581734375 0.574506165625 0.7573443375 0.5250274765625 0.7599689046875 0.4303547765625 0.77613745 0.37698789062500004 0.7841916421875 0.313542353125 0.78876896875 0.183754296875 0.7481972 0.13336104375
9 0.6304425609375001 0.41963645468750005 0.6653716328125 0.398548740625 0.7067982046875 0.3928763625 0.7300433078124999 0.40216204375000003 0.746272015625 0.4223193453125 0.7472797296875 0.33298333593749996 0.721472725 0.27481368906250003 0.6917301218749999 0.2501126703125 0.5953330015625 0.220151609375 0.5535404453125 0.2188405625 0.430358690625 0.25680796093749997 0.397229465625 0.2760507 0.3810308390625 0.29265549218750003 0.3673640296875 0.32138215468750003 0.3433242875 0.44168628906249996 0.32175619843750003 0.50058810625 0.3143738171875 0.5044763031249999 0.308425296875 0.4995360984375 0.30641237499999996 0.461127271875 0.2901836671875 0.44096996875 0.2723381046875 0.4261493578125 0.24531031250000002 0.41706191718749996 0.23002665000000003 0.4511252703125 0.23222256406250003 0.493025809375 0.269560625 0.5540924390625 0.291188875 0.5687148093750001 0.319650528125 0.5689738484375 0.3656519203125 0.6505942625000001 0.41558891249999996 0.698746053125 0.5093013015625 0.7498556265625 0.55902521875 0.7577536125 0.6006347828124999 0.755572946875 0.6339470015625001 0.7398219203124999 0.7143911546874999 0.646322821875 0.7485581734375 0.574506165625 0.7573443375 0.5250274765625 0.7491698203125 0.4414246390625 0.7430383078125 0.432992721875 0.6819663265625 0.4256894640625 0.6443224437499999 0.4311635984375 0.6304425609375001 0.41963645468750005
9 0.5131491625 0.389019871875 0.47532228749999994 0.39100229531249997 0.42959413125 0.423159871875 0.5337095374999999 0.419454065625 0.5623541828125 0.423204815625 0.5693705796875 0.41233319531249996 0.5594563781249999 0.4040995234375 0.5131491625 0.389019871875
9 0.541853971875 0.466294809375 0.5085116734375 0.44528374218750005 0.482032859375 0.44667143749999993 0.454303178125 0.4603792453125 0.4946618734375 0.47051869375 0.541853971875 0.466294809375
9 0.6367871484375 0.46832217500000006 0.6618321 0.47576288125 0.6863280734375 0.47272844999999997 0.7086582140625 0.46455557187499996 0.6792815953125 0.4468379765625 0.6641508453125 0.44763094531250003 0.6367871484375 0.46832217500000006
9 0.524830625 0.5757273234375 0.5307791453124999 0.580667528125 0.597799646875 0.5929109921875 0.6334606890625001 0.585790121875 0.6534420046875 0.5689870875 0.6361153390625 0.527879515625 0.6254390859375001 0.4689169015625 0.6038108359375001 0.4542945328125 0.581114709375 0.4554839859375 0.557167715625 0.4689935515625 0.5415481484375 0.532835571875 0.5237326671875 0.5547770546875 0.524830625 0.5757273234375
9 0.653502165625 0.6425112734375 0.6205258546875 0.6284836312500001 0.5556711859375 0.6213786140625001 0.501279696875 0.63298240625 0.543285328125 0.6745472578125 0.5778784953125 0.6832382140625 0.59480909375 0.6806002671875 0.6153393859375 0.6742723671874999 0.653502165625 0.6425112734375
1 0.6856311953125 0.061361998437499995 0.6351753062500001 0.0394971640625 0.5548239015624999 0.026201693749999998 0.5447567890625 0.051238403125 0.46532034843750003 0.05540149062500001 0.3655666890625 0.1061462828125 0.33622015312500003 0.1251907796875 0.2590097078125 0.2080165 0.24534289999999997 0.2367431625 0.23942445937499998 0.2685650515625 0.24631802656250001 0.3277259078125 0.2405825796875 0.36303950937499996 0.2433274734375 0.4154151828125 0.2723381046875 0.4261493578125 0.30641237499999996 0.461127271875 0.308425296875 0.4995360984375 0.3143738171875 0.5044763031249999 0.33038945000000003 0.48437979843749995 0.36199456875 0.36367917968749996 0.3673640296875 0.32138215468750003 0.3810308390625 0.29265549218750003 0.397229465625 0.2760507 0.430358690625 0.25680796093749997 0.5348100015624999 0.223323484375 0.580019259375 0.21745286562500002 0.6917301218749999 0.2501126703125 0.721472725 0.27481368906250003 0.7472797296875 0.33298333593749996 0.7452041406250001 0.43813116875 0.7509997484375 0.4763417546875 0.7571312625 0.4847736703125 0.7599689046875 0.4303547765625 0.77613745 0.37698789062500004 0.7841916421875 0.313542353125 0.78876896875 0.183754296875 0.7481972 0.13336104375 0.758996284375 0.12229118125 0.7578983265625 0.1013409109375 0.72400705 0.0698547109375 0.6856311953125 0.061361998437499995
4 0.5594563781249999 0.4040995234375 0.5131491625 0.389019871875 0.47532228749999994 0.39100229531249997 0.42959413125 0.423159871875 0.5337095374999999 0.419454065625 0.5605543359375 0.42504979218749994 0.5693705796875 0.41233319531249996 0.5594563781249999 0.4040995234375
3 0.482032859375 0.44667143749999993 0.454303178125 0.4603792453125 0.4946618734375 0.47051869375 0.5400541249999999 0.4681397859375 0.524008409375 0.451474196875 0.5085116734375 0.44528374218750005 0.482032859375 0.44667143749999993
5 0.6153393859375 0.6742723671874999 0.653502165625 0.6425112734375 0.5683001984375 0.64522586875 0.51064491875 0.6307409453124999 0.501279696875 0.63298240625 0.543285328125 0.6745472578125 0.5587820640625 0.6807377125 0.5930092453125 0.6824452453125 0.6153393859375 0.6742723671874999
10 0.57946526875 0.64113943125 0.6477366390625 0.6410627812499999 0.6205258546875 0.6284836312500001 0.5556711859375 0.6213786140625001 0.5126277609375001 0.6323876796875 0.57946526875 0.64113943125
6 0.5237326671875 0.5547770546875 0.524830625 0.5757273234375 0.5307791453124999 0.580667528125 0.5959998 0.59475596875 0.6334606890625001 0.585790121875 0.6534420046875 0.5689870875 0.6361153390625 0.527879515625 0.6254390859375001 0.4689169015625 0.6038108359375001 0.4542945328125 0.581114709375 0.4554839859375 0.557167715625 0.4689935515625 0.5415481484375 0.532835571875 0.5237326671875 0.5547770546875
2 0.63278888125 0.6453474625 0.6210748328125 0.638958765625 0.551003615625 0.6408803921875 0.63278888125 0.6453474625
8 0.74825485625 0.42396607968750005 0.739957509375 0.41039571874999997 0.7067982046875 0.3928763625 0.6653716328125 0.398548740625 0.6304425609375001 0.41963645468750005 0.6443224437499999 0.4311635984375 0.6819663265625 0.4256894640625 0.74682099375 0.4327944796875 0.74825485625 0.42396607968750005
7 0.6641508453125 0.44763094531250003 0.6367871484375 0.46832217500000006 0.6618321 0.47576288125 0.6845282265625 0.4745734265625 0.7086582140625 0.46455557187499996 0.6792815953125 0.4468379765625 0.6641508453125 0.44763094531250003