0 0.080450184375 0 0 0.4562556671875 0 0.919549815625 0.4562556671875 1 0.919549815625 1 1 0.5437443328125 1 0.080450184375 0.5437443328125 0 0.080450184375 0
0 0.3187105484375 0.6401894390625 0.3395316140625 0.6686628421874999 0.37387054218750004 0.6980608625 0.414378721875 0.7183340640625 0.4863681203125 0.7324866828125 0.5197998859374999 0.7325458203124999 0.5778632484374999 0.71360503125 0.6283512078125 0.6772800859375 0.64858271875 0.6487506296875 0.69639435 0.6017411515625 0.7318220734375 0.590480659375 0.7545031203125 0.5653010140625 0.784669003125 0.497672759375 0.8041295749999999 0.3873063734375 0.7988223265625 0.348437959375 0.7807684046875 0.2956503921875 0.7511471671875001 0.24811792656249998 0.71585566875 0.2068803734375 0.6785682140625 0.176962446875 0.6422333296875 0.15888405625 0.6044014765625 0.1492953875 0.5434349968750001 0.15021692343749998 0.4927656546875 0.1617077984375 0.45339142812500005 0.1781082015625 0.40734896249999997 0.20646332812499998 0.370877853125 0.240882984375 0.307234796875 0.3259514515625 0.309412134375 0.339465890625 0.36248560625000004 0.34882417499999996 0.38167373125 0.3434538828125 0.389249134375 0.3608380390625 0.3877521671875 0.3693277625 0.3751868734375 0.380242678125 0.327965046875 0.38942355 0.31145325156250003 0.4054783765625 0.30251685625 0.4389173609375 0.3059189625 0.45410670625 0.2939432265625 0.5220244828125 0.29335342343750004 0.5598530875 0.2991596578125 0.5958915953125 0.3187105484375 0.6401894390625
1 0.7192116203125 0.5240634609375 0.697936725 0.5757520796875 0.6951695828125 0.6000662453125 0.7266508 0.5939456640625 0.750556615625 0.570440925 0.7911104515625 0.4783833140625 0.8040841656250001 0.40480572343750004 0.8031770046875 0.3754668390625 0.7871190375 0.3113596421875 0.767069159375 0.2698917046875 0.72860234375 0.22079952656250001 0.6947624046875001 0.1885715984375 0.6618750359375001 0.1681832046875 0.6220926343750001 0.1524148171875 0.580314278125 0.1479660578125 0.5340904296875 0.151487115625 0.47652605625 0.16759799687500002 0.43320532500000003 0.189138309375 0.40734896249999997 0.20646332812499998 0.370877853125 0.240882984375 0.32796529531249996 0.2945920859375 0.3057378296875 0.334441171875 0.309412134375 0.339465890625 0.36003606875 0.3454743640625 0.48364762812500006 0.2651441765625 0.5284199187499999 0.2526134921875 0.5682477265625 0.25088253125 0.6296677875000001 0.26463043750000004 0.6993436234375 0.3177666640625 0.718214140625 0.340060346875 0.7333649453125 0.3748286609375 0.7356782578125001 0.43067651875 0.7192116203125 0.5240634609375
9 0.3395316140625 0.6686628421874999 0.37387054218750004 0.6980608625 0.415603490625 0.7200089703125 0.504558265625 0.7327762046874999 0.5355404953125 0.7294855296875 0.568019690625 0.71770513125 0.6175096734375 0.6870400015625 0.6673172609375 0.6287108953125 0.6958953609375 0.604571059375 0.697936725 0.5757520796875 0.7192116203125 0.5240634609375 0.7356782578125001 0.43067651875 0.7333649453125 0.3748286609375 0.718214140625 0.340060346875 0.6993436234375 0.3177666640625 0.6183726734375 0.2597209125 0.5682477265625 0.25088253125 0.5377644874999999 0.25134329843750003 0.48364762812500006 0.2651441765625 0.36003606875 0.3454743640625 0.35241525937499996 0.34558955625 0.36248560625000004 0.34882417499999996 0.38167373125 0.3434538828125 0.389249134375 0.3608380390625 0.38380566250000003 0.3744676703125 0.35894727656250003 0.3861328765625 0.327965046875 0.38942355 0.31145325156250003 0.4054783765625 0.30251685625 0.4389173609375 0.3059189625 0.45410670625 0.2939432265625 0.5220244828125 0.29430599218750003 0.571692621875 0.30111020625 0.6020713140625 0.3187105484375 0.6401894390625 0.3395316140625 0.6686628421874999
9 0.42862336093750003 0.3444376359375 0.51286044375 0.3753393171875 0.5374012234375 0.3913380890625 0.5459746046875 0.40306242968749995 0.5624409921875 0.404506953125 0.5656617171875 0.3948622296875 0.5472901875 0.36973863906250004 0.5095037437500001 0.342650621875 0.453980734375 0.3299425234375 0.42862336093750003 0.3444376359375
9 0.6105245734375 0.4421643125 0.648855415625 0.4489230734375 0.6822417734374999 0.466481559375 0.70995786875 0.49033495625 0.714131165625 0.49252976718749997 0.7163539109375 0.48854485781249996 0.7090507078125 0.4609960734375 0.695578253125 0.4425721078125 0.676934525 0.4276131453125 0.6297581046875 0.41929466875 0.6145164859375 0.419525053125 0.6058976984375 0.42530005937500004 0.6105245734375 0.4421643125
9 0.49408049218750005 0.4128784 0.4778863015625 0.40126925 0.43833069374999994 0.3928355828125 0.49870736875 0.42974265312500004 0.504604421875 0.4307824625 0.49408049218750005 0.4128784
9 0.4906781359375 0.49252051874999997 0.46309801406249995 0.511000540625 0.47262396406249996 0.534564415625 0.5057381249999999 0.56228753125 0.5541393125 0.5722809125 0.5667046046875 0.5613659953125001 0.5677933984375 0.5207074828125 0.5831712421875 0.467979053125 0.5672492515625 0.44620527499999996 0.5530056078125 0.44077584375 0.528419421875 0.44227642031250003 0.4906781359375 0.49252051874999997
9 0.6163308109375001 0.47820281875 0.604763496875 0.48345791875 0.637424075 0.49651159375000004 0.657791559375 0.510315553125 0.6666371375 0.5118752671875 0.6561132109375001 0.49397120625 0.6399190203125 0.48236205625000006 0.6163308109375001 0.47820281875
9 0.406395396875 0.5739496515625 0.4384661703125 0.6248319296875 0.4600584234375 0.6403107968749999 0.4873209390625 0.649494753125 0.5003398125 0.653249278125 0.524926 0.6517487 0.5522339234375 0.6434333078125001 0.52061673125 0.6072204718750001 0.48673138437499996 0.59249189375 0.46513912968750004 0.5770130250000001 0.417463721875 0.5715244578124999 0.406395396875 0.5739496515625
4 0.648855415625 0.4489230734375 0.6822417734374999 0.466481559375 0.7111826375 0.49200986249999995 0.7163539109375 0.48854485781249996 0.7090507078125 0.4609960734375 0.695578253125 0.4425721078125 0.676934525 0.4276131453125 0.6297581046875 0.41929466875 0.6145164859375 0.419525053125 0.6058976984375 0.42530005937500004 0.6105245734375 0.4421643125 0.648855415625 0.4489230734375
3 0.604763496875 0.48345791875 0.637424075 0.49651159375000004 0.659016328125 0.511990459375 0.6666371375 0.5118752671875 0.664686590625 0.5056955484375 0.6399190203125 0.48236205625000006 0.6163308109375001 0.47820281875 0.604763496875 0.48345791875
6 0.46309801406249995 0.511000540625 0.47262396406249996 0.534564415625 0.50696289375 0.5639624359375001 0.5541393125 0.5722809125 0.5667046046875 0.5613659953125001 0.5696985390625 0.5443865515625 0.565298453125 0.5348570203125 0.5831712421875 0.467979053125 0.5726473140625 0.450074990625 0.5559541343750001 0.4412957484375 0.5266956640625 0.443431421875 0.4906781359375 0.49252051874999997 0.46309801406249995 0.511000540625
5 0.4384661703125 0.6248319296875 0.4600584234375 0.6403107968749999 0.48854570781250006 0.6511696578125 0.524926 0.6517487 0.5522339234375 0.6434333078125001 0.490587071875 0.62235068125 0.406395396875 0.5739496515625 0.4384661703125 0.6248319296875
10 0.47439288125 0.6107415296875 0.5004306281249999 0.61825058125 0.5279199343750001 0.63476925625 0.5473348484375 0.6367336828125 0.5098206046875 0.5994810375 0.48673138437499996 0.59249189375 0.46513912968750004 0.5770130250000001 0.417463721875 0.5715244578124999 0.4122924484375 0.5749894609374999 0.4474025640625 0.591392946875 0.47439288125 0.6107415296875
2 0.4474025640625 0.591392946875 0.436833228125 0.5909882328125 0.45720071406249996 0.6047921953125 0.4648215234375 0.6046770015625 0.4474025640625 0.591392946875
2 0.4891355125 0.613341053125 0.4726691234375 0.61189653125 0.490587071875 0.62235068125 0.5100019859375 0.6243151078125 0.4891355125 0.613341053125
8 0.51286044375 0.3753393171875 0.5374012234375 0.3913380890625 0.547199371875 0.4047373375 0.5624409921875 0.404506953125 0.5656617171875 0.3948622296875 0.5472901875 0.36973863906250004 0.5095037437500001 0.342650621875 0.453980734375 0.3299425234375 0.42862336093750003 0.3444376359375 0.51286044375 0.3753393171875
7 0.4778863015625 0.40126925 0.43833069374999994 0.3928355828125 0.4999321359375 0.4314175578125 0.504604421875 0.4307824625 0.502653871875 0.42460274218749994 0.4778863015625 0.40126925