0 0.49127245156250005 0 0 0.0171556125 0 0.5087275484375 0.0171556125 1 0.5087275484375 1 1 0.9828443874999999 1 0.49127245156250005 0.9828443874999999 0 0.49127245156250005 0
0 0.4784141125 0.7168617734375 0.5053495 0.741084428125 0.54602853125 0.7633469515625 0.5909446015625 0.775100171875 0.6661038203125 0.7739557453125 0.6996190906249999 0.7668646 0.7537676515625 0.7353698578125 0.7966186625 0.6879875265625001 0.8108109593749999 0.6549277046875 0.8487021640625001 0.597357234375 0.881804421875 0.5784389765625 0.8991655890624999 0.5482288796875 0.9149779609375001 0.47366711875 0.9109510953125 0.3583527921875 0.89734634375 0.320342896875 0.8680005 0.27104116093749997 0.8281831296875 0.22950605781250003 0.7840254718749999 0.1955234765625 0.740280821875 0.1733680078125 0.700014803125 0.16293259531249998 0.6600585406249999 0.161367515625 0.5991592328124999 0.17533569843750002 0.550832146875 0.1977460015625 0.5148707765625 0.222684865625 0.4747756234375 0.261089809375 0.445565003125 0.3035552328125 0.39992249375 0.402841753125 0.40498555625000004 0.415986671875 0.46016664531249996 0.41405970468750003 0.4782505828125 0.40454705 0.48954813125 0.4204346390625 0.489857890625 0.429304971875 0.479592871875 0.44298515937499994 0.4342281484375 0.4623316296875 0.4211040203125 0.482032425 0.4192774390625 0.5176208109375 0.42592493593749997 0.532190590625 0.42840300625000005 0.603153253125 0.435876528125 0.6413772546875001 0.44937802812500005 0.6764303703125 0.4784141125 0.7168617734375
1 0.8550079281249999 0.5142462984375 0.8447072703125 0.5708532875000001 0.8471177296875 0.5959323703125 0.8773608765625 0.583034725 0.8963064781250001 0.5542494875 0.91732080625 0.4528626203125 0.9146362296874999 0.37598640156249996 0.90747246875 0.34663273437500003 0.8777136109375 0.2855038890625 0.848780778125 0.24802926250000001 0.7997665640625 0.20681531875 0.758984278125 0.18159601875 0.7216806203125 0.168096775 0.6784522374999999 0.16072519375 0.635636865625 0.165180721875 0.5900656375 0.1786136375 0.535813825 0.20715160156249998 0.4969933453125 0.2381110765625 0.4747756234375 0.261089809375 0.445565003125 0.3035552328125 0.4140115390625 0.366825153125 0.400232253125 0.41171208437500006 0.40498555625000004 0.415986671875 0.45699777656249996 0.41120998125 0.5637461 0.3038688328125 0.6059419546875 0.2816726375 0.645485203125 0.2714106078125 0.70996639375 0.2721192578125 0.7911179515625 0.31073075 0.8147812156249999 0.32914690156250004 0.8373763125 0.3609220796875 0.8516005812499999 0.41667263906249996 0.8550079281249999 0.5142462984375
9 0.5053495 0.741084428125 0.54602853125 0.7633469515625 0.5925290359375001 0.7765250328125 0.6843942640625 0.7703566453125 0.714740665625 0.7604157765624999 0.7447773078125 0.7416045734375001 0.7878348265625 0.7001357984375 0.8253130171875 0.630738215625 0.848805415625 0.6003140109375 0.8447072703125 0.5708532875000001 0.8550079281249999 0.5142462984375 0.8516005812499999 0.41667263906249996 0.8373763125 0.3609220796875 0.8147812156249999 0.32914690156250004 0.7911179515625 0.31073075 0.6976006765625 0.2695906953125 0.645485203125 0.2714106078125 0.6150355484375 0.2783947 0.5637461 0.3038688328125 0.45699777656249996 0.41120998125 0.4493853625 0.41295600312499997 0.46016664531249996 0.41405970468750003 0.4782505828125 0.40454705 0.48954813125 0.4204346390625 0.486998778125 0.43532557968749996 0.46457455000000003 0.45239075937499995 0.4342281484375 0.4623316296875 0.4211040203125 0.482032425 0.4192774390625 0.5176208109375 0.42592493593749997 0.532190590625 0.42840300625000005 0.603153253125 0.43935515625 0.6530973109375 0.45265015000000003 0.6822368734375 0.4784141125 0.7168617734375 0.5053495 0.741084428125
9 0.5255095 0.395495775 0.6165130624999999 0.40859996875000004 0.6445166203125 0.4194635953125 0.655607659375 0.42943762812499997 0.672416921875 0.4273704453125 0.6735883453125 0.416968196875 0.649821828125 0.3955952671875 0.6061804328125 0.376396575 0.547830475 0.3754738171875 0.5255095 0.395495775
9 0.728630540625 0.4550112546875 0.7684835484375 0.45361955781249996 0.8056839531250001 0.4641620234375 0.838544065625 0.48225701406250004 0.8431941171874999 0.483574821875 0.8445720453125001 0.4790861296875 0.8313803046875 0.452903346875 0.813951525 0.4372298640625 0.7920792015625 0.42615212968750005 0.7430293453125 0.42786498906250003 0.7278045171875 0.43135703437500006 0.720398609375 0.4390166125 0.728630540625 0.4550112546875
9 0.6056961390625 0.45042306875 0.586992684375 0.4421950578125 0.5455552421875 0.44216189375 0.613928071875 0.4664177125 0.620059303125 0.46620360468750005 0.6056961390625 0.45042306875
9 0.619265253125 0.5313597640625 0.5955663484375 0.5558704140625 0.6101360171875 0.57756450625 0.649230615625 0.598402165625 0.69986490625 0.5981141703125 0.7101299234375 0.5844339828125 0.70255315 0.543253203125 0.706722575 0.48686032187499995 0.686124928125 0.46833711562499997 0.67069359375 0.46591560625 0.6463751734375001 0.4726855921875 0.619265253125 0.5313597640625
9 0.7421320406249999 0.49006437031249994 0.7316605171874999 0.49783100312500006 0.7671732328124999 0.5039918296875 0.7905267375 0.5135376484374999 0.7997235875 0.5132164875 0.7853604234375 0.497435953125 0.76665696875 0.48920794062499995 0.7421320406249999 0.49006437031249994
9 0.55216343125 0.6313956609375 0.5951496671875 0.6757804875 0.620087609375 0.6867511703125 0.649365840625 0.6901693250000001 0.6632127375 0.6911659734375 0.6875311609375 0.6843959890625 0.7131242578125 0.6701805328125 0.6737199031250001 0.6404725390625 0.6366227515625 0.63288685 0.6116848109374999 0.6219161703125 0.5627382078125 0.62658580625 0.55216343125 0.6313956609375
4 0.7684835484375 0.45361955781249996 0.8056839531250001 0.4641620234375 0.8401285 0.483681875 0.8445720453125001 0.4790861296875 0.8313803046875 0.452903346875 0.813951525 0.4372298640625 0.7920792015625 0.42615212968750005 0.7430293453125 0.42786498906250003 0.7278045171875 0.43135703437500006 0.720398609375 0.4390166125 0.728630540625 0.4550112546875 0.7684835484375 0.45361955781249996
3 0.7316605171874999 0.49783100312500006 0.7671732328124999 0.5039918296875 0.792111171875 0.5149625109375 0.7997235875 0.5132164875 0.796451465625 0.5074099859375 0.76665696875 0.48920794062499995 0.7421320406249999 0.49006437031249994 0.7316605171874999 0.49783100312500006
6 0.5955663484375 0.5558704140625 0.6101360171875 0.57756450625 0.6508150500000001 0.599827028125 0.69986490625 0.5981141703125 0.7101299234375 0.5844339828125 0.7095104046875 0.5666933171874999 0.703069415625 0.5580370921875 0.706722575 0.48686032187499995 0.6923594140625 0.4710797875 0.673759209375 0.465808553125 0.644893990625 0.47421750781250005 0.619265253125 0.5313597640625 0.5955663484375 0.5558704140625
5 0.5951496671875 0.6757804875 0.620087609375 0.6867511703125 0.650950275 0.6915941875 0.6875311609375 0.6843959890625 0.7131242578125 0.6701805328125 0.646852128125 0.662133465625 0.55216343125 0.6313956609375 0.5951496671875 0.6757804875
10 0.6281486734375 0.6539054546874999 0.655842471875 0.6558987484375 0.68691164375 0.6666553234375 0.706786521875 0.664481084375 0.6612509328125 0.6349871984375 0.6366227515625 0.63288685 0.6116848109374999 0.6219161703125 0.5627382078125 0.62658580625 0.5582946625 0.631181553125 0.59697625 0.6401921046875 0.6281486734375 0.6539054546874999
2 0.59697625 0.6401921046875 0.5862982203125 0.6420451796875 0.609651725 0.6515909984375 0.6172641390625 0.6498449749999999 0.59697625 0.6401921046875
2 0.6434767531250001 0.6533701859375001 0.6266674921875001 0.6554373703125 0.646852128125 0.662133465625 0.6667270078125 0.659959228125 0.6434767531250001 0.6533701859375001
8 0.6165130624999999 0.40859996875000004 0.6445166203125 0.4194635953125 0.6571920953125 0.43086249062500004 0.672416921875 0.4273704453125 0.6735883453125 0.416968196875 0.649821828125 0.3955952671875 0.6061804328125 0.376396575 0.547830475 0.3754738171875 0.5255095 0.395495775 0.6165130624999999 0.40859996875000004
7 0.586992684375 0.4421950578125 0.5455552421875 0.44216189375 0.61551250625 0.46784257343749996 0.620059303125 0.46620360468750005 0.61678718125 0.46039710312500004 0.586992684375 0.4421950578125