0 0.4606491453125 0 0 0.0729596578125 0 0.5393508546875 0.0729596578125 1 0.5393508546875 1 1 0.9270403421875001 1 0.4606491453125 0.9270403421875001 0 0.4606491453125 0
0 0.274898490625 0.71265696875 0.3423563859375 0.8046352359375 0.3746461953125 0.8296117796875 0.41948972500000004 0.8384396578125 0.4695161703125 0.832286290625 0.49790545625 0.8207096953124999 0.60544589375 0.7364152921875 0.644676275 0.6859507125000001 0.6805531109375 0.602386446875 0.7210208515625001 0.5835866796875 0.7476975109375 0.5492707640625001 0.7626992796875001 0.5008735765625 0.7651473265625001 0.46862505312499997 0.7527103421875 0.41395347187500003 0.7373500468749999 0.40045590937500003 0.712027484375 0.3956163875 0.7008011875 0.277031471875 0.6751200984375 0.2102972 0.6469909625 0.1758114515625 0.609921803125 0.14451170625 0.57292435 0.1255909140625 0.5180468484375 0.113042128125 0.4537540546875 0.1126048421875 0.4132146078125 0.11902565937500001 0.35902749218749996 0.13468823125 0.32067593906249997 0.1549228734375 0.277688446875 0.1935922125 0.2510117859375 0.227908128125 0.21363744062499998 0.32586992656249997 0.21340396250000002 0.46751042031249995 0.19935273125 0.4980566203125 0.21248009843750001 0.5809395562499999 0.22532064375 0.61430669375 0.274898490625 0.71265696875
9 0.3423563859375 0.8046352359375 0.3746461953125 0.8296117796875 0.42160591406250003 0.8398745296874999 0.4695161703125 0.832286290625 0.49790545625 0.8207096953124999 0.60544589375 0.7364152921875 0.644676275 0.6859507125000001 0.6805531109375 0.602386446875 0.7210208515625001 0.5835866796875 0.7476975109375 0.5492707640625001 0.7626992796875001 0.5008735765625 0.7651473265625001 0.46862505312499997 0.7585836421875001 0.427183584375 0.747930990625 0.4076302703125 0.7373500468749999 0.40045590937500003 0.7141436734375 0.3970512609375 0.697357571875 0.41033018125 0.6689682875 0.42190677968749996 0.650684675 0.4495832328125 0.636418328125 0.44299258124999996 0.602649371875 0.25363622656249996 0.5829849921875 0.22488996718749998 0.5385450234375 0.1947576453125 0.49103833124999996 0.18104143749999999 0.45732271874999997 0.182841378125 0.3421246515625 0.2187873984375 0.296805853125 0.218885015625 0.2752404 0.2258407359375 0.2369605546875 0.2584543265625 0.21363744062499998 0.32586992656249997 0.2128569890625 0.46405696562500004 0.23011835781249998 0.44185254843750005 0.2701108296875 0.4319782765625 0.3133851453125 0.4428247359375 0.32451306406249997 0.4534525546875 0.3129815828125 0.46412918281250004 0.28922823593749997 0.45727107968749997 0.23026176875 0.46661045 0.20767407499999999 0.4790382078125 0.19935273125 0.4980566203125 0.21248009843750001 0.5809395562499999 0.22532064375 0.61430669375 0.274898490625 0.71265696875 0.3423563859375 0.8046352359375
9 0.3934417984375 0.43545514062499996 0.4051166890625 0.449536415625 0.4740454234375 0.431539 0.5594284 0.4339460609375 0.5652299937499999 0.434797221875 0.5662522359375 0.42932518281250004 0.550344965625 0.4123741640625 0.48809665625000004 0.40099280000000004 0.429677159375 0.41378562656250006 0.3934417984375 0.43545514062499996
9 0.295648509375 0.47395464687500005 0.2656183015625 0.47517087656249996 0.24467152812499998 0.49795900312499997 0.264739471875 0.5054008171875 0.303709703125 0.5009985828125 0.326297396875 0.48857082187499995 0.295648509375 0.47395464687500005
9 0.4651771046875 0.44710395468749997 0.44784403125 0.45692942031249995 0.43372109375 0.4750966703125 0.47221605625 0.479619928125 0.49644467187499997 0.4775525375 0.529541603125 0.4599201921875 0.4872895296875 0.443601690625 0.4651771046875 0.44710395468749997
9 0.32004720625 0.592223303125 0.3222351 0.6060371265625 0.337595396875 0.6195346890625 0.37028876875 0.6232067890625 0.42604509999999995 0.6055256328125 0.44071501093750004 0.5908118390625 0.43265381718749996 0.5637679062500001 0.41995668437499994 0.5551586703125 0.40000548125 0.47689660937499995 0.36990356874999997 0.46573388906249996 0.3514765453125 0.4686524421875 0.33680663593750004 0.48336623593750006 0.33041303437499997 0.5622608140625001 0.32004720625 0.592223303125
9 0.3310583859375 0.67367136875 0.3152945265625 0.68147825 0.35495514375 0.705287371875 0.3876485125 0.708959471875 0.4371279828125 0.69935265 0.47179413124999997 0.6797017203125 0.489602475 0.660950759375 0.47165072031250005 0.65494381875 0.43424970468749996 0.6573274703124999 0.3310583859375 0.67367136875
1 0.6079756984375 0.2634128828125 0.631092003125 0.433215925 0.6469992718750001 0.45016694375000005 0.6689682875 0.42190677968749996 0.7125744578125001 0.39906984375 0.7073648718750001 0.318472940625 0.6916460484375 0.243080625 0.6751200984375 0.2102972 0.6469909625 0.1758114515625 0.609921803125 0.14451170625 0.57292435 0.1255909140625 0.5180468484375 0.113042128125 0.4537540546875 0.1126048421875 0.4132146078125 0.11902565937500001 0.35902749218749996 0.13468823125 0.32067593906249997 0.1549228734375 0.277688446875 0.1935922125 0.2510117859375 0.227908128125 0.24269044218750002 0.2469265375 0.2453536046875 0.2518148671875 0.2857496390625 0.22063614843749998 0.3421246515625 0.2187873984375 0.45732271874999997 0.182841378125 0.49103833124999996 0.18104143749999999 0.5385450234375 0.1947576453125 0.5829849921875 0.22488996718749998 0.6079756984375 0.2634128828125
4 0.4740454234375 0.431539 0.5493944281250001 0.430225153125 0.5615445890624999 0.4353809328125 0.5662522359375 0.42932518281250004 0.550344965625 0.4123741640625 0.48809665625000004 0.40099280000000004 0.429677159375 0.41378562656250006 0.3934417984375 0.43545514062499996 0.4051166890625 0.449536415625 0.4740454234375 0.431539
3 0.454667865625 0.4523085421875 0.43372109375 0.4750966703125 0.47433224531249996 0.48105480156249997 0.49644467187499997 0.4775525375 0.529541603125 0.4599201921875 0.4872895296875 0.443601690625 0.454667865625 0.4523085421875
5 0.3152945265625 0.68147825 0.35495514375 0.705287371875 0.3897647015625 0.71039434375 0.4371279828125 0.69935265 0.47179413124999997 0.6797017203125 0.489602475 0.660950759375 0.378565078125 0.687387575 0.3152945265625 0.68147825
10 0.3310583859375 0.67367136875 0.322665334375 0.6803108296875 0.3890743171875 0.6821829875 0.481684690625 0.6586647250000001 0.43424970468749996 0.6573274703124999 0.3310583859375 0.67367136875
2 0.42435914375 0.6783644640625 0.353789490625 0.6860015109375001 0.378565078125 0.687387575 0.42435914375 0.6783644640625
6 0.3222351 0.6060371265625 0.337595396875 0.6195346890625 0.3724049578125 0.6246416609375001 0.42604509999999995 0.6055256328125 0.44071501093750004 0.5908118390625 0.43265381718749996 0.5637679062500001 0.41995668437499994 0.5551586703125 0.40000548125 0.47689660937499995 0.36990356874999997 0.46573388906249996 0.3514765453125 0.4686524421875 0.33680663593750004 0.48336623593750006 0.33041303437499997 0.5622608140625001 0.32004720625 0.592223303125 0.3222351 0.6060371265625
8 0.23026176875 0.46661045 0.28922823593749997 0.45727107968749997 0.3092961796875 0.46471289374999997 0.31980541875 0.4595083046875 0.3239660890625 0.4499991 0.2701108296875 0.4319782765625 0.244313 0.43606425 0.22329452187499998 0.44647342500000003 0.21081250625 0.47500104218750006 0.23026176875 0.46661045
7 0.2656183015625 0.47517087656249996 0.24467152812499998 0.49795900312499997 0.2668556609375 0.5068356890625 0.303709703125 0.5009985828125 0.326297396875 0.48857082187499995 0.295648509375 0.47395464687500005 0.2656183015625 0.47517087656249996