0 0.49127245156250005 0 0 0.0171556125 0 0.5087275484375 0.0171556125 1 0.5087275484375 1 1 0.9828443874999999 1 0.49127245156250005 0.9828443874999999 0 0.49127245156250005 0
0 0.309653575 0.65323315625 0.360466815625 0.7438717015625 0.3869062109375 0.77003498125 0.4264981828125 0.7829923437499999 0.47244415 0.7829812046875 0.49941616875 0.775666009375 0.6060816484375 0.7113947328125 0.64718344375 0.67012624375 0.68892900625 0.5985620546875 0.7276318171875 0.5860572328125 0.7555810390625 0.5579946609374999 0.7745318859375 0.515906371875 0.7803301593749999 0.487024 0.7751525515625 0.4362183328125 0.7627548890625 0.4223113234375 0.740381653125 0.415125978125 0.743401303125 0.306674271875 0.7275812515625 0.24349362812500003 0.7059629265625 0.20919535625000002 0.6759019515625 0.1767852359375 0.644530340625 0.1555741734375 0.5962734328125 0.138139415625 0.5381520921875 0.1306090921875 0.50075991875 0.13191485625 0.44999288125000003 0.1400609890625 0.41304528749999997 0.154097846875 0.369854840625 0.1842859828125 0.34190561875 0.212348553125 0.297205346875 0.2967625421875 0.2812554109375 0.42478570937500004 0.265148128125 0.450841425 0.26781560625 0.527227984375 0.27572563125 0.5588183078125 0.309653575 0.65323315625
9 0.360466815625 0.7438717015625 0.3869062109375 0.77003498125 0.4282533984375 0.7845243796875 0.47244415 0.7829812046875 0.49941616875 0.775666009375 0.6060816484375 0.7113947328125 0.64718344375 0.67012624375 0.68892900625 0.5985620546875 0.7276318171875 0.5860572328125 0.7555810390625 0.5579946609374999 0.7745318859375 0.515906371875 0.7803301593749999 0.487024 0.7789964203124999 0.44883072031250004 0.7715309734375 0.4299714921875 0.7627548890625 0.4223113234375 0.7421368687500001 0.41665801093750005 0.7254738609375 0.4267998609375 0.6985018421875 0.43411505312500004 0.6788841265625 0.4571067015625 0.666708753125 0.4495652375 0.6571964953125 0.274631409375 0.6425990374999999 0.24646127343750002 0.6057394859375 0.2142885625 0.5642811546875001 0.1966163921875 0.5335764140625 0.1945019703125 0.42535490468750004 0.214214421875 0.384341153125 0.20927334531250003 0.364056565625 0.21316835312500002 0.32579833593749996 0.2384042703125 0.297205346875 0.2967625421875 0.281144265625 0.4216029359375 0.29922905625 0.4034448015625 0.3365100859375 0.3989562640625 0.3744579828125 0.4135643671875 0.3833452125 0.424407309375 0.3717255640625 0.4327797125 0.3509963984375 0.42394362812499997 0.2966077828125 0.4258429203125 0.27479026875 0.43457144062499997 0.265148128125 0.450841425 0.26781560625 0.527227984375 0.27572563125 0.5588183078125 0.309653575 0.65323315625 0.360466815625 0.7438717015625
9 0.4477094046875 0.415786353125 0.456707778125 0.42981206875 0.5210719687500001 0.4211911125 0.5980561140625 0.4328427140625 0.60321061875 0.43425604062499995 0.604743546875 0.42942252812500004 0.5922347390625 0.4123327453125 0.5371792531249999 0.3951353984375 0.48290178125 0.4002174625 0.4477094046875 0.415786353125
9 0.3549514125 0.43973878906249997 0.32764595937499996 0.4375056625 0.30616187968749997 0.455782503125 0.32349175625000004 0.46473729375 0.359239859375 0.4650822703125 0.381057371875 0.45635375 0.3549514125 0.43973878906249997
9 0.511318684375 0.434278325 0.49454453125000003 0.4412374 0.47974788437500004 0.4560940546875 0.5140742046875 0.4644553171875 0.5362251515625001 0.465275115625 0.5681293859375 0.4530077046875 0.5317144140625001 0.43356608906250005 0.511318684375 0.434278325
9 0.36388484375 0.5493664109374999 0.36432942343749997 0.5620975031250001 0.376727084375 0.5760045140625001 0.40589890000000006 0.5829524484374999 0.458310009375 0.573155575 0.47321780156250004 0.5614816921875 0.46892935312499995 0.5361382109374999 0.458398053125 0.5269460078125 0.44904314218749997 0.453979634375 0.423048328125 0.44054744687499997 0.40605188437499995 0.441140975 0.3911440921875 0.4528148578125 0.3765928390625 0.5234294 0.36388484375 0.5493664109374999
9 0.364797103125 0.6242209359374999 0.3496670234375 0.6295292734375 0.3829049953125 0.6554551421875 0.41207680937499996 0.6624030750000001 0.457911634375 0.6592091609375 0.49145993906249996 0.6452910109375 0.5096558734375 0.6303156484375 0.4940812125 0.622892890625 0.4599771828125 0.620897175 0.364797103125 0.6242209359374999
1 0.66092921875 0.284061025 0.6629760296875 0.4401356234375 0.6754848375 0.4572254078125 0.6985018421875 0.43411505312500004 0.7404927984375 0.41830875 0.7447350421875 0.34486755156250004 0.738890565625 0.2749652453125 0.7275812515625 0.24349362812500003 0.7059629265625 0.20919535625000002 0.6759019515625 0.1767852359375 0.644530340625 0.1555741734375 0.5962734328125 0.138139415625 0.5381520921875 0.1306090921875 0.50075991875 0.13191485625 0.44999288125000003 0.1400609890625 0.41304528749999997 0.154097846875 0.369854840625 0.1842859828125 0.34190561875 0.212348553125 0.332263478125 0.2286185375 0.334129840625 0.2333333453125 0.37414328750000003 0.2096294625 0.42535490468750004 0.214214421875 0.5335764140625 0.1945019703125 0.5642811546875001 0.1966163921875 0.6057394859375 0.2142885625 0.6425990374999999 0.24646127343750002 0.66092921875 0.284061025
4 0.5210719687500001 0.4211911125 0.589391175 0.4283653171875 0.5998113296875001 0.434374746875 0.604743546875 0.42942252812500004 0.5922347390625 0.4123327453125 0.5371792531249999 0.3951353984375 0.48290178125 0.4002174625 0.4477094046875 0.415786353125 0.456707778125 0.42981206875 0.5210719687500001 0.4211911125
3 0.5012319640625 0.43781721406249996 0.47974788437500004 0.4560940546875 0.515829421875 0.4659873515625 0.5362251515625001 0.465275115625 0.5681293859375 0.4530077046875 0.5317144140625001 0.43356608906250005 0.5012319640625 0.43781721406249996
5 0.3496670234375 0.6295292734375 0.3829049953125 0.6554551421875 0.41383202656250007 0.663935109375 0.457911634375 0.6592091609375 0.49145993906249996 0.6452910109375 0.5096558734375 0.6303156484375 0.40625543437499995 0.64189310625 0.3496670234375 0.6295292734375
10 0.364797103125 0.6242209359374999 0.3564656 0.6292918609375 0.41634215625 0.6383542171875 0.5027461515625 0.6273702859375 0.4599771828125 0.620897175 0.364797103125 0.6242209359374999
2 0.4486909703125 0.6388178984375 0.38399334218750003 0.6378905359375 0.40625543437499995 0.64189310625 0.4486909703125 0.6388178984375
6 0.36432942343749997 0.5620975031250001 0.376727084375 0.5760045140625001 0.40765411562500004 0.58448448125 0.458310009375 0.573155575 0.47321780156250004 0.5614816921875 0.46892935312499995 0.5361382109374999 0.458398053125 0.5269460078125 0.44904314218749997 0.453979634375 0.423048328125 0.44054744687499997 0.40605188437499995 0.441140975 0.3911440921875 0.4528148578125 0.3765928390625 0.5234294 0.36388484375 0.5493664109374999 0.36432942343749997 0.5620975031250001
8 0.2966077828125 0.4258429203125 0.3509963984375 0.42394362812499997 0.3683262765625 0.43289841874999996 0.37841299687499996 0.429359528125 0.38323406718749997 0.42122453593750003 0.3365100859375 0.3989562640625 0.312715065625 0.3997872046875 0.2925416234375 0.40686498593750003 0.2780784125 0.43126996249999994 0.2966077828125 0.4258429203125
7 0.32764595937499996 0.4375056625 0.30616187968749997 0.455782503125 0.3252469734375 0.466269328125 0.359239859375 0.4650822703125 0.381057371875 0.45635375 0.3549514125 0.43973878906249997 0.32764595937499996 0.4375056625