0 0.47379610781250003 0 0 0.049797978124999996 0 0.49738830937499995 0.0528266171875 1 0.511255803125 1 1 0.9486309140625 1 0.4737961140625 0.9502020218749999 0 0.47379610781250003 0
0 0.685310059375 0.6062116625 0.6958742765625 0.64909230625 0.7034986296875 0.664002021875 0.7360673203125 0.6857166203125 0.7417317640625 0.68197905 0.7430940546875 0.6661248015625 0.7664608187499999 0.6291045078125 0.7784986968750001 0.59955935625 0.78623441875 0.557897525 0.78400354375 0.5078565859374999 0.7883613828125 0.49168749062500006 0.7847682171875 0.45750080156250006 0.776163909375 0.43326744375 0.7542708046875 0.397861940625 0.7071067109375 0.352543671875 0.7028602421875 0.31214122031249997 0.6737251203125 0.2366481109375 0.65912971875 0.21304444218750002 0.6242466249999999 0.1837175625 0.6082889312499999 0.17596814375 0.5587269078125 0.16546625625 0.516135934375 0.1636583203125 0.47719381250000004 0.167751303125 0.45088718437499997 0.1768006671875 0.42289161406250003 0.1985964 0.3711747859375 0.2684474328125 0.3440478 0.3561383546875 0.35090748125000004 0.42140385468749997 0.357551878125 0.4269899265625 0.3641405921875 0.460861771875 0.3663714671875 0.5109027109375 0.37628238125 0.5475675921875001 0.411081946875 0.61932313125 0.43232174843750004 0.6485128718750001 0.4937824359375 0.7001840421875001 0.52471786875 0.7063592359374999 0.5663288890625 0.6988435281250001 0.6026578 0.6698875 0.6306812109375 0.6339488796875 0.6567725578125 0.5652200875 0.6638549765625 0.5173424953125 0.6731961140625 0.5053629546875 0.6811749609375 0.5092376640625 0.679430334375 0.55026980625 0.685310059375 0.6062116625
1 0.685310059375 0.6062116625 0.7034986296875 0.664002021875 0.7377284203125 0.6871131390625 0.7430940546875 0.6661248015625 0.7714719609375 0.619151175 0.7845454765625 0.57064389375 0.78400354375 0.5078565859374999 0.7883613828125 0.49168749062500006 0.7847682171875 0.45750080156250006 0.776163909375 0.43326744375 0.7542708046875 0.397861940625 0.7071067109375 0.352543671875 0.7028602421875 0.31214122031249997 0.6737251203125 0.2366481109375 0.65912971875 0.21304444218750002 0.6242466249999999 0.1837175625 0.6082889312499999 0.17596814375 0.5587269078125 0.16546625625 0.516135934375 0.1636583203125 0.47719381250000004 0.167751303125 0.45088718437499997 0.1768006671875 0.42289161406250003 0.1985964 0.36616364375 0.278400765625 0.3440478 0.3561383546875 0.35090748125000004 0.42140385468749997 0.3572252265625 0.4238820453125 0.350365546875 0.358616546875 0.359081225 0.32627835781250003 0.37141790937499997 0.3139839734375 0.40137338749999996 0.310835525 0.5756014125 0.383647609375 0.607815609375 0.416397215625 0.6383130218749999 0.476036075 0.6662250640625 0.4966690015625 0.6705550609375 0.49464279375000003 0.6532907609375 0.4744618515625 0.6446864546875 0.45022849374999996 0.661026484375 0.4328000203125 0.6677265671875 0.4101003203125 0.6770677046875 0.39812077968750004 0.7010320875 0.395602021875 0.7126597859375 0.40537764843749996 0.7155996484375 0.43334857656250003 0.7025261328125 0.481855859375 0.680848309375 0.506129784375 0.679430334375 0.55026980625 0.685310059375 0.6062116625
9 0.4841424890625 0.6949128140624999 0.50641793125 0.705140425 0.52471786875 0.7063592359374999 0.5663288890625 0.6988435281250001 0.6203322765625 0.6507476640625 0.6356923531249999 0.623995546875 0.6567725578125 0.5652200875 0.666197221875 0.5108118890625 0.6702005671875 0.5056778000000001 0.6795138625 0.5078411468749999 0.7025261328125 0.481855859375 0.71391070625 0.4460949453125 0.7126597859375 0.40537764843749996 0.69171879375 0.39343867499999996 0.6770677046875 0.39812077968750004 0.6677265671875 0.4101003203125 0.661026484375 0.4328000203125 0.6446864546875 0.45022849374999996 0.6532907609375 0.4744618515625 0.6705550609375 0.49464279375000003 0.6662250640625 0.4966690015625 0.6383130218749999 0.476036075 0.607815609375 0.416397215625 0.5756014125 0.383647609375 0.40137338749999996 0.310835525 0.37141790937499997 0.3139839734375 0.359081225 0.32627835781250003 0.350365546875 0.358616546875 0.3572252265625 0.4238820453125 0.38551960625000004 0.41933707968749995 0.4154472421875 0.43033151875 0.40278390625 0.439518021875 0.35820518125 0.4332056890625 0.3663714671875 0.5109027109375 0.37628238125 0.5475675921875001 0.411081946875 0.61932313125 0.43232174843750004 0.6485128718750001 0.4841424890625 0.6949128140624999
9 0.515037153125 0.38372874375 0.4943949703125 0.3890405375 0.44575721562500004 0.416148065625 0.4483982703125 0.4268682265625 0.4677060046875 0.42326779531250003 0.538320390625 0.389137109375 0.515037153125 0.38372874375
9 0.5322179265625 0.4463383453125 0.48861915468749995 0.4493496546875 0.47328692187500004 0.461958884375 0.47960466874999996 0.46443707500000003 0.49923905625 0.46394452499999994 0.5322179265625 0.4463383453125
9 0.42968815156250006 0.46497019218749996 0.420673665625 0.4800576140625 0.41685776093750004 0.5590140156250001 0.4391332015625 0.569241625 0.45876758906250004 0.568749075 0.49174645781250004 0.551142896875 0.48945989687499997 0.5293877296875 0.475517796875 0.5119998234375001 0.46495358124999997 0.46911917968749994 0.4503303359375 0.4596583984375 0.42968815156250006 0.46497019218749996
9 0.4030548734375 0.4709116765625 0.38208603750000003 0.47311558906249995 0.3724182484375 0.48198724843749996 0.38804929062500004 0.48662878593750003 0.398697034375 0.4870807703125 0.41435591875 0.47757942187499997 0.4030548734375 0.4709116765625
9 0.43504632968749996 0.6168043734374999 0.4360262828125 0.6261280171875 0.4433239859375 0.6379298515625 0.45960832968750004 0.64878715 0.4819116140625 0.644871875 0.5045693906250001 0.6299215921875 0.5192483218749999 0.6110966015625 0.480007390625 0.597938815625 0.4443874671875 0.604824834375 0.43504632968749996 0.6168043734374999
4 0.44575721562500004 0.416148065625 0.44507607031249996 0.424075190625 0.45005936875 0.42826474374999995 0.538320390625 0.389137109375 0.515037153125 0.38372874375 0.4943949703125 0.3890405375 0.44575721562500004 0.416148065625
3 0.48861915468749995 0.4493496546875 0.47328692187500004 0.461958884375 0.48126576875 0.46583359375000005 0.5108945953124999 0.45957726406250005 0.5322179265625 0.4463383453125 0.48861915468749995 0.4493496546875
5 0.44068293281250004 0.627209690625 0.4433239859375 0.6379298515625 0.46126943125000003 0.65018366875 0.4819116140625 0.644871875 0.5045693906250001 0.6299215921875 0.5192483218749999 0.6110966015625 0.508600578125 0.6106446171875 0.47662950625 0.623431553125 0.44068293281250004 0.627209690625
10 0.4443874671875 0.604824834375 0.43504632968749996 0.6168043734374999 0.4373607328125 0.624416653125 0.4846361953125 0.613163375 0.50593168125 0.61406734375 0.5129305734375 0.608618409375 0.480007390625 0.597938815625 0.462034103125 0.599827884375 0.4443874671875 0.604824834375
2 0.5042705828125 0.612670825 0.4846361953125 0.613163375 0.44068293281250004 0.627209690625 0.47662950625 0.623431553125 0.5042705828125 0.612670825
6 0.420673665625 0.4800576140625 0.41685776093750004 0.5590140156250001 0.44079430000000003 0.57063814375 0.45876758906250004 0.568749075 0.49174645781250004 0.551142896875 0.48945989687499997 0.5293877296875 0.475517796875 0.5119998234375001 0.46495358124999997 0.46911917968749994 0.4503303359375 0.4596583984375 0.42968815156250006 0.46497019218749996 0.420673665625 0.4800576140625
8 0.357551878125 0.4269899265625 0.3628618296875 0.43428736093750003 0.40278390625 0.439518021875 0.4154472421875 0.43033151875 0.38551960625000004 0.41933707968749995 0.36455077187499996 0.42154099375 0.357551878125 0.4269899265625
7 0.38208603750000003 0.47311558906249995 0.3724182484375 0.48198724843749996 0.389710390625 0.48802530468749994 0.41435591875 0.47757942187499997 0.4030548734375 0.4709116765625 0.38208603750000003 0.47311558906249995