0 0.44303219687500006 0 0 0.1022820421875 0 0.5569678031249999 0.1022820421875 1 0.5569678031249999 1 1 0.8977179578125 1 0.44303219687500006 0.8977179578125 0 0.44303219687500006 0
0 0.44303219374999997 0 0.05050616718749999 0.090621775 0.0249451609375 0.125845971875 0 0.177796096875 0 0.52063873125 0.016843271875 0.5528995703125 0.036670090625 0.5727580015625 0.051134464062499996 0.6134030984375001 0.085964490625 0.654233578125 0.0982864734375 0.6855989609375001 0.1633890921875 0.7805299906250001 0.1743801671875 0.7511131093750001 0.17117305 0.69320758125 0.13099351406249998 0.585191859375 0.16877741562499998 0.5837995031250001 0.18217706250000001 0.5758187890625 0.2617505234375 0.6674089609375 0.378841703125 0.745450325 0.4656602890625 0.7693911359375 0.553822721875 0.766142303125 0.614653496875 0.75454199375 0.6411866109375 0.7264241109375 0.679262565625 0.5612443859375 0.678210778125 0.4246466640625 0.6551768390625 0.34688270625 0.6776913515625 0.312361846875 0.67608779375 0.2834090828125 0.68734505 0.266148653125 0.68306026875 0.24758922343749998 0.6701994531250001 0.2358968890625 0.6707382859375 0.21622384062500002 0.6321558406250001 0.1811468375 0.6085895390625 0.0790699734375 0.5480378828125 0.014854824999999999 0.5201386578125 0 0.44303219374999997 0
1 0.44303219374999997 0 0.0477520125 0.0912576203125 0 0.1759534875 0 0.5076193515625 0.016843271875 0.5528995703125 0.036670090625 0.5727580015625 0.051134464062499996 0.6134030984375001 0.085964490625 0.654233578125 0.0982864734375 0.6855989609375001 0.1633890921875 0.7805299906250001 0.174919 0.7314400609375 0.1492103078125 0.62008348125 0.1240275109375 0.5770257640625001 0.0827638421875 0.5523420953125 0.055971015624999995 0.52431756875 0.035611834375 0.4801462328125 0.035079471875000004 0.45583332656250003 0.054646578125 0.41954934843749997 0.077693453125 0.40934139687500004 0.1896948375 0.476339925 0.233107365625 0.466317353125 0.24248841250000003 0.45193366093750004 0.23230882031250003 0.42984799375 0.243566075 0.41258756406249997 0.2328541203125 0.36618898906249997 0.2098137140625 0.3324109875 0.2039253734375 0.2848987921875 0.20982665156250002 0.24443907656250002 0.2192076984375 0.230055384375 0.2728062859375 0.1981325265625 0.4330567515625 0.16602295312499998 0.49791259375 0.116839665625 0.5327490890625 0.11368419062499999 0.575888965625 0.1354911203125 0.6058953781249999 0.1774352171875 0.6283969515625001 0.2308862703125 0.65410564375 0.3422428484375 0.6776913515625 0.312361846875 0.67608779375 0.2834090828125 0.68734505 0.266148653125 0.68306026875 0.24758922343749998 0.6701994531250001 0.2358968890625 0.6707382859375 0.21622384062500002 0.6321558406250001 0.1811468375 0.6085895390625 0.0790699734375 0.5480378828125 0.014854824999999999 0.5201386578125 0 0.44303219374999997 0
9 0.378841703125 0.745450325 0.4656602890625 0.7693911359375 0.5567701265625 0.767905421875 0.614653496875 0.75454199375 0.6318055625000001 0.7408078015624999 0.6476202515625 0.7102773 0.6578127796875 0.644391059375 0.6760425109375 0.59131076875 0.678210778125 0.4246466640625 0.64232249375 0.291204415625 0.628656665625 0.287028678125 0.5852441374999999 0.29705125 0.5439740015625001 0.3163535359375 0.5351317859375 0.311064178125 0.53968921875 0.29779410624999997 0.5750645453125001 0.27496558125 0.61954826875 0.2695828671875 0.6391089078125 0.27728484375 0.6283969515625001 0.2308862703125 0.5898209765625 0.1518233125 0.5434675140625 0.116096809375 0.51720705 0.112385190625 0.4845129484375 0.12482038124999999 0.4330567515625 0.16602295312499998 0.2728062859375 0.1981325265625 0.2192076984375 0.230055384375 0.20714542812499998 0.25483241093750003 0.2076713234375 0.323131271875 0.2328541203125 0.36618898906249997 0.243566075 0.41258756406249997 0.23230882031250003 0.42984799375 0.24248841250000003 0.45193366093750004 0.22453133125 0.4731844484375 0.1896948375 0.476339925 0.077693453125 0.40934139687500004 0.054646578125 0.41954934843749997 0.0377606921875 0.44543999218749997 0.035611834375 0.4801462328125 0.055971015624999995 0.52431756875 0.0827638421875 0.5523420953125 0.128046109375 0.5834287390624999 0.16877741562499998 0.5837995031250001 0.18217706250000001 0.5758187890625 0.191019275 0.5811081453125 0.2617505234375 0.6674089609375 0.378841703125 0.745450325
9 0.47992963906249997 0.3140342734375 0.40891927343749995 0.3035489140625 0.355859515625 0.315798725 0.3084219203125 0.363404275 0.47054859374999997 0.32841796562500003 0.47992963906249997 0.3140342734375
9 0.4890186296875 0.46343795 0.47936493125 0.50965114375 0.5048203796874999 0.5208793593750001 0.5522515078125 0.5172597624999999 0.5793169828125 0.5134547875 0.610939890625 0.49637973906250005 0.6165685203125 0.4877495234375 0.60799895625 0.45063066406249996 0.5881721359375 0.430772234375 0.5469149375 0.36210261093749996 0.5311067171875 0.34864715625 0.5059174515625 0.3495753953125 0.4745607234375 0.378806896875 0.4890186296875 0.46343795
9 0.45794749062499995 0.3728680390625 0.3788934546875 0.3935626828125 0.34593316875 0.39384142031249997 0.378088440625 0.401079278125 0.42927198750000006 0.39170620624999997 0.45794749062499995 0.3728680390625
9 0.6240927640625 0.34428470624999996 0.568085603125 0.3547713953125 0.5495961609375 0.3517092765625 0.5817514328125 0.35894713437500003 0.6136405218750001 0.3540285390625 0.6240927640625 0.34428470624999996
9 0.48337059375 0.6040260296875 0.4595187046875 0.621750578125 0.538566271875 0.6450418906250001 0.5559845203125 0.6434641531249999 0.6060968703125 0.6294512234375 0.6294163968750001 0.5874137687500001 0.5932425234375 0.573772934375 0.5701956484374999 0.5839808859375 0.553582415625 0.5780420281249999 0.48337059375 0.6040260296875
4 0.53968921875 0.29779410624999997 0.5351317859375 0.311064178125 0.5439740015625001 0.3163535359375 0.5852441374999999 0.29705125 0.6393750890625001 0.28944129687500003 0.640180103125 0.2819247015625 0.61954826875 0.2695828671875 0.5750645453125001 0.27496558125 0.53968921875 0.29779410624999997
3 0.6240927640625 0.34428470624999996 0.56620939375 0.357648134375 0.5846988359374999 0.360710253125 0.6136405218750001 0.3540285390625 0.6240927640625 0.34428470624999996
6 0.47936493125 0.50965114375 0.5048203796874999 0.5208793593750001 0.5551989125000001 0.5190228828125 0.610939890625 0.49637973906250005 0.6165685203125 0.4877495234375 0.60799895625 0.45063066406249996 0.5881721359375 0.430772234375 0.5469149375 0.36210261093749996 0.5311067171875 0.34864715625 0.5059174515625 0.3495753953125 0.4745607234375 0.378806896875 0.4890186296875 0.46343795 0.47936493125 0.50965114375
10 0.553582415625 0.5780420281249999 0.46809473749999997 0.6148834828124999 0.5600095890625 0.605881175 0.6235215875 0.5838875296875 0.5932425234375 0.573772934375 0.5701956484374999 0.5839808859375 0.553582415625 0.5780420281249999
5 0.4643423203125 0.620636959375 0.5064110015625001 0.6378040328125001 0.558931925 0.645227271875 0.6060968703125 0.6294512234375 0.6245927828125 0.5885273875 0.4643423203125 0.620636959375
8 0.355859515625 0.315798725 0.3301314171875 0.3364000125 0.311369325 0.3651673953125 0.47054859374999997 0.32841796562500003 0.47992963906249997 0.3140342734375 0.40891927343749995 0.3035489140625 0.355859515625 0.315798725
7 0.44454784375 0.3808487546875 0.34593316875 0.39384142031249997 0.3810358453125 0.402842396875 0.42927198750000006 0.39170620624999997 0.44454784375 0.3808487546875