0 0.0729596578125 0 0 0.4606491453125 0 0.9270403421875001 0.4606491453125 1 0.9270403421875001 1 1 0.5393508546875 1 0.0729596578125 0.5393508546875 0 0.0729596578125 0
0 0.2790115640625 0.7361948859375 0.3285713859375 0.7569584875 0.39137933281250004 0.7643234703124999 0.5521108703125 0.7329588203124999 0.6112483140625 0.6932517078125 0.6557014515625 0.6408875515625 0.6680713953125 0.650595215625 0.66248445 0.6858698000000001 0.6903368375000001 0.7031952796875001 0.71930753125 0.6432133078125 0.76607503125 0.593798528125 0.7841119640625 0.550164553125 0.8192276078124999 0.504069940625 0.8264108234374999 0.45871690468750004 0.8029493265625 0.32586000937500004 0.787626971875 0.2821080796875 0.7444522296875 0.22103066718750003 0.710454890625 0.18981782656249999 0.6183583734375 0.139071703125 0.5214730453125 0.11856093593749999 0.451561928125 0.1384819328125 0.35970324374999996 0.20916598125000002 0.3237894640625 0.26029981874999997 0.3103812546875 0.30983255 0.2830868734375 0.3416690140625 0.24254207343749998 0.5625354375 0.2497229921875 0.6928137453125001 0.2573841703125 0.714689709375 0.2790115640625 0.7361948859375
1 0.7794031968749999 0.562332853125 0.8192276078124999 0.504069940625 0.8264108234374999 0.45871690468750004 0.8029493265625 0.32586000937500004 0.787626971875 0.2821080796875 0.7251391984375 0.20247486874999998 0.6802881421875 0.1695429671875 0.6183583734375 0.139071703125 0.5214730453125 0.11856093593749999 0.451561928125 0.1384819328125 0.3729513671875 0.1957673609375 0.331610728125 0.2460416703125 0.315090021875 0.29766425 0.33687750156249996 0.28303531249999997 0.36576815156250003 0.24112039687500003 0.42251119062500003 0.21653096249999998 0.5736651078125 0.24563702968749998 0.614685575 0.2676309484375 0.6472467281250001 0.27278812812500003 0.677413478125 0.2930629859375 0.6889852875 0.307809878125 0.6904214718749999 0.3338655390625 0.6666375062500001 0.4489082125 0.6741386 0.5069182921875 0.6911372671875 0.5225247125 0.7268909625 0.5075249859375 0.7656771109375 0.5085024703125 0.7772489203124999 0.5232493625 0.7794031968749999 0.562332853125
1 0.6794831203125 0.7014762203125 0.6903368375000001 0.7031952796875001 0.7004724640625 0.691886509375 0.7240162984375 0.63104500625 0.6618464015625001 0.6547749109375001 0.66248445 0.6858698000000001 0.6756525296875 0.6905382375 0.6794831203125 0.7014762203125
9 0.33088574843749996 0.759907865625 0.39137933281250004 0.7643234703124999 0.5521108703125 0.7329588203124999 0.6112483140625 0.6932517078125 0.6557014515625 0.6408875515625 0.6711838921875 0.6485053671875 0.7294431578125 0.6319045359375 0.76607503125 0.593798528125 0.7802813734375 0.5392265703125 0.7656771109375 0.5085024703125 0.7268909625 0.5075249859375 0.6911372671875 0.5225247125 0.6741386 0.5069182921875 0.6666375062500001 0.4489082125 0.6889852875 0.307809878125 0.6472467281250001 0.27278812812500003 0.520194653125 0.232002503125 0.42251119062500003 0.21653096249999998 0.36576815156250003 0.24112039687500003 0.2830868734375 0.3416690140625 0.24254207343749998 0.5625354375 0.2497229921875 0.6928137453125001 0.2573841703125 0.714689709375 0.2790115640625 0.7361948859375 0.33088574843749996 0.759907865625
9 0.3225888171875 0.5313056703125 0.34581248124999997 0.5427323953125 0.42178850625 0.5547658156249999 0.42657731718749997 0.5245304578125001 0.41731986875000004 0.512732946875 0.4355168890625 0.43296485625000003 0.413889496875 0.4114596796875 0.38675519999999997 0.407162028125 0.37430521250000004 0.41552142031250006 0.3589028140625 0.38983654843750004 0.376779659375 0.38233668593750003 0.370634709375 0.368449325 0.3358392359375 0.3422757109375 0.3141318 0.33883759062499996 0.2869174625 0.35260699687499997 0.3171642546875 0.35481479843749997 0.349645365625 0.3780390359375 0.3084648125 0.3921792296875 0.330890340625 0.40864518125 0.3711927140625 0.4176112703125 0.3134114125 0.5014411015625 0.3225888171875 0.5313056703125
9 0.52482108125 0.4135326015625 0.5735827687499999 0.439335428125 0.5844364859375 0.44105448750000004 0.5233848984375 0.3874769390625 0.47997002499999997 0.3806006984375 0.44812696250000006 0.3884713515625 0.44884505468749997 0.40149918125 0.52482108125 0.4135326015625
9 0.46265118281250006 0.43726250625 0.4928179328125 0.457537365625 0.511412871875 0.46306533281249995 0.5486827921875 0.45605421249999994 0.5332803937499999 0.43036933906249997 0.5015173749999999 0.4201729328125 0.46265118281250006 0.43726250625
9 0.29122371875 0.606405321875 0.3151654734375 0.630859878125 0.377175284375 0.6432640859375 0.4423776359375 0.6355113890624999 0.3626510640625 0.5944729296875 0.2975287546875 0.58415856875 0.2881912640625 0.5904281140625 0.29122371875 0.606405321875
4 0.57589713125 0.44228480625 0.5844364859375 0.44105448750000004 0.572864678125 0.4263075984375 0.5233848984375 0.3874769390625 0.47997002499999997 0.3806006984375 0.44812696250000006 0.3884713515625 0.44884505468749997 0.40149918125 0.52482108125 0.4135326015625 0.57589713125 0.44228480625
3 0.49513229531249997 0.46048674375000004 0.5486827921875 0.45605421249999994 0.5332803937499999 0.43036933906249997 0.5015173749999999 0.4201729328125 0.46265118281250006 0.43726250625 0.49513229531249997 0.46048674375000004
5 0.3174798359375 0.63380925625 0.377175284375 0.6432640859375 0.4423776359375 0.6355113890624999 0.3059880671875 0.6009953078125 0.2913037609375 0.588338265625 0.29122371875 0.606405321875 0.3174798359375 0.63380925625
10 0.38579468281249996 0.6239667109375 0.42689519374999996 0.627893571875 0.3308880453125 0.5842765234375 0.294416259375 0.5862484171875 0.3059880671875 0.6009953078125 0.3548298 0.608731078125 0.38579468281249996 0.6239667109375
6 0.34812684374999997 0.5456817734375 0.42178850625 0.5547658156249999 0.42657731718749997 0.5245304578125001 0.41731986875000004 0.512732946875 0.4355168890625 0.43296485625000003 0.413889496875 0.4114596796875 0.38675519999999997 0.407162028125 0.3711927140625 0.4176112703125 0.3134114125 0.5014411015625 0.3156457328125 0.5224575359375 0.34812684374999997 0.5456817734375
8 0.3620153109375 0.3877467 0.3775777953125 0.3772974609375 0.3358392359375 0.3422757109375 0.3141318 0.33883759062499996 0.2869174625 0.35260699687499997 0.3171642546875 0.35481479843749997 0.3620153109375 0.3877467
7 0.330890340625 0.40864518125 0.37199085 0.4125720421875 0.3565884515625 0.3868871703125 0.33567915 0.378409825 0.3084648125 0.3921792296875 0.330890340625 0.40864518125