0 0.10935718593749999 0 0 0.43860771718749997 0 0.885776171875 0.453283128125 1 0.8853951406249999 1 1 0.5455657015625001 1 0.10935718593749999 0.5613922812500001 0 0.10935718593749999 0
0 0.73765725625 0.291295065625 0.6819744796875 0.192386165625 0.6266324125 0.14766942968750002 0.5315232171875001 0.12910911249999998 0.4291563640625 0.13965766562499998 0.386591809375 0.15481047187500002 0.32433279531250003 0.193394771875 0.29378934375 0.227003978125 0.22181595937499998 0.3378857015625 0.21092947343750001 0.38154900937499997 0.22491659687499999 0.43656707343749995 0.22446339843750002 0.48283169062500003 0.24767420156250003 0.54530254375 0.250812334375 0.6104983203125001 0.2825279 0.605523228125 0.290995165625 0.5715628781250001 0.30585118906250003 0.5675372984375 0.3258488640625 0.6317835625 0.3639156890625 0.690228834375 0.4966760078125 0.78001345 0.5560626046875 0.797396725 0.60864474375 0.7976242546875 0.6363532734375 0.786497028125 0.6516249984375 0.769692425 0.7079484546875 0.6549087359375 0.755954628125 0.44014302031249997 0.74355531875 0.4009800484375 0.7504347703125 0.35116460781250003 0.73765725625 0.291295065625
1 0.392074171875 0.2772744796875 0.40333886249999995 0.254317740625 0.4194044953125 0.24544068281250003 0.4543331859375 0.2386901796875 0.48563304843750005 0.2464941109375 0.5309950265625 0.24234491875000003 0.6782706593750001 0.2739117890625 0.7199663125 0.31780262656249997 0.7299464015625 0.36666855625 0.7439710203125001 0.388201025 0.7488469546875 0.335309515625 0.7308527984375 0.27413931874999997 0.6819744796875 0.192386165625 0.6266324125 0.14766942968750002 0.5315232171875001 0.12910911249999998 0.464085053125 0.1329071625 0.4110872125 0.14545865625 0.32433279531250003 0.193394771875 0.29378934375 0.227003978125 0.22181595937499998 0.3378857015625 0.21092947343750001 0.38154900937499997 0.2245008953125 0.449346096875 0.24139793125 0.414910990625 0.257463565625 0.4060339328125 0.29277046093750003 0.41998999843749996 0.319231884375 0.44719984375 0.34051416093750003 0.43962344218749994 0.369469796875 0.39015914375 0.392074171875 0.2772744796875
1 0.261245621875 0.61309963125 0.268881484375 0.604697328125 0.2825279 0.605523228125 0.2950022 0.5777150109375 0.24808990312499998 0.5325235187499999 0.2460113921875 0.5964186406249999 0.250812334375 0.6104983203125001 0.261245621875 0.61309963125
9 0.6782706593750001 0.2739117890625 0.5843710718749999 0.25049999375 0.4543331859375 0.2386901796875 0.40333886249999995 0.254317740625 0.369469796875 0.39015914375 0.34051416093750003 0.43962344218749994 0.319231884375 0.44719984375 0.29277046093750003 0.41998999843749996 0.257463565625 0.4060339328125 0.232552459375 0.42816477031250005 0.22446339843750002 0.48283169062500003 0.2428732578125 0.5312228640625001 0.288991646875 0.5684868109375001 0.30585118906250003 0.5675372984375 0.3258488640625 0.6317835625 0.3639156890625 0.690228834375 0.4966760078125 0.78001345 0.5528494796875 0.7991721375 0.60864474375 0.7976242546875 0.6363532734375 0.786497028125 0.6516249984375 0.769692425 0.7079484546875 0.6549087359375 0.755954628125 0.44014302031249997 0.7199663125 0.31780262656249997 0.6782706593750001 0.2739117890625
9 0.748318765625 0.448545321875 0.7290775015625 0.42571219843749997 0.7082109265625001 0.4205095765625 0.6668559843749999 0.4308109046875 0.6560069937499999 0.4409886171875 0.66923770625 0.454593540625 0.645536209375 0.47187290156249995 0.6375221421874999 0.4595686328125 0.6114389234375001 0.45306535625000005 0.58373039375 0.46419258281250003 0.5695932859374999 0.5431168953125 0.5567407796875 0.5502185421875 0.5494831234374999 0.5793274140625 0.622516134375 0.5975365890625 0.6478054453125 0.5961123203125 0.66749990625 0.5726808265625001 0.6475397265625 0.47494896718749996 0.687269359375 0.48227814375 0.7137682796875 0.47600239687499996 0.6820902140625 0.44749189375 0.7202320296875 0.438965978125 0.748318765625 0.448545321875
9 0.5107348796875 0.4124978140625 0.583767890625 0.4307069890625 0.5894002359375 0.41922861874999995 0.5637327203125 0.39994631875 0.5219995703125 0.389541075 0.4465098421875 0.4145204515625 0.45694313124999997 0.4171217625 0.5107348796875 0.4124978140625
9 0.529182234375 0.42740339218749995 0.4966727625 0.4244509390625 0.47297126718750004 0.44173029843749995 0.503855428125 0.46231325468750006 0.5227184859375 0.46443980937499996 0.5576471765625 0.45768930625 0.529182234375 0.42740339218749995
9 0.6473147499999999 0.6758625328125001 0.6561602234375 0.6626087515625 0.6501496718750001 0.6533805515625 0.5875499484375 0.6377726874999999 0.50003911875 0.6442956609375 0.5557968875 0.6762333734375 0.61639309375 0.6887651703125 0.6473147499999999 0.6758625328125001
4 0.4465098421875 0.4145204515625 0.453730003125 0.41889717343750005 0.5107348796875 0.4124978140625 0.583767890625 0.4307069890625 0.5894002359375 0.41922861874999995 0.5637327203125 0.39994631875 0.5219995703125 0.389541075 0.46257547656250003 0.40564339374999997 0.4465098421875 0.4145204515625
3 0.529182234375 0.42740339218749995 0.4966727625 0.4244509390625 0.47297126718750004 0.44173029843749995 0.5195053578125 0.4662152203125 0.5576471765625 0.45768930625 0.529182234375 0.42740339218749995
5 0.6473147499999999 0.6758625328125001 0.6541567078125 0.6595326859374999 0.63608755625 0.6653336765625 0.50003911875 0.6442956609375 0.5557968875 0.6762333734375 0.61317996875 0.69054058125 0.6473147499999999 0.6758625328125001
10 0.5891377624999999 0.653627778125 0.63608755625 0.6653336765625 0.6521531890625 0.6564566187499999 0.62005941875 0.6407251406250001 0.516898659375 0.6433461484375 0.5554186828125001 0.655526803125 0.5891377624999999 0.653627778125
6 0.5695932859374999 0.5431168953125 0.5567407796875 0.5502185421875 0.5494831234374999 0.5793274140625 0.619303009375 0.5993120015625 0.657444825 0.5907860859375 0.66749990625 0.5726808265625001 0.6475397265625 0.47494896718749996 0.6375221421874999 0.4595686328125 0.6114389234375001 0.45306535625000005 0.58373039375 0.46419258281250003 0.5695932859374999 0.5431168953125
8 0.7202320296875 0.438965978125 0.748318765625 0.448545321875 0.7290775015625 0.42571219843749997 0.7082109265625001 0.4205095765625 0.657216603125 0.4361371390625 0.6672341890625 0.4515174734375 0.7202320296875 0.438965978125
7 0.6945270171875 0.45316927187499995 0.6724508328125001 0.4528181296875 0.6487493359375 0.4700974890625 0.687269359375 0.48227814375 0.7137682796875 0.47600239687499996 0.6945270171875 0.45316927187499995