0 0.4562556671875 0 0 0.080450184375 0 0.5437443328125 0.080450184375 1 0.5437443328125 1 1 0.919549815625 1 0.4562556671875 0.919549815625 0 0.4562556671875 0
0 0.3045182796875 0.0410755140625 0.3131336734375 0.038254559375000004 0.30258782812499996 0.03751041875 0.3045182796875 0.0410755140625
0 0.6869279749999999 0.5191127140625 0.6896056500000001 0.4900003296875 0.6864888875 0.47232429218750005 0.6937716078125 0.4397962578125 0.691100096875 0.4246453703125 0.696748171875 0.39761288125 0.6909660640624999 0.32052268437500003 0.683396784375 0.27759516562500003 0.6880018296875 0.274179515625 0.6831009765625 0.26853452187500004 0.6447785046875001 0.27268815 0.6126957203125001 0.267930578125 0.45108624375 0.29642668906249997 0.3692384734375 0.33429158124999997 0.3365579109375 0.3556759953125 0.3165030890625 0.3748341484375 0.2992723046875 0.3804760578125 0.2884275703125 0.392802909375 0.2833772734375 0.3936934140625 0.26258447500000004 0.3791341375 0.26094983125 0.38462968750000004 0.2508492390625 0.38641069375 0.2389645578125 0.40022274375 0.24103828749999998 0.4415156171875 0.24890645781249998 0.4713721421875 0.258262909375 0.48013698125 0.26984561875 0.50152755625 0.2756338921875 0.5343544828125 0.28395039375 0.54460451875 0.30207168125 0.54401290625 0.30994293281249996 0.55173779375 0.30919262812500004 0.6065469109375 0.38611796875 0.71795848125 0.44493126875 0.76356675625 0.4703291125 0.7747103796875 0.4943912015625 0.7782785578125 0.53583351875 0.7696693296875 0.56123444375 0.7586813171875 0.58173451875 0.7420483109375 0.628086934375 0.672689165625 0.6329908671875 0.6562025218749999 0.652899328125 0.621448228125 0.654387609375 0.6003565390625 0.6653848703125 0.55936255625 0.6869279749999999 0.5191127140625
1 0.3045182796875 0.0410755140625 0.312093725 0.039739759375 0.3061529234375 0.0355799671875 0.30258782812499996 0.03751041875 0.3045182796875 0.0410755140625
1 0.678785575 0.325274090625 0.68397606875 0.3842429984375 0.6940735796874999 0.40459362812500005 0.696748171875 0.39761288125 0.6909660640624999 0.32052268437500003 0.683396784375 0.27759516562500003 0.6880018296875 0.274179515625 0.6831009765625 0.26853452187500004 0.6498288015625 0.27179764687499997 0.678785575 0.325274090625
1 0.3000102796875 0.41419348749999996 0.309668703125 0.3877556953125 0.327494184375 0.3781034375 0.32615842968750003 0.37052799375 0.2992723046875 0.3804760578125 0.28946751718749997 0.391317709375 0.292139028125 0.4064685984375 0.3000102796875 0.41419348749999996
1 0.28305989062500003 0.5395542234375 0.28246519375 0.5435645703125 0.2864755421875 0.5441592671875 0.28305989062500003 0.5395542234375
9 0.6653848703125 0.55936255625 0.6869279749999999 0.5191127140625 0.6896056500000001 0.4900003296875 0.6864888875 0.47232429218750005 0.6921369625 0.44529180625000003 0.6890202000000001 0.42761576874999996 0.6943693859375 0.41365427343750005 0.681304559375 0.3690921125 0.6832380921875 0.350525571875 0.678785575 0.325274090625 0.651759253125 0.2753627421875 0.6418081046874999 0.270608253125 0.6126957203125001 0.267930578125 0.45108624375 0.29642668906249997 0.3906290515625 0.322708871875 0.3365579109375 0.3556759953125 0.32214808125 0.369933296875 0.3276436296875 0.3715679421875 0.327494184375 0.3781034375 0.309668703125 0.3877556953125 0.3000102796875 0.41419348749999996 0.292139028125 0.4064685984375 0.2899127703125 0.3938428578125 0.263029728125 0.3816592875 0.24624419375 0.38982634531250004 0.23777516406250002 0.408243440625 0.24890645781249998 0.4713721421875 0.258262909375 0.48013698125 0.26984561875 0.50152755625 0.2756338921875 0.5343544828125 0.289000690625 0.543714015625 0.30207168125 0.54401290625 0.30994293281249996 0.55173779375 0.3086010140625 0.588425621875 0.3126082796875 0.6111519546874999 0.38611796875 0.71795848125 0.44493126875 0.76356675625 0.4703291125 0.7747103796875 0.4943912015625 0.7782785578125 0.5347935703125 0.7711545296875 0.56123444375 0.7586813171875 0.58173451875 0.7420483109375 0.628086934375 0.672689165625 0.6329908671875 0.6562025218749999 0.652899328125 0.621448228125 0.654387609375 0.6003565390625 0.6653848703125 0.55936255625
9 0.4810706359375 0.43694447812500004 0.4896860296875 0.43412352343749994 0.4934005703125 0.42565757499999995 0.482113665625 0.4133276421875 0.42626768593750003 0.3919309015625 0.3929955078125 0.395194025 0.3736848265625 0.403806334375 0.3601655 0.423113934375 0.4311654546875 0.4197075296875 0.4810706359375 0.43694447812500004
9 0.6189107500000001 0.4360724703125 0.6340616390625 0.433400959375 0.6680748734375 0.4417236265625 0.6530765140625 0.4157280046875 0.618618025 0.40488018906249995 0.576135759375 0.4149746171875 0.5592007828125001 0.42967717031249997 0.5600912859375 0.43472746874999996 0.570042434375 0.43948195781250005 0.6104448031249999 0.4323579296875 0.6189107500000001 0.4360724703125
9 0.42715202343750003 0.44124446875 0.39506615625 0.45861853437500005 0.4105128515625 0.46500766875000005 0.43962523750000004 0.46768534375000004 0.4714122140625 0.4633822703125 0.4486889640625 0.4452579 0.42715202343750003 0.44124446875
9 0.49547430156249994 0.46695045 0.48506865625 0.5260657203125 0.47050937968750006 0.54685851875 0.46902109843749995 0.5679502078125 0.5077857406249999 0.5884533640625 0.5267975328125 0.592912046875 0.548038665625 0.5878648328125 0.56378425 0.5811829734375 0.5726985328125 0.5652910265625 0.5686912671875 0.5425646937499999 0.5623052140625 0.5358797546875 0.552808565625 0.46725550312499997 0.5364713671875 0.45581607343749997 0.5082494875 0.4581886953125 0.49547430156249994 0.46695045
9 0.60554086875 0.44884457187500004 0.5903899796875 0.45151608281250005 0.5688499593749999 0.4696342890625 0.6180140828125 0.47528544687499996 0.639255215625 0.4702382328125 0.616531965625 0.45211386249999996 0.60554086875 0.44884457187500004
9 0.4865353609375 0.6598954859374999 0.5110427015625 0.6659888140625 0.547434721875 0.6582700890625001 0.565260203125 0.6486178312499999 0.583384575 0.6258945812500001 0.5413506421875 0.6163825203125 0.5181790578125 0.6178646375 0.4595090375 0.6099841390625 0.4357427578125 0.6154766046875 0.4528210140625 0.6385018265625 0.4865353609375 0.6598954859374999
4 0.4311654546875 0.4197075296875 0.4810706359375 0.43694447812500004 0.48864608125000003 0.4356087234375 0.4934005703125 0.42565757499999995 0.482113665625 0.4133276421875 0.42626768593750003 0.3919309015625 0.3929955078125 0.395194025 0.3736848265625 0.403806334375 0.3601655 0.423113934375 0.4311654546875 0.4197075296875
3 0.4486889640625 0.4452579 0.43769786718750003 0.44198861093749997 0.41957657968750006 0.44258022500000005 0.39506615625 0.45861853437500005 0.4290793921875 0.4669412015625 0.470372265625 0.4648674703125 0.4486889640625 0.4452579
5 0.43871315624999996 0.6175565015625 0.4528210140625 0.6385018265625 0.4865353609375 0.6598954859374999 0.5110427015625 0.6659888140625 0.5463947734375 0.6597552890625 0.565260203125 0.6486178312499999 0.583384575 0.6258945812500001 0.5630339453125 0.6359920906250001 0.51208573125 0.6423719765625 0.4795576953125 0.6350892578125 0.442278253125 0.6156260484375 0.43871315624999996 0.6175565015625
2 0.5630339453125 0.6359920906250001 0.5783342765625 0.626785084375 0.5123846203125 0.6293009859375001 0.45282409687499997 0.616370190625 0.4467338515625 0.61874589375 0.4795576953125 0.6350892578125 0.51208573125 0.6423719765625 0.5630339453125 0.6359920906250001
10 0.5768490765625 0.6257451359374999 0.5413506421875 0.6163825203125 0.5181790578125 0.6178646375 0.4595090375 0.6099841390625 0.440793053125 0.6145861015625 0.5018387765625001 0.62855684375 0.551597596875 0.630197653125 0.5768490765625 0.6257451359374999
6 0.5082494875 0.4581886953125 0.49547430156249994 0.46695045 0.48506865625 0.5260657203125 0.47050937968750006 0.54685851875 0.46902109843749995 0.5679502078125 0.5077857406249999 0.5884533640625 0.5267975328125 0.592912046875 0.5469987171875 0.5893500328125 0.56378425 0.5811829734375 0.5726985328125 0.5652910265625 0.5686912671875 0.5425646937499999 0.5623052140625 0.5358797546875 0.552808565625 0.46725550312499997 0.5364713671875 0.45581607343749997 0.5082494875 0.4581886953125
8 0.6104448031249999 0.4323579296875 0.6189107500000001 0.4360724703125 0.6340616390625 0.433400959375 0.6670349265625 0.44320882656249994 0.6530765140625 0.4157280046875 0.618618025 0.40488018906249995 0.576135759375 0.4149746171875 0.5592007828125001 0.42967717031249997 0.5600912859375 0.43472746874999996 0.570042434375 0.43948195781250005 0.6104448031249999 0.4323579296875
7 0.616531965625 0.45211386249999996 0.60554086875 0.44884457187500004 0.5903899796875 0.45151608281250005 0.5688499593749999 0.4696342890625 0.6180140828125 0.47528544687499996 0.6382152671875 0.47172343281250007 0.616531965625 0.45211386249999996