0 0.4562556671875 0 0 0.080450184375 0 0.5437443328125 0.080450184375 1 0.5437443328125 1 1 0.919549815625 1 0.4562556671875 0.919549815625 0 0.4562556671875 0
0 0.7470434906250001 0.4950376546875 0.7553483453125 0.45794428125 0.7523018859375 0.4406669515625 0.7587426734375 0.40984043124999997 0.7521490421875 0.32193055625 0.7435174078125 0.2729781234375 0.7487687734375 0.26908308281250004 0.7431800843749999 0.2626458109375 0.6994790171874999 0.2673824046875 0.6628933875 0.2619571015625 0.478601878125 0.29445266718749996 0.3852667015625 0.33763193125 0.34799939375 0.362017665625 0.325129859375 0.38386468281249997 0.30548071875 0.39029844062499996 0.2931139171875 0.404355375 0.2873548078125 0.40537086093749997 0.26364372187499996 0.3887681796875 0.26177965312499996 0.39503503281249996 0.250261434375 0.39706600625 0.2367087265625 0.412816590625 0.239073509375 0.45990495468750003 0.24804598281249998 0.4939518703125 0.25871561875000004 0.503946859375 0.271923971875 0.5283396234375 0.27852463437499997 0.5657738343750001 0.288008365625 0.577462475 0.30867299375 0.5767878265624999 0.3176489828125 0.5855969109375 0.31679336875 0.648098534375 0.40451525000000005 0.7751468171875 0.4715830484375 0.827156253125 0.5005455000000001 0.8398638921874999 0.527984725 0.84393286875 0.5752435078125 0.8341153265625 0.6042094734375001 0.8215851375 0.627586753125 0.8026176749999999 0.6804447703125 0.7235239140624999 0.6860369765625001 0.7047233546875 0.7087396046875 0.6650912640625 0.71043676875 0.641039340625 0.72297750625 0.5942918140625 0.747544203125 0.548392871875 0.75059769375 0.5151945390625 0.7470434906250001 0.4950376546875
1 0.7556927 0.4178009328125 0.7587426734375 0.40984043124999997 0.7521490421875 0.32193055625 0.7435174078125 0.2729781234375 0.7487687734375 0.26908308281250004 0.7431800843749999 0.2626458109375 0.7052381265625 0.26636691875 0.7382590109375 0.327348828125 0.7441779953125 0.3945940734375 0.7556927 0.4178009328125
1 0.337663565625 0.38759281875 0.33614033593750003 0.37895415468750004 0.30548071875 0.39029844062499996 0.294299825 0.4026617265625 0.29734628281250003 0.4199390546875 0.30632227031250003 0.42874813906250003 0.3173362625 0.39859978125 0.337663565625 0.38759281875
1 0.290887921875 0.5769547312500001 0.2869928796875 0.5717033640625 0.2863147171875 0.5762765671875 0.290887921875 0.5769547312500001
9 0.75059769375 0.5151945390625 0.7470434906250001 0.4950376546875 0.753484278125 0.4642111328125 0.749930075 0.44405425000000004 0.7560300234375 0.428133246875 0.7411315359375 0.37731674531250003 0.74333644375 0.356144375 0.7382590109375 0.327348828125 0.7074395203125 0.270432378125 0.6960917203125 0.2650105921875 0.6628933875 0.2619571015625 0.478601878125 0.29445266718749996 0.409659465625 0.324423578125 0.34799939375 0.362017665625 0.3315671328125 0.37827599375 0.337833984375 0.38014006093749997 0.337663565625 0.38759281875 0.3173362625 0.39859978125 0.30632227031250003 0.42874813906250003 0.29734628281250003 0.4199390546875 0.2948075671875 0.40554128125 0.264151465625 0.391647734375 0.24501006875 0.400961046875 0.2353524015625 0.42196299843749996 0.24804598281249998 0.4939518703125 0.25871561875000004 0.503946859375 0.271923971875 0.5283396234375 0.27852463437499997 0.5657738343750001 0.2937674765625 0.5764469875 0.30867299375 0.5767878265624999 0.3176489828125 0.5855969109375 0.3161187203125 0.6274339078125 0.320688409375 0.6533499015625 0.40451525000000005 0.7751468171875 0.4715830484375 0.827156253125 0.5005455000000001 0.8398638921874999 0.527984725 0.84393286875 0.5740576015625 0.8358089765625 0.6042094734375001 0.8215851375 0.627586753125 0.8026176749999999 0.6804447703125 0.7235239140624999 0.6860369765625001 0.7047233546875 0.7087396046875 0.6650912640625 0.71043676875 0.641039340625 0.72297750625 0.5942918140625 0.747544203125 0.548392871875 0.75059769375 0.5151945390625
9 0.5268550578125 0.441821221875 0.513984028125 0.42776077343749996 0.45030001249999996 0.403360978125 0.41235805625 0.407082084375 0.3903371046875 0.416903140625 0.374920328125 0.438920578125 0.45588518906250003 0.4350360828125 0.5127946062500001 0.454692253125 0.522619178125 0.45147537499999996 0.5268550578125 0.441821221875
9 0.7260450546875 0.46014215781249995 0.7089416609375 0.430498028125 0.66964689375 0.4181277109375 0.6212022046875 0.42963890156250006 0.6018903890625 0.446404971875 0.602905875 0.45216408125 0.6142536734374999 0.45758586718750005 0.6603265515625 0.449461975 0.669980703125 0.4536978546875 0.6872580312500001 0.45065139531250004 0.7260450546875 0.46014215781249995
9 0.432333975 0.486694134375 0.465532309375 0.48974762343749995 0.5017806171875 0.4848406109375 0.4758681375 0.46417246875 0.4513084703125 0.45959574999999997 0.4147193234375 0.47940828125 0.432333975 0.486694134375
9 0.50075106875 0.580032825 0.4990539046875 0.60408475 0.5432591999999999 0.6274655421875 0.5649393125 0.6325500046875 0.5891616578125001 0.626794409375 0.60711715 0.619174746875 0.6172825578125 0.60105235 0.61271286875 0.5751363578124999 0.6054305296875 0.5675131796875 0.5946010171875 0.48925745468750004 0.5759708796874999 0.47621249062500004 0.5437880328125 0.4789181109375 0.5292198390625 0.4889095859375 0.5173537515625 0.5563217390624999 0.50075106875 0.580032825
9 0.612893834375 0.49197010625 0.6689581859375 0.4984144078125 0.6931805296875 0.49265881250000004 0.667268053125 0.471990671875 0.654734346875 0.468262534375 0.6374570171875 0.47130899375 0.612893834375 0.49197010625
9 0.58847295 0.70708110625 0.6088002546875 0.6960741453125 0.6294683953125 0.6701616671874999 0.5815349656250001 0.6593145796875 0.555111228125 0.6610047140625 0.48820682031249996 0.65201818125 0.4611049203125 0.6582815171874999 0.4805801265625 0.6845383515625 0.5190263109375 0.7089346296875 0.5469732765625 0.7158831609375 0.58847295 0.70708110625
4 0.521433271875 0.4531690234375 0.5268550578125 0.441821221875 0.513984028125 0.42776077343749996 0.45030001249999996 0.403360978125 0.41235805625 0.407082084375 0.3903371046875 0.416903140625 0.374920328125 0.438920578125 0.45588518906250003 0.4350360828125 0.5127946062500001 0.454692253125 0.521433271875 0.4531690234375
3 0.44266980624999996 0.46111897968750004 0.4147193234375 0.47940828125 0.45350634687499997 0.48889904062499995 0.5005947109375 0.48653425937500006 0.4758681375 0.46417246875 0.46333443281250003 0.46044433125 0.44266980624999996 0.46111897968750004
5 0.5190263109375 0.7089346296875 0.5469732765625 0.7158831609375 0.58728704375 0.70877475625 0.6088002546875 0.6960741453125 0.6294683953125 0.6701616671874999 0.6062615375 0.6816763703125 0.548162696875 0.6889516796875 0.5110693234375 0.6806468234375 0.468557678125 0.6584519375 0.46449221874999996 0.66065333125 0.4805801265625 0.6845383515625 0.5190263109375 0.7089346296875
2 0.5485035359375 0.6740461625 0.4805836421875 0.6593005203125 0.4736386265625 0.66200965625 0.5110693234375 0.6806468234375 0.548162696875 0.6889516796875 0.6062615375 0.6816763703125 0.6237092859375 0.671177153125 0.5485035359375 0.6740461625
10 0.555111228125 0.6610047140625 0.48820682031249996 0.65201818125 0.4668640296875 0.65726603125 0.5364775734375 0.67319758125 0.5932200890625 0.6750686781249999 0.6220156375 0.669991246875 0.5815349656250001 0.6593145796875 0.555111228125 0.6610047140625
6 0.5173537515625 0.5563217390624999 0.50075106875 0.580032825 0.4990539046875 0.60408475 0.5432591999999999 0.6274655421875 0.5649393125 0.6325500046875 0.5879757531250001 0.628488059375 0.60711715 0.619174746875 0.6172825578125 0.60105235 0.61271286875 0.5751363578124999 0.6054305296875 0.5675131796875 0.5946010171875 0.48925745468750004 0.5759708796874999 0.47621249062500004 0.5437880328125 0.4789181109375 0.5292198390625 0.4889095859375 0.5173537515625 0.5563217390624999
8 0.6872580312500001 0.45065139531250004 0.7248591484375 0.46183580781250005 0.7089416609375 0.430498028125 0.66964689375 0.4181277109375 0.6212022046875 0.42963890156250006 0.6018903890625 0.446404971875 0.602905875 0.45216408125 0.6142536734374999 0.45758586718750005 0.6603265515625 0.449461975 0.669980703125 0.4536978546875 0.6872580312500001 0.45065139531250004
7 0.6374570171875 0.47130899375 0.612893834375 0.49197010625 0.6689581859375 0.4984144078125 0.691994625 0.49435246250000003 0.667268053125 0.471990671875 0.654734346875 0.468262534375 0.6374570171875 0.47130899375