0 0.451855478125 0 0 0.0878318078125 0 0.5481445218750001 0.0878318078125 1 0.5481445218750001 1 1 0.9121681921875 1 0.861038115625 0.9312676062499999 0.8360465453125 0.787838253125 0.7469116312499999 0.76228709375 0.602741821875 0.7451033515625001 0.6542645484375 0.66894258125 0.7585505734375 0.6359781359375 0.792491096875 0.5839529703124999 0.8301366484375 0.5085695828125 0.849378509375 0.43326205624999997 0.8181286703125 0.3707649109375 0.76373908125 0.27740788437499997 0.6396326171875 0.2584230234375 0.592845946875 0.228340525 0.43808490468750005 0.2063094828125 0.4010679796875 0.18209176093749999 0.3782425453125 0.16959108125 0.33937310468750004 0.1791973015625 0.287028890625 0.22997114999999999 0.21750487500000001 0.2538729140625 0.1623818890625 0.291836378125 0.11599761875 0.3612032671875 0.06580355 0.44830369687499994 0.0305176875 0.5102510421875001 0.0184763421875 0.5994622921875 0.0194906875 0.657036278125 0.0358323234375 0.7643728859375 0.07921159375 0.82343203125 0.11591420625 0.8783516562499999 0.1694823078125 0.9032771546875 0.2977128859375 0.983981778125 0.48393330937499995 0.9834382375 0.5574599859375 1 0.5645701812499999 1 0.45185547656249997 0.9121681921875 0 0.451855478125 0
1 1 0.5645701812499999 0.9834382375 0.5574599859375 0.983981778125 0.48393330937499995 0.9032771546875 0.2977128859375 0.8856953375 0.18182128125000002 0.8588991140625 0.1457306140625 0.7643728859375 0.07921159375 0.7210944421875001 0.060091189062499994 0.5994622921875 0.0194906875 0.54446680625 0.016414285937500002 0.44830369687499994 0.0305176875 0.39284053124999996 0.0504762625 0.3612032671875 0.06580355 0.2792598375 0.1276198796875 0.2538729140625 0.1623818890625 0.21130224687500002 0.24866662499999997 0.1791973015625 0.287028890625 0.1709182609375 0.3207598703125 0.18209176093749999 0.3782425453125 0.2063094828125 0.4010679796875 0.22271584375 0.4345894171875 0.2322462046875 0.432736903125 0.23232206562500002 0.382245203125 0.24060110781250002 0.3485142234375 0.2737993921875 0.3030562125 0.3687111828125 0.2570743453125 0.440188890625 0.24318048593750002 0.486513515625 0.252531146875 0.5821330828125 0.3119544234375 0.6490035890625 0.33796103125 0.7214229140625 0.4179548265625 0.7617310390625 0.3963532796875 0.766730059375 0.383909534375 0.7550888796875 0.3494618390625 0.7687587609375 0.33074383281249997 0.7925846640625 0.326112546875 0.8131305453125 0.34276849375 0.8294610453125 0.42678163125 0.8181358234375 0.4702823578125 0.7927489 0.5050443671875 0.769782496875 0.514097396875 0.756972115625 0.5372371453125 0.7672102546875 0.6407897734375 0.787838253125 0.7469116312499999 0.9529068265625 0.8456067484374999 1 0.8610056921875 1 0.5645701812499999
9 0.7927489 0.5050443671875 0.8181358234375 0.4702823578125 0.8272743640625 0.44097312187500004 0.8131305453125 0.34276849375 0.7925846640625 0.326112546875 0.7687587609375 0.33074383281249997 0.7550888796875 0.3494618390625 0.7636838796875 0.393679278125 0.7214229140625 0.4179548265625 0.6490035890625 0.33796103125 0.5821330828125 0.3119544234375 0.486513515625 0.252531146875 0.440188890625 0.24318048593750002 0.3687111828125 0.2570743453125 0.2911411140625 0.2905076953125 0.2573171703125 0.3200264734375 0.24060110781250002 0.3485142234375 0.23232206562500002 0.382245203125 0.22959184375000002 0.4699633703125 0.25545270468750003 0.55212399375 0.2584230234375 0.592845946875 0.30592310624999997 0.6845667718749999 0.40709149218749996 0.797977234375 0.48778986093750004 0.84424005 0.5085695828125 0.849378509375 0.5657517484375 0.838263421875 0.6359781359375 0.792491096875 0.66894258125 0.7585505734375 0.7451033515625001 0.6542645484375 0.764239934375 0.6000678203125 0.7600182953125 0.5274674 0.769782496875 0.514097396875 0.7927489 0.5050443671875
9 0.508316971875 0.44102317031249993 0.6055734234375 0.41982402499999993 0.56596681875 0.40687310625000006 0.4936296109375 0.4163452203125 0.43402692500000006 0.4531692859375 0.43855826562500005 0.4637605171875 0.46043132656249997 0.46180323124999995 0.508316971875 0.44102317031249993
9 0.351066015625 0.471589659375 0.30560089218750003 0.4666607421875 0.26919844843749996 0.48291428906249995 0.251622884375 0.5069802953125 0.35645685625 0.48660263437499995 0.3595030359375 0.4768328890625 0.351066015625 0.471589659375
9 0.5403460546875001 0.45315260156250003 0.5117549718750001 0.45871014531250004 0.48074336874999996 0.4899766671875 0.49871075 0.49336738437500005 0.538785034375 0.48328332500000004 0.56393811875 0.46003880625000004 0.5403460546875001 0.45315260156250003
9 0.32849143281250004 0.5080994109375 0.3141958921875 0.5108781828125 0.2831842875 0.5421447046875 0.3210718921875 0.5462521359375 0.3373202734375 0.5407993640625001 0.3680980359375 0.5210503296875 0.32849143281250004 0.5080994109375
9 0.39052089687499997 0.5855239765625 0.3900532171875 0.6085589546875 0.38224185624999996 0.6192549578125 0.38825835625 0.650207165625 0.422240278125 0.6596625984375 0.44411334062499996 0.6577053125 0.4911394859375 0.63250350625 0.5078555484375 0.60401575625 0.4836378265625 0.5811903218750001 0.4491061046875 0.50530395625 0.4255140421875 0.49841775468750005 0.3969229609375 0.5039752984375 0.38239357812499997 0.518271559375 0.39052089687499997 0.5855239765625
9 0.4649751796875 0.7523096812500001 0.5098146453125 0.741299365625 0.552075609375 0.7170238171875 0.58441439375 0.6671440609375 0.545667290625 0.6586148859375001 0.501921165625 0.6625294578125 0.4377871390625 0.6887622921875 0.41068121562500004 0.7146808124999999 0.42927425625 0.7340107609375 0.4649751796875 0.7523096812500001
4 0.3595030359375 0.4768328890625 0.351066015625 0.471589659375 0.30560089218750003 0.4666607421875 0.26919844843749996 0.48291428906249995 0.251622884375 0.5069802953125 0.354504015625 0.489276634375 0.3595030359375 0.4768328890625
3 0.32849143281250004 0.5080994109375 0.3141958921875 0.5108781828125 0.2831842875 0.5421447046875 0.3353674328125 0.5434733640625 0.3680980359375 0.5210503296875 0.32849143281250004 0.5080994109375
6 0.38239357812499997 0.518271559375 0.39052089687499997 0.5855239765625 0.3900532171875 0.6085589546875 0.38224185624999996 0.6192549578125 0.38825835625 0.650207165625 0.44216049999999996 0.6603793140625001 0.4911394859375 0.63250350625 0.5078555484375 0.60401575625 0.47629414531250003 0.5688513453125 0.4491061046875 0.50530395625 0.4255140421875 0.49841775468750005 0.3969229609375 0.5039752984375 0.38239357812499997 0.518271559375
5 0.42927425625 0.7340107609375 0.4649751796875 0.7523096812500001 0.5078618046875001 0.7439733656249999 0.552075609375 0.7170238171875 0.5805087140625 0.6724920625 0.57293119375 0.6716705765625 0.5074699859375 0.71651664375 0.46458336093749997 0.7248529593749999 0.41630589687499997 0.7181763 0.42927425625 0.7340107609375
10 0.41825873593749996 0.7155022984375 0.45380168125000003 0.694827009375 0.569259353125 0.6655010890625 0.545667290625 0.6586148859375001 0.501921165625 0.6625294578125 0.4377871390625 0.6887622921875 0.41458689687500005 0.7093328109375 0.41825873593749996 0.7155022984375
2 0.49106362499999995 0.68299520625 0.42021157656249997 0.7128282984375 0.46458336093749997 0.7248529593749999 0.5074699859375 0.71651664375 0.5796492140625 0.66807031875 0.49106362499999995 0.68299520625
8 0.45847848593749996 0.4644772328125 0.508316971875 0.44102317031249993 0.6055734234375 0.41982402499999993 0.56596681875 0.40687310625000006 0.4936296109375 0.4163452203125 0.43402692500000006 0.4531692859375 0.43855826562500005 0.4637605171875 0.45847848593749996 0.4644772328125
7 0.56393811875 0.46003880625000004 0.5403460546875001 0.45315260156250003 0.5117549718750001 0.45871014531250004 0.48074336874999996 0.4899766671875 0.49871075 0.49336738437500005 0.53683219375 0.4859573265625 0.56393811875 0.46003880625000004