0 0.5753567937499999 0 0.6171235265624999 0.028028892187499998 0.6581174671875 0.0763897375 0.7305514625 0.1310223703125 0.7563231296875 0.18098313906250002 0.7557288296875 0.22413881562500002 0.7384189906249999 0.25468695937499997 0.7276765078125 0.2989092515625 0.74509791875 0.4646629015625 0.7404250375 0.517823521875 0.6848181515625 0.672100215625 0.638757634375 0.7463693234375001 0.5726979015625 0.8011938296875 0.4910146859375 0.8049909468750001 0.4271390640625 0.7829757359375 0.3835598046875 0.7588272921875 0.274908809375 0.6768783468749999 0.24177488593750002 0.6300854499999999 0.2604889546875 0.7837328984374999 0.1437923671875 0.9180956359374999 0.063008115625 0.9792558859374999 0.0481591578125 0.9844076734374999 0.049797978124999996 1 0.526203890625 1 1 0.9502020218749999 1 0.473796109375 0.9502020218749999 0 0.5753567937499999 0
1 0.4737961109375 0 0.1670297859375 0.032242440625 0.116081146875 0.0687202328125 0.07847494375 0.10140161249999999 0.003960898437500001 0.1978138453125 0 0.209021859375 0 0.32324802343750003 0.006160034375 0.3651674203125 0 0.420422459375 0 0.5262038828125 0.04836655625 0.9863809328125 0.053357687499999994 0.9850583203125 0.1249892671875 0.9344363250000001 0.2604889546875 0.7837328984374999 0.24854284531249998 0.6700732515625 0.22694630624999998 0.5622160421875 0.206947090625 0.5427714390625 0.1810788796875 0.5407021624999999 0.14486188125 0.513385846875 0.120085725 0.47289671406249995 0.1106283875 0.38291616093749997 0.1261478109375 0.3597383984375 0.15151826875000002 0.35707185625000004 0.171019728125 0.371780640625 0.16992767343749998 0.4102004984375 0.17878319843749998 0.42124008125 0.225943284375 0.4306477609375 0.2740913640625 0.3274304328125 0.3332865921875 0.28050961874999997 0.411084315625 0.190934459375 0.45476011875 0.16719140937500002 0.5308714890624999 0.15919178125 0.6404139328125 0.17640721406249998 0.6877746234375001 0.21212855 0.7064811796875 0.24367935468750002 0.7221046624999999 0.2947067421875 0.7322528453125 0.293640125 0.7384189906249999 0.25468695937499997 0.7557288296875 0.22413881562500002 0.74925801875 0.1625731734375 0.7305514625 0.1310223703125 0.68647445 0.10213810625 0.6171235265624999 0.028028892187499998 0.580906528125 0.000712578125 0.57896578125 0 0.4737961109375 0
9 0.51180880625 0.80759353125 0.5726979015625 0.8011938296875 0.59199875625 0.78958895625 0.6588533937500001 0.7179224328125 0.725603971875 0.5720507609375 0.74509791875 0.4646629015625 0.7355440359375 0.42257384218749994 0.7362348812499999 0.33152667343750003 0.7064811796875 0.24367935468750002 0.6877746234375001 0.21212855 0.6622035625 0.1884814375 0.619122059375 0.16906881093749998 0.5308714890624999 0.15919178125 0.45476011875 0.16719140937500002 0.411084315625 0.190934459375 0.3332865921875 0.28050961874999997 0.2740913640625 0.3274304328125 0.225943284375 0.4306477609375 0.1759972734375 0.4191388265625 0.171019728125 0.371780640625 0.15151826875000002 0.35707185625000004 0.1261478109375 0.3597383984375 0.1106283875 0.38291616093749997 0.1266530796875 0.4865708609375 0.14486188125 0.513385846875 0.1810788796875 0.5407021624999999 0.206947090625 0.5427714390625 0.22087670468749998 0.5532777140625 0.2389889609375 0.6279841937499999 0.274908809375 0.6768783468749999 0.3835598046875 0.7588272921875 0.4271390640625 0.7829757359375 0.51180880625 0.80759353125
9 0.44721228281250003 0.3882389125 0.5017346265625 0.39447872031250003 0.5243191609375 0.389710921875 0.5256118203125 0.3776047234375 0.45437393750000005 0.358757384375 0.37876032187500003 0.37149283125 0.342944534375 0.39680382812500004 0.44721228281250003 0.3882389125
9 0.607792790625 0.37854342343749997 0.613862390625 0.387481753125 0.7254924 0.37574896562500004 0.7004190921875 0.3568376703125 0.658830853125 0.35163250156250003 0.6146572953125 0.3706397328125 0.607792790625 0.37854342343749997
9 0.397169728125 0.4246214734375 0.42960529375 0.4403648953125 0.47298394843749997 0.43819968437499995 0.4899966359375 0.42922937499999997 0.4492033 0.40718218906250003 0.418758753125 0.4103820390625 0.397169728125 0.4246214734375
9 0.6127703359375001 0.425901609375 0.6497822390625 0.43637590625 0.6677904359375 0.4368772359375 0.704601734375 0.421037875 0.6638083984375001 0.3989906875 0.648586125 0.4005906125 0.6127703359375001 0.425901609375
9 0.5234352234374999 0.5765410796875 0.578455325 0.58751670625 0.6010398578125 0.5827489078125 0.6322793109375 0.5627070390625 0.628795028125 0.5295563078125001 0.6176513375 0.5211512890625001 0.6100884734375 0.4980055046875 0.5975480625 0.427501534375 0.57854435625 0.41752856875 0.5480998078125 0.4207284203125 0.526510784375 0.434967853125 0.515174 0.522345821875 0.4978641640625 0.5528939671875001 0.5234352234374999 0.5765410796875
9 0.4882212484375 0.6807930468750001 0.5381672562500001 0.69230198125 0.586620003125 0.689603459375 0.6168639453125 0.660089953125 0.629597446875 0.6348109328125 0.5943759578125001 0.61696625625 0.521845415625 0.6102251203125 0.47667634843749995 0.6197607140625 0.4403628046875 0.6403358921875 0.4882212484375 0.6807930468750001
4 0.6166483140625 0.3895830078125 0.7254924 0.37574896562500004 0.7004190921875 0.3568376703125 0.658830853125 0.35163250156250003 0.6146572953125 0.3706397328125 0.607792790625 0.37854342343749997 0.6166483140625 0.3895830078125
3 0.6525681624999999 0.4384771609375 0.704601734375 0.421037875 0.6638083984375001 0.3989906875 0.648586125 0.4005906125 0.6127703359375001 0.425901609375 0.6525681624999999 0.4384771609375
6 0.581241246875 0.5896179609375001 0.6322793109375 0.5627070390625 0.628795028125 0.5295563078125001 0.6176513375 0.5211512890625001 0.6100884734375 0.4980055046875 0.5975480625 0.427501534375 0.57854435625 0.41752856875 0.5480998078125 0.4207284203125 0.526510784375 0.434967853125 0.518754828125 0.5076050578125 0.4978641640625 0.5528939671875001 0.5234352234374999 0.5765410796875 0.581241246875 0.5896179609375001
5 0.5409531796875 0.6944032359375 0.586620003125 0.689603459375 0.6168639453125 0.660089953125 0.6250211109375 0.6400800624999999 0.5785593828125 0.66172185625 0.5328925609375 0.6665216328125 0.4532969109375 0.64137053125 0.44593465 0.6445384015625 0.4882212484375 0.6807930468750001 0.5409531796875 0.6944032359375
10 0.6222351875000001 0.63797880625 0.6240256015625001 0.6306084234375 0.5943759578125001 0.61696625625 0.521845415625 0.6102251203125 0.47667634843749995 0.6197607140625 0.45508732500000004 0.6340001484375 0.58014919375 0.62803781875 0.6222351875000001 0.63797880625
2 0.5328925609375 0.6665216328125 0.5785593828125 0.66172185625 0.6194492640625 0.63587755 0.5390587078125 0.6275684671875 0.44543689531249997 0.6398025828125 0.5328925609375 0.6665216328125
8 0.50452055 0.396579975 0.5243191609375 0.389710921875 0.5256118203125 0.3776047234375 0.45437393750000005 0.358757384375 0.37876032187500003 0.37149283125 0.342944534375 0.39680382812500004 0.44721228281250003 0.3882389125 0.50452055 0.396579975
7 0.43239121875000003 0.4424661515625 0.47298394843749997 0.43819968437499995 0.4899966359375 0.42922937499999997 0.4492033 0.40718218906250003 0.418758753125 0.4103820390625 0.397169728125 0.4246214734375 0.43239121875000003 0.4424661515625