0 0.43417374999999997 0 0 0.11633650625 0 0.56582625 0.11633650625 1 0.56582625 1 1 0.88366349375 1 0.43417374999999997 0.88366349375 0 0.43417374999999997 0
0 0.6474317203125 0.555185684375 0.6340551046875 0.577707915625 0.6479829671874999 0.6055392562499999 0.682251371875 0.62476403125 0.724510628125 0.6134406984375 0.7364091015625001 0.52503160625 0.762611084375 0.429633571875 0.7607572953124999 0.3985669953125 0.7344797390625 0.348794109375 0.7449756468750001 0.33966907968750004 0.732350328125 0.29255074531249997 0.680346459375 0.24335854375000002 0.5943498093749999 0.20011834999999997 0.49748160312499995 0.20082346874999998 0.45522234843750004 0.21214680156250001 0.4176975890625 0.2411395109375 0.3271420421875 0.2654037953125 0.27270869062499997 0.3399594359375 0.2430747546875 0.3984011015625 0.22709305781250003 0.459497321875 0.255500025 0.5655135703124999 0.325890625 0.6350297 0.39600560156250003 0.679369046875 0.42674203125 0.721634521875 0.46389114375 0.7274620953125 0.4981595484375 0.7466868734375 0.513665575 0.780408003125 0.4958300890625 0.8104376468750001 0.5260152703125 0.8023495515624999 0.5527685 0.7573050875 0.5432995109375 0.7219663374999999 0.524912778125 0.701642409375 0.5306741921875 0.6748480046875 0.5100580234375001 0.65827778125 0.577767965625 0.621196978125 0.6357332953125 0.523600640625 0.6474317203125 0.555185684375
1 0.3726087515625 0.61619895625 0.347909359375 0.5723158625 0.31318973125 0.44274044687499997 0.31421665 0.3982766671875 0.348960728125 0.32268409375 0.3864854890625 0.2936913859375 0.46050809062500003 0.28016975 0.5296961734375001 0.3089758046875 0.60063801875 0.42884550624999995 0.64187035625 0.461985953125 0.64660485 0.47965532812499995 0.6348064015625 0.5080673515624999 0.6474317203125 0.555185684375 0.6340551046875 0.577707915625 0.6387896 0.5953772921875 0.668599134375 0.622109478125 0.71401471875 0.622565728125 0.7340796421875 0.5887823812499999 0.7364091015625001 0.52503160625 0.763913625 0.41034657812499997 0.7344797390625 0.348794109375 0.7449756468750001 0.33966907968750004 0.732350328125 0.29255074531249997 0.680346459375 0.24335854375000002 0.5943498093749999 0.20011834999999997 0.49748160312499995 0.20082346874999998 0.45522234843750004 0.21214680156250001 0.4176975890625 0.2411395109375 0.3271420421875 0.2654037953125 0.27270869062499997 0.3399594359375 0.2430747546875 0.3984011015625 0.22709305781250003 0.459497321875 0.255500025 0.5655135703124999 0.325890625 0.6350297 0.39600560156250003 0.679369046875 0.42674203125 0.721634521875 0.46389114375 0.7274620953125 0.4981595484375 0.7466868734375 0.513665575 0.780408003125 0.4958300890625 0.8104376468750001 0.5237858359375 0.8061032578124999 0.5527685 0.7573050875 0.5432995109375 0.7219663374999999 0.5233346140624999 0.6957526171875 0.5306741921875 0.6748480046875 0.5040209859375 0.6598954 0.44495316406249996 0.656784596875 0.3726087515625 0.61619895625
9 0.46050809062500003 0.28016975 0.3864854890625 0.2936913859375 0.348960728125 0.32268409375 0.31421665 0.3982766671875 0.31318973125 0.44274044687499997 0.347909359375 0.5723158625 0.3726087515625 0.61619895625 0.41607052343750006 0.6455856984375 0.485909878125 0.6647482578125 0.53420616875 0.6518073046875 0.577767965625 0.621196978125 0.62616428125 0.5482589578125 0.64660485 0.47965532812499995 0.64187035625 0.461985953125 0.60063801875 0.42884550624999995 0.5296961734375001 0.3089758046875 0.46050809062500003 0.28016975
9 0.45715171093749996 0.38838430156250003 0.519100240625 0.37809790312499997 0.531825584375 0.36521916875 0.5067505437500001 0.3561563546875 0.45241721718749994 0.3707149265625 0.42919596562500006 0.3927186921875 0.44442636718750006 0.4012630375 0.45715171093749996 0.38838430156250003
9 0.38944176875 0.4254651046875 0.388514875 0.4099318171875 0.34086985468750003 0.41322927187499997 0.3252638046875 0.43950520937500004 0.3299983 0.45717458437499997 0.363715459375 0.4260457890625 0.38944176875 0.4254651046875
9 0.48147545625 0.4670876796875 0.44470199062500004 0.426439821875 0.41516807968749997 0.42488442031250007 0.4040209015625 0.443652946875 0.4001132765625 0.501513928125 0.43122535156249997 0.508959121875 0.45156589687500004 0.500352559375 0.48147545625 0.4670876796875
9 0.4929982828125 0.4134988703125 0.5095312265625 0.402756221875 0.46950140781250005 0.4103258484375 0.4628131 0.421586965625 0.4929982828125 0.4134988703125
9 0.39352499375 0.45277797656249996 0.3941762640625 0.44313447968749997 0.35795404531249997 0.45284019375 0.35126573906249997 0.464101309375 0.39352499375 0.45277797656249996
9 0.491771315625 0.577956784375 0.5277179109375 0.543074284375 0.5334793234374999 0.51627988125 0.5144413203125 0.50559945 0.461410534375 0.5008710265625 0.4111604296875 0.5427424703125 0.411436053125 0.5679192546875 0.43966742343750004 0.5887616515625 0.491771315625 0.577956784375
4 0.363715459375 0.4260457890625 0.38944176875 0.4254651046875 0.388514875 0.4099318171875 0.34086985468750003 0.41322927187499997 0.3252638046875 0.43950520937500004 0.3277688640625 0.4609282890625 0.363715459375 0.4260457890625
3 0.35126573906249997 0.464101309375 0.39129555781250003 0.45653168125 0.3941762640625 0.44313447968749997 0.35795404531249997 0.45284019375 0.35126573906249997 0.464101309375
10 0.40827972343749996 0.556139671875 0.42416139687500004 0.5550405203125 0.43150097499999995 0.5341359078125001 0.4480339203125 0.5233932593749999 0.525864121875 0.5120077078125 0.49317388125 0.49867272187499995 0.461410534375 0.5008710265625 0.41784873749999996 0.5314813546875 0.40827972343749996 0.556139671875
5 0.4895418796875 0.581710490625 0.521029603125 0.5543354015624999 0.5290204515625 0.523787290625 0.47719218281250003 0.55976894375 0.434932928125 0.5710922765625 0.40985788906250004 0.5620294640625 0.43966742343750004 0.5887616515625 0.4895418796875 0.581710490625
6 0.48147545625 0.4670876796875 0.44470199062500004 0.426439821875 0.41516807968749997 0.42488442031250007 0.4040209015625 0.443652946875 0.4001132765625 0.501513928125 0.4493364609375 0.5041062640625 0.48147545625 0.4670876796875
2 0.5274422875 0.5178975 0.4963302109375 0.5104523078125001 0.4480339203125 0.5233932593749999 0.415894925 0.5604118437500001 0.434932928125 0.5710922765625 0.47719218281250003 0.55976894375 0.5274422875 0.5178975
8 0.44219693125 0.4050167421875 0.45715171093749996 0.38838430156250003 0.519100240625 0.37809790312499997 0.531825584375 0.36521916875 0.5067505437500001 0.3561563546875 0.45241721718749994 0.3707149265625 0.42919596562500006 0.3927186921875 0.44219693125 0.4050167421875
7 0.4628131 0.421586965625 0.490768846875 0.417252575 0.5095312265625 0.402756221875 0.46950140781250005 0.4103258484375 0.4628131 0.421586965625