0 0.0337424578125 0 0 0.48253961562500003 0 0.9662575421874999 0.48253961562500003 1 0.9662575421874999 1 1 0.517460384375 1 0.0337424578125 0.517460384375 0 0.0337424578125 0
0 0.498521028125 0.7569329640625 0.5352156156250001 0.7980543578125 0.568030221875 0.8003489781249999 0.5435671640625 0.772934715625 0.5528130265625 0.7350257921875001 0.5843583796875 0.7083150640625 0.6215723375 0.6948525453125 0.6448383578125 0.6450721859375 0.70837621875 0.585256090625 0.7671397875 0.49940250468749997 0.7751886109374999 0.3842989609375 0.746398415625 0.3244525671875 0.7040352203125 0.27008296718749997 0.632809615625 0.204056246875 0.5343657953125 0.197172384375 0.489766815625 0.174775990625 0.443826365625 0.17156352187499999 0.3435939171875 0.190258225 0.26342517499999996 0.25212433125 0.21957607812500002 0.3133171984375 0.21599882187500002 0.36447432968750004 0.22867750937500003 0.3717868203125 0.211527253125 0.42842074375 0.21585439062499998 0.46085287499999994 0.26209756562500003 0.554049246875 0.292157015625 0.6429009890625 0.338097465625 0.6461134578125 0.36964281718750003 0.6194027296875 0.378441521875 0.5878884484375 0.3600942296875 0.56732775 0.365835053125 0.5323866859375 0.4453399921875 0.6214830375 0.522753578125 0.64617405 0.504781225 0.6674079859375001 0.5161184390625 0.6939043984375 0.5012039703125 0.7185651156249999 0.498521028125 0.7569329640625
1 0.538273496875 0.8014811406250001 0.568030221875 0.8003489781249999 0.5435671640625 0.772934715625 0.5528130265625 0.7350257921875001 0.5843583796875 0.7083150640625 0.6215723375 0.6948525453125 0.6448383578125 0.6450721859375 0.70837621875 0.585256090625 0.7671397875 0.49940250468749997 0.7751886109374999 0.3842989609375 0.746398415625 0.3244525671875 0.7040352203125 0.27008296718749997 0.632809615625 0.204056246875 0.5343657953125 0.197172384375 0.489766815625 0.174775990625 0.443826365625 0.17156352187499999 0.3435939171875 0.190258225 0.26342517499999996 0.25212433125 0.21957607812500002 0.3133171984375 0.21599882187500002 0.36447432968750004 0.22867750937500003 0.3717868203125 0.210632940625 0.44121002656249997 0.26209756562500003 0.554049246875 0.2773147609375 0.6193724328125 0.30483570000000004 0.650213478125 0.3516704640625 0.6406366640625001 0.3771000515625 0.607072371875 0.378441521875 0.5878884484375 0.3600942296875 0.56732775 0.363671484375 0.51617061875 0.3457713484375 0.4892152828125 0.34711281875 0.4700313578125 0.3830575234375 0.42756348906249997 0.432272503125 0.289634925 0.4979739328125 0.24603489375 0.5771761468750001 0.24514734374999997 0.621775125 0.2675437359375 0.6728648109375001 0.338588325 0.682860553125 0.38426866406250004 0.6730231015625 0.5249507734375001 0.65632000625 0.5751900562500001 0.5897242625 0.63157936875 0.5293164984375001 0.6466329749999999 0.504781225 0.6674079859375001 0.5165655953125 0.6875097578125 0.5012039703125 0.7185651156249999 0.498521028125 0.7569329640625 0.538273496875 0.8014811406250001
9 0.496501890625 0.6443383546875 0.5490052624999999 0.648009746875 0.6173174171875 0.6142311421875 0.65632000625 0.5751900562500001 0.6730231015625 0.5249507734375001 0.682860553125 0.38426866406250004 0.6728648109375001 0.338588325 0.621775125 0.2675437359375 0.5771761468750001 0.24514734374999997 0.4979739328125 0.24603489375 0.432272503125 0.289634925 0.3830575234375 0.42756348906249997 0.34711281875 0.4700313578125 0.3457713484375 0.4892152828125 0.38067730625 0.555915240625 0.4453399921875 0.6214830375 0.496501890625 0.6443383546875
9 0.5231868734375 0.35703841875000003 0.538923440625 0.367777690625 0.5529435968749999 0.35590625625 0.52452834375 0.33785449375 0.4654620515625 0.3337241765625 0.44137393437499994 0.3481045453125 0.4571105015625 0.3588438171875 0.5231868734375 0.35703841875000003
9 0.6272993015624999 0.37717048750000004 0.668393240625 0.4025347390625 0.6697347125 0.383350815625 0.6483295359375 0.35936333593750003 0.5984368890625 0.3655133671875 0.6006004578125 0.3817294328125 0.6272993015624999 0.37717048750000004
9 0.51386879375 0.44313661406250004 0.55145769375 0.4714687234375 0.5742043406249999 0.47627227968749997 0.6048553796875 0.462350834375 0.589191028125 0.403422290625 0.573901615625 0.3862883765625 0.543697734375 0.3938151796875 0.51386879375 0.44313661406250004
9 0.47195275625 0.382372371875 0.49119436250000004 0.3901437859375 0.5240089703125 0.3924384078125 0.5148353234374999 0.38215805937499997 0.47195275625 0.382372371875
9 0.5992589875000001 0.40091335624999996 0.6018697140625 0.41073477968749994 0.6478101640625 0.4139472484375 0.638636515625 0.4036669 0.5992589875000001 0.40091335624999996
9 0.4813569125 0.5308258968749999 0.525508734375 0.55961693125 0.58151714375 0.560320465625 0.606499575 0.5331508140625 0.60172528125 0.507113325 0.541389734375 0.473977659375 0.48754489218749997 0.4894901890625 0.470019696875 0.5043294828125 0.4813569125 0.5308258968749999
4 0.6714511234375 0.405961521875 0.6697347125 0.383350815625 0.6483295359375 0.35936333593750003 0.5984368890625 0.3655133671875 0.6006004578125 0.3817294328125 0.6272993015624999 0.37717048750000004 0.6714511234375 0.405961521875
3 0.6049275953125 0.4141615640625 0.6478101640625 0.4139472484375 0.638636515625 0.4036669 0.5992589875000001 0.40091335624999996 0.6049275953125 0.4141615640625
10 0.59076300625 0.5224115406250001 0.6073938890624999 0.5203615312500001 0.592551634375 0.4968329765625 0.541389734375 0.473977659375 0.5081279703125 0.47807767968750003 0.477029775 0.49839376562500004 0.559737028125 0.49453835625 0.5789786359375 0.50230976875 0.59076300625 0.5224115406250001
5 0.5285666171875001 0.5630437140625 0.58151714375 0.560320465625 0.60694673125 0.526756171875 0.582858615625 0.5411365421875 0.536918165625 0.5379240734375 0.47613546093750003 0.5111830484375 0.49053055937499995 0.5411062453125 0.5285666171875001 0.5630437140625
6 0.554515578125 0.4748955078125 0.6048553796875 0.462350834375 0.589191028125 0.403422290625 0.573901615625 0.3862883765625 0.543697734375 0.3938151796875 0.51386879375 0.44313661406250004 0.554515578125 0.4748955078125
2 0.536918165625 0.5379240734375 0.582858615625 0.5411365421875 0.6003838109374999 0.5262972484375 0.559737028125 0.49453835625 0.50723365625 0.4908669625 0.47658261875 0.50478840625 0.536918165625 0.5379240734375
8 0.5419813234374999 0.3712044734375 0.5529435968749999 0.35590625625 0.52452834375 0.33785449375 0.4654620515625 0.3337241765625 0.44137393437499994 0.3481045453125 0.4571105015625 0.3588438171875 0.5231868734375 0.35703841875000003 0.5419813234374999 0.3712044734375
7 0.4942522453125 0.39357056875 0.5240089703125 0.3924384078125 0.5148353234374999 0.38215805937499997 0.47195275625 0.382372371875 0.4942522453125 0.39357056875