0 0.4781695265625 0 0 0.0418344125 0 0.5218304734375 0.0418344125 1 0.5218304734375 1 1 0.9581655874999999 1 0.4781695265625 0.9581655874999999 0 0.4781695265625 0
0 0.736192978125 0.38714825625 0.735303634375 0.3769830046875 0.7120566828125 0.3534092 0.6879336546875 0.338447925 0.6314666421874999 0.32631638125 0.5450272296875001 0.3441219109375 0.48330374374999996 0.3836655484375 0.45833116562500004 0.41487236875000005 0.436606253125 0.4645739953125 0.43046043437500003 0.5060839234375 0.434880625 0.5193546203125 0.42989406875 0.536862653125 0.4361194796875 0.6080194156250001 0.42469065781250004 0.663648959375 0.4296904796875 0.664918709375 0.4370353546875 0.6557402328124999 0.44261480625000005 0.645009034375 0.44611912187499997 0.6105589140625 0.4540568953125 0.6081572734375 0.4867105921875 0.6274937406250001 0.50231621875 0.656857603125 0.535859259375 0.6863593234375001 0.5970429125 0.7151499796875 0.6635095671875 0.7298210203125 0.7329009078125 0.7220428875 0.7449491578125 0.7107457421875 0.75815666875 0.675446703125 0.770448303125 0.592426846875 0.7639529765625 0.5554372296875 0.779801990625 0.5130783828125 0.7626875921875 0.4292168703125 0.7467855171875 0.3964645890625 0.736192978125 0.38714825625
1 0.636776178125 0.34975233125 0.673243903125 0.356804878125 0.7344275546875 0.3855955328125 0.735303634375 0.3769830046875 0.7120566828125 0.3534092 0.6879336546875 0.338447925 0.6314666421874999 0.32631638125 0.5576683765625 0.33960160156249997 0.498586390625 0.37208542968749997 0.45833116562500004 0.41487236875000005 0.4471722625 0.43633476406250005 0.436606253125 0.4645739953125 0.43046043437500003 0.5060839234375 0.43634959999999995 0.517518925 0.44222550156249996 0.5101761437500001 0.4616318921875 0.5084783046875 0.48075509843750003 0.5221698296875 0.49723680468750003 0.5429211625 0.5037056015625 0.542355215625 0.5189484531249999 0.474441753125 0.532748859375 0.4459195484375 0.5356602796875001 0.40469259375 0.5435847859375 0.3835131703125 0.5629779109374999 0.3630375484375 0.5817914046875 0.354562875 0.636776178125 0.34975233125
1 0.44261480625000005 0.645009034375 0.4490570734375 0.6068875234375 0.43551331718749997 0.5824648 0.43436732187500005 0.6252444765625 0.42439420937500005 0.66026054375 0.4296904796875 0.664918709375 0.44261480625000005 0.645009034375
9 0.720680209375 0.48922886718749997 0.71479104375 0.477793865625 0.7324320109375 0.4745433046875 0.7559621437499999 0.48272774375000005 0.7721474015625 0.500090659375 0.7730367453125 0.5102559109375 0.779801990625 0.5130783828125 0.7721208703125 0.46253509531250003 0.75444010625 0.4094523109375 0.730896709375 0.382490090625 0.6532446171874999 0.35172588125000004 0.5817914046875 0.354562875 0.5629779109374999 0.3630375484375 0.5435847859375 0.3835131703125 0.5356602796875001 0.40469259375 0.532748859375 0.4459195484375 0.5189484531249999 0.474441753125 0.5051745765625 0.5405195218750001 0.49723680468750003 0.5429211625 0.48075509843750003 0.5221698296875 0.4616318921875 0.5084783046875 0.44222550156249996 0.5101761437500001 0.431942675 0.5230260109375 0.42989406875 0.536862653125 0.43374789375 0.580912078125 0.450822496875 0.608440246875 0.4867105921875 0.6274937406250001 0.50231621875 0.656857603125 0.535859259375 0.6863593234375001 0.5632166875 0.7010376234375 0.5970429125 0.7151499796875 0.6635095671875 0.7298210203125 0.7314319328125001 0.7238785828125 0.7449491578125 0.7107457421875 0.75815666875 0.675446703125 0.770448303125 0.592426846875 0.7639529765625 0.5554372296875 0.7774569359375 0.5235266078125 0.7442103421875 0.49741330625 0.720680209375 0.48922886718749997
9 0.6883229609375 0.4732808171875 0.6939024140625001 0.46254961874999995 0.68154445 0.4516805640625 0.644483828125 0.43785118125 0.6218430390624999 0.43983199375000004 0.58687081875 0.468499315625 0.6400901671875 0.4621360484375 0.6803851875 0.4756824578125 0.6883229609375 0.4732808171875
9 0.61158674375 0.490237425 0.6339443499999999 0.5036459765625 0.6612885125 0.499546496875 0.64893055 0.48867744062499996 0.6321656609375 0.48331547343750003 0.61158674375 0.490237425
9 0.6856947234375 0.49911840625000004 0.6780534 0.5049084640625 0.6742526359375 0.5359701671875 0.6651423375000001 0.5435959218749999 0.6633901796874999 0.56082098125 0.6925130296875001 0.57705200625 0.7125123171875 0.5821310000000001 0.7236844859375 0.5794463859375 0.7324983375 0.5684322140625 0.73100283125 0.532712346875 0.7548294125 0.5442852031250001 0.7592363375 0.538778115625 0.7398166828125 0.5216981734374999 0.7233482421875 0.5197246234375 0.7083355124999999 0.49713759375000005 0.6856947234375 0.49911840625000004
9 0.6881193703124999 0.6013368734375 0.66254063125 0.6069890765625 0.6425546093750001 0.6206878625 0.7049107890624999 0.64425440625 0.7260826015624999 0.6441092890625 0.713711375 0.6144624515625 0.6881193703124999 0.6013368734375
4 0.6868539859375 0.4751165109375 0.6939024140625001 0.46254961874999995 0.68154445 0.4516805640625 0.644483828125 0.43785118125 0.6218430390624999 0.43983199375000004 0.58687081875 0.468499315625 0.6400901671875 0.4621360484375 0.6868539859375 0.4751165109375
3 0.6321656609375 0.48331547343750003 0.61158674375 0.490237425 0.6339443499999999 0.5036459765625 0.6598195375 0.501382190625 0.64893055 0.48867744062499996 0.6321656609375 0.48331547343750003
5 0.689601609375 0.6182789609375 0.6425546093750001 0.6206878625 0.7049107890624999 0.64425440625 0.7246136265625001 0.6459449828125 0.7098973453124999 0.626746371875 0.689601609375 0.6182789609375
10 0.7098973453124999 0.626746371875 0.7243171796875 0.6425565671875 0.721069515625 0.6240617562499999 0.713711375 0.6144624515625 0.6881193703124999 0.6013368734375 0.66254063125 0.6069890765625 0.6487269578125 0.6167334984374999 0.689601609375 0.6182789609375 0.7098973453124999 0.626746371875
6 0.6742526359375 0.5359701671875 0.6651423375000001 0.5435959218749999 0.6633901796874999 0.56082098125 0.6925130296875001 0.57705200625 0.7222155109374999 0.58128208125 0.729856834375 0.5754920218749999 0.7345469421875 0.5545955703125001 0.720989921875 0.511395065625 0.7083355124999999 0.49713759375000005 0.6856947234375 0.49911840625000004 0.6780534 0.5049084640625 0.6742526359375 0.5359701671875
8 0.7756915125 0.5219738859375 0.7721474015625 0.500090659375 0.7559621437499999 0.48272774375000005 0.7324320109375 0.4745433046875 0.71479104375 0.477793865625 0.720680209375 0.48922886718749997 0.7442103421875 0.49741330625 0.7756915125 0.5219738859375
7 0.7592363375 0.538778115625 0.7501127734375 0.5276260890625 0.7330514390625 0.518875703125 0.7218792671875 0.5215603171875001 0.734533678125 0.5358177890625 0.7580638109375 0.5440022296875 0.7592363375 0.538778115625