0 0.451855478125 0 0 0.0878318078125 0 0.5481445218750001 0.0878318078125 1 0.5481445218750001 1 1 0.9121681921875 1 0.451855478125 0.9121681921875 0 0.451855478125 0
0 0.6709291656249999 0.33867263593749997 0.6692153125 0.329855625 0.6467004609375 0.3113566953125 0.6242114953125 0.30047785625 0.5736760390625 0.2950507046875 0.499664365625 0.31858726718749997 0.4492842296875 0.35888067343749996 0.43030062812500003 0.3884961359375 0.41586141718749997 0.43400353437500006 0.41430288437499996 0.47090708281250004 0.41939267031250005 0.482117928125 0.41663979375000004 0.49790328281249996 0.42863676718750005 0.5596223578124999 0.423754071875 0.6093722578125 0.4282466875 0.6100240046875001 0.43383010000000005 0.601313575 0.43772554531249996 0.5914062265625 0.437622 0.5609258546875 0.44434797968749995 0.5580934328125 0.47470549531249995 0.5720178546875 0.49106565 0.5962882125 0.52313701875 0.6190296421875 0.5793335468749999 0.6386066453125 0.638854234375 0.6453372953125001 0.6988685484375 0.63214666875 0.7083732921875 0.621148984375 0.7166836937500001 0.5890331062499999 0.7198007609375 0.5152260109375 0.7107119843749999 0.4834421390625 0.720684465625 0.44490308437500004 0.6979884078125 0.373063503125 0.6810569671875 0.34585414062500003 0.6709291656249999 0.33867263593749997
1 0.580479678125 0.31507856093750003 0.613044671875 0.31789871875000003 0.6692412 0.33747571875000004 0.6692153125 0.329855625 0.6467004609375 0.3113566953125 0.6242114953125 0.30047785625 0.5736760390625 0.2950507046875 0.510311678125 0.31346758750000003 0.46159362187499997 0.3473378203125 0.43030062812500003 0.3884961359375 0.4225097390625 0.40831083125 0.41586141718749997 0.43400353437500006 0.41430288437499996 0.47090708281250004 0.42050935312500004 0.4803758421875 0.4249760828125 0.47340749843749996 0.44180397656250003 0.47013648750000003 0.4598003265625 0.480363575 0.476134596875 0.4970138390625 0.48174389375000004 0.49592350312500005 0.48883406718750005 0.4350693375 0.49828703750000003 0.40883146718749996 0.49704092343750006 0.3724730875 0.5020271640625 0.353203559375 0.5171153171875 0.33349544531249997 0.53280064375 0.3243464265625 0.580479678125 0.31507856093750003
1 0.43772554531249996 0.5914062265625 0.4398553640625 0.5574416828125 0.4257544578125 0.5373072453125001 0.42868854062499995 0.5748625421875 0.42318278749999994 0.606433253125 0.4282466875 0.6100240046875001 0.43772554531249996 0.5914062265625
9 0.6667471890625001 0.4294620046875 0.66054071875 0.41999324531250004 0.675680646875 0.41552531718749997 0.69702704375 0.42052614843749997 0.7127900296874999 0.434237409375 0.7145038828125 0.44305441874999996 0.720684465625 0.44490308437500004 0.70931055 0.40136320000000003 0.688951403125 0.35651981875 0.665865265625 0.33508188437499997 0.5950742078125 0.315291721875 0.53280064375 0.3243464265625 0.5171153171875 0.33349544531249997 0.5020271640625 0.353203559375 0.49704092343750006 0.3724730875 0.49828703750000003 0.40883146718749996 0.48883406718750005 0.4350693375 0.48286057656250003 0.4941814171875 0.476134596875 0.4970138390625 0.4598003265625 0.480363575 0.44180397656250003 0.47013648750000003 0.4249760828125 0.47340749843749996 0.41715930625000003 0.48560210000000004 0.41663979375000004 0.49790328281249996 0.424066490625 0.5361103296875 0.44154333125 0.5586386 0.47470549531249995 0.5720178546875 0.49106565 0.5962882125 0.52313701875 0.6190296421875 0.5484306328125 0.6293633125 0.5793335468749999 0.6386066453125 0.638854234375 0.6453372953125001 0.697751865625 0.6338887546875001 0.7083732921875 0.621148984375 0.7166836937500001 0.5890331062499999 0.7198007609375 0.5152260109375 0.7107119843749999 0.4834421390625 0.71959366875 0.45426526406249995 0.6880935859374999 0.4344628359375 0.6667471890625001 0.4294620046875
9 0.6369609578125 0.4184765875 0.640856403125 0.4085692390625 0.6290406359375 0.400190815625 0.5953330734375 0.391492653125 0.5757005296875 0.3953088328125 0.5477316984375 0.423620796875 0.593722765625 0.413156015625 0.6302349765625 0.4213090109375 0.6369609578125 0.4184765875
9 0.5713632328125 0.44037764218750003 0.5921642328125001 0.4500595640625 0.61571810625 0.4439561296875 0.6039023390625 0.43557770625 0.5887365250000001 0.43242554218749996 0.5713632328125 0.44037764218750003
9 0.6370386171875 0.44133686718750004 0.6308839203125001 0.44710829375000005 0.6304161828125 0.47464966249999996 0.6231448046875 0.482163175 0.623196578125 0.4974033609375 0.650178159375 0.5089339484375001 0.668148621875 0.51154094375 0.6776792515625 0.5081633515624999 0.684379346875 0.497710834375 0.679783184375 0.46657871406250007 0.701700865625 0.47451854843749997 0.7050509140625 0.469292290625 0.686483278125 0.4561261984375 0.6718887484375 0.4559130359375 0.6566711609375 0.4375206875 0.6370386171875 0.44133686718750004
9 0.6485678515625 0.5305973093749999 0.62670194375 0.5378976609375 0.61047121875 0.5517277703125 0.6672131453125 0.5666236812500001 0.68572900625 0.5645495875 0.6721735 0.5397340609375 0.6485678515625 0.5305973093749999
4 0.635844275 0.4202186734375 0.640856403125 0.4085692390625 0.6290406359375 0.400190815625 0.5953330734375 0.391492653125 0.5757005296875 0.3953088328125 0.5477316984375 0.423620796875 0.593722765625 0.413156015625 0.635844275 0.4202186734375
3 0.5887365250000001 0.43242554218749996 0.5713632328125 0.44037764218750003 0.5921642328125001 0.4500595640625 0.6146014234375 0.44569821562499995 0.6039023390625 0.43557770625 0.5887365250000001 0.43242554218749996
5 0.6514242734375 0.5452923281250001 0.61047121875 0.5517277703125 0.6672131453125 0.5666236812500001 0.684612325 0.5662916734375 0.669966021875 0.5508383265625 0.6514242734375 0.5452923281250001
10 0.669966021875 0.5508383265625 0.6840410390625 0.5633526703125 0.6794966515625 0.547460734375 0.6721735 0.5397340609375 0.6485678515625 0.5305973093749999 0.62670194375 0.5378976609375 0.6155092328125 0.547698428125 0.6514242734375 0.5452923281250001 0.669966021875 0.5508383265625
6 0.6304161828125 0.47464966249999996 0.6231448046875 0.482163175 0.623196578125 0.4974033609375 0.650178159375 0.5089339484375001 0.6765625703125 0.5099054375 0.682717265625 0.5041340125 0.6848988578124999 0.48540965312499995 0.6690582125 0.4488381125 0.6566711609375 0.4375206875 0.6370386171875 0.44133686718750004 0.6308839203125001 0.44710829375000005 0.6304161828125 0.47464966249999996
8 0.7179057015625 0.45306834843750005 0.7127900296874999 0.434237409375 0.69702704375 0.42052614843749997 0.675680646875 0.41552531718749997 0.66054071875 0.41999324531250004 0.6667471890625001 0.4294620046875 0.6880935859374999 0.4344628359375 0.7179057015625 0.45306834843750005
7 0.7050509140625 0.469292290625 0.69603979375 0.4603686984375 0.6803026953125 0.45427753125 0.670772065625 0.4576551234375 0.6831591171875 0.46897254843749997 0.7045055140625001 0.4739733796875 0.7050509140625 0.469292290625