0 0.48253961562500003 0 0 0.0337424578125 0 0.517460384375 0.0337424578125 1 0.517460384375 1 1 0.9662575421874999 1 0.48253961562500003 0.9662575421874999 0 0.48253961562500003 0
0 0.7006285625 0.44814268906250004 0.6755892578125 0.421522609375 0.6601082453125 0.365863153125 0.6428409015625001 0.326090275 0.61625035 0.298002503125 0.57413160625 0.27572906875 0.5044976937500001 0.2742936796875 0.46457255000000003 0.283390184375 0.41687544687500006 0.3056394890625 0.33454929375 0.371290621875 0.3065796765625 0.40634594375 0.29457697031249996 0.44186091875000005 0.2721699859375 0.4528847671875 0.26972557343750003 0.4593603625 0.276369278125 0.4715051203125 0.247522221875 0.4940124671875 0.2359896890625 0.4948189015625 0.231994028125 0.4998268046875 0.21798562968750002 0.5480913640625 0.21930178906250003 0.566913325 0.225287415625 0.569647103125 0.23945226874999997 0.606484596875 0.25651598125 0.6226292171875001 0.28932724374999996 0.6360964953125 0.32104170781249997 0.6338788046875 0.3584752578125 0.6927316890624999 0.4096663953125 0.7411655500000001 0.4429163765625 0.7609068156250001 0.505655771875 0.7880429796875 0.532042690625 0.79250249375 0.565089040625 0.7886154999999999 0.597696671875 0.778454521875 0.6391887875 0.7503344453125 0.653839540625 0.7319721328125001 0.6716085125 0.69605394375 0.6905057375 0.6348381921875 0.694799390625 0.5305109625 0.7028221625 0.4795126265625 0.7006285625 0.44814268906250004
1 0.29036195 0.44373182812499995 0.2761656453125 0.4478768640625 0.26972557343750003 0.4593603625 0.2805842984375 0.46963421250000004 0.28990750468750004 0.4579491046875 0.29036195 0.44373182812499995
1 0.22373617031249998 0.5681794109375 0.228640721875 0.5347369546875 0.2446390890625 0.4942140765625 0.2359896890625 0.4948189015625 0.2244414296875 0.5161165984375 0.21798562968750002 0.5480913640625 0.21930178906250003 0.566913325 0.22373617031249998 0.5681794109375
9 0.7028221625 0.4795126265625 0.7006285625 0.44814268906250004 0.6755892578125 0.421522609375 0.6601082453125 0.365863153125 0.6412896546875 0.3246225828125 0.6235521359375 0.31955824375 0.5687726078125 0.3233888015625 0.54924875625 0.334211040625 0.538609390625 0.32707418593750004 0.5477132359375 0.31225208437499996 0.5754477671875 0.2945510328125 0.60716223125 0.292333340625 0.562379715625 0.273398509375 0.5044976937500001 0.2742936796875 0.46457255000000003 0.283390184375 0.40999665468749996 0.31084900000000004 0.46964928281249996 0.3145585140625 0.49247925937500003 0.33029991875000003 0.4862585484375 0.34492041093750003 0.442353471875 0.3385335546875 0.3991064765625 0.3415576796875 0.3598394125 0.360065165625 0.366279484375 0.348581665625 0.36184510468750003 0.34731558125 0.33454929375 0.371290621875 0.301471490625 0.41616014218749997 0.28990750468750004 0.4579491046875 0.2435265609375 0.49902037187500004 0.228640721875 0.5347369546875 0.22594549531250002 0.5790580859375 0.23945226874999997 0.606484596875 0.25651598125 0.6226292171875001 0.28932724374999996 0.6360964953125 0.32104170781249997 0.6338788046875 0.3584752578125 0.6927316890624999 0.4096663953125 0.7411655500000001 0.4429163765625 0.7609068156250001 0.505655771875 0.7880429796875 0.532042690625 0.79250249375 0.5637571546875 0.7902848031249999 0.597696671875 0.778454521875 0.6391887875 0.7503344453125 0.653839540625 0.7319721328125001 0.6716085125 0.69605394375 0.6905057375 0.6348381921875 0.694799390625 0.5305109625 0.7028221625 0.4795126265625
9 0.6002362578125 0.3590166453125 0.577390553125 0.3637665046875 0.5571928953125 0.3856690265625 0.5767010203125 0.39533805312500003 0.6068642375 0.39165266718749997 0.62350495625 0.3810320359375 0.6002362578125 0.3590166453125
9 0.4766845296875 0.3944510546875 0.4476495640625 0.372838878125 0.43035076562499996 0.374048528125 0.413710046875 0.384669159375 0.3990592953125 0.40303147343749995 0.41834805937499997 0.40956350312499995 0.4513944109375 0.4056765109375 0.4766845296875 0.3944510546875
9 0.5201666125 0.374072659375 0.49708582031250004 0.396176790625 0.49548739375000006 0.4561828890625 0.487496075 0.466198696875 0.48304596875000005 0.4854238765625 0.48658718125 0.49463324999999997 0.5003290406249999 0.5047054906249999 0.538248490625 0.5083585703125 0.5597623078125 0.5052780109375 0.5950337109375 0.4917784296875 0.6016931453125001 0.4834319234375 0.6036988390625 0.470682340625 0.5937332796875 0.4524652015625 0.5846451593750001 0.4467960390625 0.5543097625 0.38587063593750004 0.5374654109375 0.372863009375 0.5201666125 0.374072659375
9 0.5044968796875 0.564308375 0.4925099015625 0.5793320828125 0.4807265546875 0.6179840515625 0.49733582031249995 0.6483459484375 0.5234876515625 0.6701597328125 0.5685052546875 0.6717402953125 0.5924634859375 0.6621841390625 0.6117837046875 0.6277336421874999 0.615795090625 0.602234475 0.60473273125 0.5683323671875 0.5967571375 0.557856909375 0.5697121421875 0.5439864140624999 0.5266845046874999 0.5501475328125001 0.5044968796875 0.564308375
4 0.4086647671875 0.3125183015625 0.370055784375 0.34043676875 0.3582881640625 0.358597471875 0.3627225453125 0.3598635578125 0.3991064765625 0.3415576796875 0.442353471875 0.3385335546875 0.4862585484375 0.34492041093750003 0.49247925937500003 0.33029991875000003 0.46964928281249996 0.3145585140625 0.44326236406249997 0.3100990015625 0.4086647671875 0.3125183015625
3 0.4500625234375 0.4073458109375 0.4766845296875 0.3944510546875 0.4476495640625 0.372838878125 0.43035076562499996 0.374048528125 0.413710046875 0.384669159375 0.3990592953125 0.40303147343749995 0.41834805937499997 0.40956350312499995 0.4500625234375 0.4073458109375
10 0.6120345171875 0.58988810625 0.601410878125 0.5622599875 0.58766901875 0.5521877453124999 0.5697121421875 0.5439864140624999 0.5266845046874999 0.5501475328125001 0.5044968796875 0.564308375 0.4925099015625 0.5793320828125 0.48028783593749996 0.611710065625 0.487605346875 0.612774540625 0.500704853125 0.5929445359375001 0.539533196875 0.5681630625 0.571467021875 0.5690823640625 0.5925263921874999 0.5802190828125 0.6082582171875 0.5980330046875 0.6124732374999999 0.5961620937500001 0.6120345171875 0.58988810625
5 0.4805071953125 0.6148470578125 0.49733582031249995 0.6483459484375 0.5234876515625 0.6701597328125 0.56717336875 0.6734095953125 0.5964591453125 0.6571762359375 0.6117837046875 0.6277336421874999 0.61424384375 0.60076678125 0.5902698859375 0.6308142015625 0.5678629015625 0.6418380499999999 0.5361484375 0.644055740625 0.4805071953125 0.6148470578125
2 0.48339032812499994 0.61464545 0.5093227984375 0.6333222390625 0.5361484375 0.644055740625 0.5678629015625 0.6418380499999999 0.5902698859375 0.6308142015625 0.6129119578125 0.6024360828125 0.5925263921874999 0.5802190828125 0.571467021875 0.5690823640625 0.5311031578125001 0.5719048796874999 0.500704853125 0.5929445359375001 0.48339032812499994 0.61464545
6 0.5374654109375 0.372863009375 0.5201666125 0.374072659375 0.49708582031250004 0.396176790625 0.49548739375000006 0.4561828890625 0.487496075 0.466198696875 0.48304596875000005 0.4854238765625 0.48658718125 0.49463324999999997 0.5003290406249999 0.5047054906249999 0.558430421875 0.5069473125 0.5950337109375 0.4917784296875 0.6016931453125001 0.4834319234375 0.6036988390625 0.470682340625 0.5937332796875 0.4524652015625 0.5846451593750001 0.4467960390625 0.5543097625 0.38587063593750004 0.5374654109375 0.372863009375
8 0.5383900296874999 0.3239371921875 0.5432631296875 0.3314772640625 0.5521318890625 0.3340094328125 0.5687726078125 0.3233888015625 0.635304028125 0.32188880468750003 0.63641655625 0.317082509375 0.607381590625 0.295470334375 0.5754477671875 0.2945510328125 0.5477132359375 0.31225208437499996 0.5383900296874999 0.3239371921875
7 0.62350495625 0.3810320359375 0.6002362578125 0.3590166453125 0.577390553125 0.3637665046875 0.5571928953125 0.3856690265625 0.5767010203125 0.39533805312500003 0.6055323515625 0.3933219703125 0.62350495625 0.3810320359375