0 0.0171556125 0 0 0.49127245156250005 0 0.9828443874999999 0.49127245156250005 1 0.9828443874999999 1 1 0.5087275484375 1 0.0171556125 0.5087275484375 0 0.0171556125 0
0 0.7535376171875 0.5357157296875 0.7299153125 0.50467106875 0.7196851765625001 0.4438743234375 0.705784940625 0.3997381640625 0.680678921875 0.366962815625 0.6384322671875 0.338625528125 0.5646375406249999 0.329333059375 0.5212197609375 0.334532378125 0.4680799140625 0.35282319375000004 0.373318590625 0.4133113078125 0.3397012453125 0.4473937421875 0.32299031093749997 0.483745434375 0.29796265625 0.49294469999999996 0.2946438921875 0.49954430624999996 0.3003445234375 0.513174378125 0.2671956265625 0.5338421703125 0.2548574671875 0.5334113109375 0.2500549890625 0.5382802296875 0.229791065625 0.58793885 0.229088390625 0.6080608125 0.23514035781249998 0.611629903125 0.2460731671875 0.6523046859375 0.2623940171875 0.67134225 0.295738390625 0.6892954109375 0.3296683265625 0.6904802703125 0.3628568390625 0.7571153671874999 0.4118193875 0.8142280546875 0.4449295359375 0.8388885374999999 0.5085337437499999 0.8746871453124999 0.536060375 0.882363896875 0.5715911375 0.881925784375 0.6073561234375 0.87478035 0.6545611171875 0.8495667828125001 0.6721702015625 0.83171408125 0.695050215625 0.7955778171875 0.7219516687499999 0.7327199828125 0.7381545359375 0.62248004375 0.7523664921875 0.569252334375 0.7535376171875 0.5357157296875
1 0.31830494531250003 0.4852606921875 0.302765134375 0.48807578124999995 0.2946438921875 0.49954430624999996 0.3050298890625 0.5116591203125 0.3162356703125 0.5002983078125001 0.31830494531250003 0.4852606921875
1 0.23365664375 0.6098992156249999 0.2425976734375 0.574955065625 0.2641110859375 0.5337344546875 0.2548574671875 0.5334113109375 0.2402158078125 0.5547253890625 0.229791065625 0.58793885 0.229088390625 0.6080608125 0.23365664375 0.6098992156249999
9 0.7523664921875 0.569252334375 0.7535376171875 0.5357157296875 0.7299153125 0.50467106875 0.7196851765625001 0.4438743234375 0.7043012265625 0.398007475 0.6860282140625 0.3906538671875 0.6274219624999999 0.3886072921875 0.605478846875 0.397914271875 0.5949757390625 0.389153121875 0.606298634375 0.3744386484375 0.6377295921874999 0.3587474921875 0.671659528125 0.35993235156250003 0.6262112203125 0.3348410109375 0.5646375406249999 0.329333059375 0.5212197609375 0.334532378125 0.46019289687500003 0.3575844 0.5231331781249999 0.368176696875 0.54562310625 0.3874296890625 0.5373847515625 0.402251875 0.49146799375 0.390575175 0.4451999015625 0.3889594578125 0.401430784375 0.4042197578125 0.4095520265625 0.3927512328125 0.4049837734375 0.3909128296875 0.373318590625 0.4133113078125 0.333180828125 0.4572392953125 0.3162356703125 0.5002983078125001 0.2623931484375 0.5387110875000001 0.2425976734375 0.574955065625 0.234789021875 0.621690884375 0.2460731671875 0.6523046859375 0.2623940171875 0.67134225 0.295738390625 0.6892954109375 0.3296683265625 0.6904802703125 0.3628568390625 0.7571153671874999 0.4118193875 0.8142280546875 0.4449295359375 0.8388885374999999 0.5085337437499999 0.8746871453124999 0.536060375 0.882363896875 0.5699903109375 0.88354875625 0.6073561234375 0.87478035 0.6545611171875 0.8495667828125001 0.6721702015625 0.83171408125 0.695050215625 0.7955778171875 0.7219516687499999 0.7327199828125 0.7381545359375 0.62248004375 0.7523664921875 0.569252334375
9 0.6568620078125 0.4299283625 0.6320685796875 0.43242030781249996 0.6081733015624999 0.4534112421875 0.6278129156250001 0.4658491984375 0.6602591375 0.46530337031249996 0.6791177125 0.4558886765625 0.6568620078125 0.4299283625
9 0.52168908125 0.453748896875 0.49326429843749997 0.4275731546875 0.474757059375 0.42692686875 0.455898484375 0.4363415625 0.43828940000000005 0.4541942671875 0.4580461265625 0.46327856093750003 0.4935768875 0.46284044843750005 0.52168908125 0.453748896875
9 0.5701435625 0.4369733390625 0.543163746875 0.45785655937499997 0.5347695296875 0.5213606796875 0.5251645734375 0.5310985171875 0.5182928203125 0.5510050515625 0.5210260234375 0.561173746875 0.534496559375 0.573396275 0.5743613484375001 0.581503884375 0.5975539515625 0.5806349125 0.6365205890625 0.5702435328125001 0.64452471875 0.5621286671875 0.6480777093750001 0.5488217390625 0.6395267640625 0.5283766328125 0.6305073703125 0.52134616875 0.6050887625 0.453303528125 0.5886508 0.43761962499999996 0.5701435625 0.4369733390625
9 0.5322714234375 0.637115825 0.5178639890625 0.6517225796874999 0.5010359421875 0.6914279343749999 0.5152875156250001 0.7255031109375001 0.540627759375 0.7515711390625001 0.5882624546875 0.7582712046875 0.614773821875 0.7508026265625001 0.6391375484374999 0.7163970484375 0.6462435281250001 0.6897831937500001 0.6382781453125 0.6525697859374999 0.6309766890625 0.6405626875 0.60380139375 0.6228249546875 0.5574161890625 0.6245628984375 0.5322714234375 0.637115825
4 0.4585920703125 0.359207371875 0.41447161718750003 0.384528653125 0.3999470703125 0.40248907031250003 0.4045153234375 0.404327471875 0.4451999015625 0.3889594578125 0.49146799375 0.390575175 0.5373847515625 0.402251875 0.54562310625 0.3874296890625 0.5231331781249999 0.368176696875 0.49560654531250004 0.3604999453125 0.4585920703125 0.359207371875
3 0.4919760609375 0.46446342031250004 0.52168908125 0.453748896875 0.49326429843749997 0.4275731546875 0.474757059375 0.42692686875 0.455898484375 0.4363415625 0.43828940000000005 0.4541942671875 0.4580461265625 0.46327856093750003 0.4919760609375 0.46446342031250004
10 0.6436274375 0.6762608375 0.6354278296875 0.64575475 0.6219572953125 0.6335322234375 0.60380139375 0.6228249546875 0.5574161890625 0.6245628984375 0.5322714234375 0.637115825 0.5178639890625 0.6517225796874999 0.5012701671875 0.6847206124999999 0.508922959375 0.6866667296875 0.52504833125 0.6670833390625 0.5690516718749999 0.64511571875 0.6028644953125 0.6496542390625 0.6239878234375 0.6638228828125 0.638707846875 0.6844834171875 0.6433932125 0.682968159375 0.6436274375 0.6762608375
5 0.5011530546875 0.6880742734374999 0.5152875156250001 0.7255031109375001 0.540627759375 0.7515711390625001 0.586661628125 0.7598941765625 0.6195763000000001 0.74593370625 0.6391375484374999 0.7163970484375 0.6447598125 0.6880525078125 0.615944946875 0.717266021875 0.5909172921875 0.7264652875000001 0.55698735625 0.7252804265624999 0.5011530546875 0.6880742734374999
2 0.50423759375 0.6881819874999999 0.52969495 0.7108963546875 0.55698735625 0.7252804265624999 0.5909172921875 0.7264652875000001 0.615944946875 0.717266021875 0.6431589875 0.6896754796875 0.6239878234375 0.6638228828125 0.6028644953125 0.6496542390625 0.5596809406250001 0.6481462359375 0.52504833125 0.6670833390625 0.50423759375 0.6881819874999999
6 0.5886508 0.43761962499999996 0.5701435625 0.4369733390625 0.543163746875 0.45785655937499997 0.5347695296875 0.5213606796875 0.5251645734375 0.5310985171875 0.5182928203125 0.5510050515625 0.5210260234375 0.561173746875 0.534496559375 0.573396275 0.5959531265625 0.5822578859374999 0.6365205890625 0.5702435328125001 0.64452471875 0.5621286671875 0.6480777093750001 0.5488217390625 0.6395267640625 0.5283766328125 0.6305073703125 0.52134616875 0.6050887625 0.453303528125 0.5886508 0.43761962499999996
8 0.5950928515625 0.3857994609375 0.59942688125 0.39434518281250003 0.6085633875 0.3980219875 0.6274219624999999 0.3886072921875 0.698249259375 0.39443838593749997 0.6999671984375 0.38946175312500003 0.671542415625 0.3632860109375 0.6377295921874999 0.3587474921875 0.606298634375 0.3744386484375 0.5950928515625 0.3857994609375
7 0.6791177125 0.4558886765625 0.6568620078125 0.4299283625 0.6320685796875 0.43242030781249996 0.6081733015624999 0.4534112421875 0.6278129156250001 0.4658491984375 0.6586583125 0.46692634375 0.6791177125 0.4558886765625