0 0.4562556671875 0 0 0.080450184375 0 0.5437443328125 0.080450184375 1 0.5437443328125 1 1 0.919549815625 1 0.4562556671875 0.919549815625 0 0.4562556671875 0
0 0.361387265625 0.6936789343750001 0.3983901578125 0.7435669140625001 0.450681571875 0.78018175625 0.5130332015625 0.793867990625 0.5512503296875 0.790655065625 0.5830332625 0.7709477296875 0.6546523109375 0.6772262625 0.71541 0.5818941578125 0.7665205687500001 0.43185051249999995 0.7729631109375 0.388405075 0.744418146875 0.266509996875 0.6840902484375 0.16432225312499998 0.6478885 0.1389735171875 0.5726601296875 0.1522383078125 0.5404808 0.129706096875 0.45841348593750003 0.1441767796875 0.41415855781250005 0.1731348375 0.3312734046875 0.2829459703125 0.2958561046875 0.4020161765625 0.3030914453125 0.4430498328125 0.29544301093750003 0.4796563265625 0.3312233171875 0.6425850625 0.3473129828125 0.6538511671875 0.361387265625 0.6936789343750001
1 0.7045569890625 0.5203436734375 0.662300746875 0.6406197687499999 0.667529053125 0.6502752359375 0.71541 0.5818941578125 0.7665205687500001 0.43185051249999995 0.7729631109375 0.388405075 0.744418146875 0.266509996875 0.6840902484375 0.16432225312499998 0.6478885 0.1389735171875 0.5726601296875 0.1522383078125 0.5404808 0.129706096875 0.45841348593750003 0.1441767796875 0.39605351093749996 0.19043039374999998 0.3312734046875 0.2829459703125 0.2958561046875 0.4020161765625 0.3030914453125 0.4430498328125 0.332858996875 0.4519041578125 0.342101371875 0.5243160015624999 0.3581993859375 0.4756422578125 0.354581715625 0.45512543125000005 0.381945834375 0.390362021875 0.403668553125 0.39358329375 0.4511447546875 0.34290251718750003 0.46884505625 0.3433072625 0.46441789218749996 0.3581910390625 0.4776910328125 0.373479559375 0.49820786093749997 0.3698618890625 0.53160143125 0.33929319375 0.553332496875 0.28257461875 0.601205096875 0.2741333875 0.6309726484375 0.2829877125 0.688087621875 0.3469583234375 0.70979364375 0.47005929375 0.7045569890625 0.5203436734375
1 0.3320411578125 0.5472446093750001 0.3099136921875 0.561723640625 0.3352457328125 0.6454015875 0.340887134375 0.5774169062500001 0.3320411578125 0.5472446093750001
9 0.3983901578125 0.7435669140625001 0.450681571875 0.78018175625 0.5170556171875 0.7966845171875 0.5830332625 0.7709477296875 0.6546523109375 0.6772262625 0.7045569890625 0.5203436734375 0.70979364375 0.47005929375 0.688087621875 0.3469583234375 0.6430398953124999 0.291437290625 0.601205096875 0.2741333875 0.553332496875 0.28257461875 0.53160143125 0.33929319375 0.49820786093749997 0.3698618890625 0.47366861718750003 0.37066303437500003 0.464822640625 0.3404907359375 0.42620076406249996 0.3614039609375 0.403668553125 0.39358329375 0.381945834375 0.390362021875 0.359008878125 0.4402416546875 0.342101371875 0.5243160015624999 0.332858996875 0.4519041578125 0.320791746875 0.443454578125 0.29745839375 0.451094665625 0.3075019125 0.5480457546874999 0.33606357343750004 0.5500611359375001 0.332032809375 0.6071844578125 0.361387265625 0.6936789343750001 0.3983901578125 0.7435669140625001
9 0.42539127031249996 0.3968045671875 0.39883664375 0.4261673703125 0.4644095453125 0.41813088593750003 0.5130832890625 0.43422890000000003 0.523944646875 0.43583953593749997 0.5380272781250001 0.41572745468749994 0.47326387031249995 0.3883633359375 0.42539127031249996 0.3968045671875
9 0.45998238281250003 0.4330146609375 0.43785491875 0.447493690625 0.4728507765625 0.4660034859375 0.4973900203125 0.46520234218749995 0.51106790625 0.46279056093750004 0.501817184375 0.45031856562500006 0.45998238281250003 0.4330146609375
9 0.5770455546875 0.43705377500000003 0.5903186921875 0.45234229531250003 0.6486479046875 0.46321200312500005 0.6792166 0.4966055734375 0.6800260921875 0.46120497031249996 0.6506632875 0.4346503421875 0.5991730171875 0.42257474375 0.5770455546875 0.43705377500000003
9 0.5287682078125 0.4631953078125 0.48209315 0.5384153281249999 0.49496154375 0.5714041515625 0.5190960421875 0.5883033109375 0.564152115625 0.5838844953125 0.5794406375000001 0.5706113562499999 0.578647840625 0.4861322640625 0.5629629203125 0.45716585624999995 0.5287682078125 0.4631953078125
9 0.6373818 0.47930166874999997 0.6076142484375 0.47044734374999997 0.585486784375 0.48492637343749995 0.6381829437500001 0.5038409140625 0.6518608296874999 0.5014291328125 0.6373818 0.47930166874999997
9 0.41691664843750004 0.5886913609375 0.4213354640625 0.633747434375 0.44908763125 0.67116341875 0.5359785046875001 0.684048509375 0.55367880625 0.6844532546875 0.578622796875 0.6659518078125 0.6039715343750001 0.6297500609375 0.41691664843750004 0.5886913609375
4 0.5903186921875 0.45234229531250003 0.6486479046875 0.46321200312500005 0.6832390171875 0.49942209843749996 0.6800260921875 0.46120497031249996 0.6506632875 0.4346503421875 0.5991730171875 0.42257474375 0.5770455546875 0.43705377500000003 0.5903186921875 0.45234229531250003
3 0.6076142484375 0.47044734374999997 0.585486784375 0.48492637343749995 0.6422053609375 0.5066574390625 0.6518608296874999 0.5014291328125 0.6373818 0.47930166874999997 0.6076142484375 0.47044734374999997
6 0.48209315 0.5384153281249999 0.49496154375 0.5714041515625 0.523118459375 0.5911198375 0.564152115625 0.5838844953125 0.5794406375000001 0.5706113562499999 0.578647840625 0.4861322640625 0.5629629203125 0.45716585624999995 0.5287682078125 0.4631953078125 0.48209315 0.5384153281249999
5 0.4213354640625 0.633747434375 0.44908763125 0.67116341875 0.5400009203125 0.686865034375 0.578622796875 0.6659518078125 0.6039715343750001 0.6297500609375 0.5488552453125 0.6570974828125 0.500982646875 0.6655387140625 0.45794195625 0.6413958671875 0.41691664843750004 0.5886913609375 0.4213354640625 0.633747434375
10 0.4523172515625 0.5895008515625 0.43582284062500004 0.5959350484375 0.5589154609375 0.6341688750000001 0.5890877578125 0.6253228984375 0.5404140140625 0.609224884375 0.5130582453125 0.61404844375 0.4523172515625 0.5895008515625
2 0.42496148125 0.5943244125 0.45794195625 0.6413958671875 0.500982646875 0.6655387140625 0.5488552453125 0.6570974828125 0.5902936484375 0.632161840625 0.515470025 0.6277263296875 0.42496148125 0.5943244125
8 0.39883664375 0.4261673703125 0.4644095453125 0.41813088593750003 0.5171057046875001 0.4370454265625 0.5380272781250001 0.41572745468749994 0.47326387031249995 0.3883633359375 0.42539127031249996 0.3968045671875 0.39883664375 0.4261673703125
7 0.43785491875 0.447493690625 0.45796700156250003 0.461576321875 0.5014124359375 0.4680188671875 0.51106790625 0.46279056093750004 0.489749934375 0.4418689859375 0.45998238281250003 0.4330146609375 0.43785491875 0.447493690625