0 0.4606491453125 0 0 0.0729596578125 0 0.5393508546875 0.0729596578125 1 0.5393508546875 1 1 0.9270403421875001 1 0.4606491453125 0.9270403421875001 0 0.4606491453125 0
0 0.521127171875 0.1701704640625 0.4676262890625 0.1566340609375 0.38174034687499997 0.1702370578125 0.35764603125 0.2034000390625 0.27891725 0.215869453125 0.251811146875 0.2531778046875 0.2270055046875 0.3744938921875 0.2402528375 0.5044563890625 0.261368659375 0.5451321953125 0.3627691015625 0.67580601875 0.4551008796875 0.749222546875 0.557601609375 0.817360121875 0.595654584375 0.8260065296875 0.6344521828125 0.8161932406249999 0.69132051875 0.78150771875 0.73047378125 0.7276178765625 0.7500337625 0.6658262484375 0.750389428125 0.6217496953125 0.762436584375 0.6051682046875 0.7423877531249999 0.4322627359375 0.7224055140625001 0.39874409375000003 0.715604015625 0.355801121875 0.640209390625 0.2503551953125 0.521127171875 0.1701704640625
1 0.5050345296875001 0.392820403125 0.5265060171875 0.389419653125 0.5344078015625 0.36982637500000004 0.524983475 0.356645634375 0.5423095859375 0.3502330953125 0.60636838125 0.3841074015625 0.6267062828125 0.373549490625 0.6757061296875 0.42815065937499996 0.6791068796874999 0.449622146875 0.7115252359375 0.4921761578125 0.6960440328125 0.41759274843750005 0.7224055140625001 0.39874409375000003 0.715604015625 0.355801121875 0.640209390625 0.2503551953125 0.5448658234375 0.181084040625 0.4676262890625 0.1566340609375 0.38174034687499997 0.1702370578125 0.35764603125 0.2034000390625 0.27891725 0.215869453125 0.251811146875 0.2531778046875 0.2270055046875 0.3744938921875 0.2402528375 0.5044563890625 0.261368659375 0.5451321953125 0.3627691015625 0.67580601875 0.43324043437500004 0.7270064390625001 0.435118640625 0.715703903125 0.3525668546875 0.6113915624999999 0.33031745 0.5635585953125 0.3099129546875 0.43472968125 0.3445318828125 0.3522111921875 0.370893365625 0.333362534375 0.4209934984375 0.325427453125 0.4617026 0.37400504375 0.5050345296875001 0.392820403125
1 0.7559907499999999 0.518148678125 0.729240309375 0.511380478125 0.7307628515625 0.544154496875 0.7594247953125 0.609313578125 0.7559907499999999 0.518148678125
9 0.6960440328125 0.41759274843750005 0.7115252359375 0.4921761578125 0.6662818015624999 0.4149699203125 0.6267062828125 0.373549490625 0.60636838125 0.3841074015625 0.5732054 0.3600130875 0.5279952625 0.3525002609375 0.52951780625 0.3852742828125 0.5050345296875001 0.392820403125 0.4617026 0.37400504375 0.4209934984375 0.325427453125 0.370893365625 0.333362534375 0.33549651406250003 0.3646473078125 0.3099129546875 0.43472968125 0.33031745 0.5635585953125 0.3525668546875 0.6113915624999999 0.4551008796875 0.749222546875 0.557601609375 0.817360121875 0.6314403937499999 0.8203386140625 0.69132051875 0.78150771875 0.73047378125 0.7276178765625 0.7500337625 0.6658262484375 0.7496115078125001 0.570515978125 0.7262285187499999 0.5155258484374999 0.7537235843750001 0.5038343546874999 0.7306962593749999 0.404767671875 0.7050794 0.40515663125 0.6960440328125 0.41759274843750005
9 0.586030478125 0.3946653140625 0.5359303453125001 0.40260039531249997 0.48132917500000005 0.4516002421875 0.5020560374999999 0.4666591890625 0.5122249890624999 0.46138023281249996 0.554779 0.42896187656249996 0.622205246875 0.41461425625 0.586030478125 0.3946653140625
9 0.5288064796875 0.47342739062500006 0.5239164828125 0.48887529687500003 0.53823080625 0.48660813125 0.56271408125 0.47906200937500004 0.5909537703125001 0.44891081875000005 0.5642033296875 0.442142615625 0.5288064796875 0.47342739062500006
9 0.4500776984375 0.48589680468749996 0.42332725625 0.47912860312500005 0.37662787343750004 0.50853516875 0.35667892968750003 0.5447099375 0.3695040078125 0.5793621640625 0.3883193671875 0.536030234375 0.4421759140625 0.5054900828125 0.4500776984375 0.48589680468749996
9 0.5781952859375 0.5536454171875 0.5065903703125 0.49528783593750003 0.47080456093749995 0.5009557515624999 0.46516994218749996 0.5348633546875 0.4930872625 0.61848213125 0.5126805421875 0.6263839156250001 0.5586353015625 0.6154370453125 0.5767060390625 0.590564809375 0.5781952859375 0.5536454171875
9 0.41244697812500003 0.572560665625 0.4580127796875 0.5359969375 0.43126233750000004 0.5292287359375 0.4049008578125 0.5480773906249999 0.39813265468750003 0.5748278328125 0.41244697812500003 0.572560665625
9 0.6595801921875 0.5811071859375 0.4889751875 0.6851637546875 0.5262835390625 0.7122698578125 0.5571793515625 0.7220498515625 0.5745054656249999 0.7156373125 0.655857075 0.6734056671875 0.6705270640625 0.6270619453124999 0.6595801921875 0.5811071859375
4 0.4421759140625 0.5054900828125 0.4500776984375 0.48589680468749996 0.42332725625 0.47912860312500005 0.37662787343750004 0.50853516875 0.35667892968750003 0.5447099375 0.36649221875000004 0.5835075375 0.3883193671875 0.536030234375 0.4421759140625 0.5054900828125
3 0.39813265468750003 0.5748278328125 0.409435190625 0.5767060390625 0.4580127796875 0.5359969375 0.43126233750000004 0.5292287359375 0.4049008578125 0.5480773906249999 0.39813265468750003 0.5748278328125
6 0.5767060390625 0.590564809375 0.5781952859375 0.5536454171875 0.5065903703125 0.49528783593750003 0.47080456093749995 0.5009557515624999 0.46516994218749996 0.5348633546875 0.4930872625 0.61848213125 0.5126805421875 0.6263839156250001 0.5556235140625 0.6195824171875 0.5767060390625 0.590564809375
5 0.5714936765624999 0.7197826843749999 0.655857075 0.6734056671875 0.6705270640625 0.6270619453124999 0.6595801921875 0.5811071859375 0.6370084203124999 0.6470441859375 0.6027451546875 0.685486121875 0.5526450203125 0.693421203125 0.4889751875 0.6851637546875 0.5262835390625 0.7122698578125 0.5714936765624999 0.7197826843749999
10 0.5733385859375 0.6387867375 0.5447099375 0.6433210703125 0.502155928125 0.6757394265625 0.534929946875 0.6742168828125 0.6433876625 0.5946768875 0.624927965625 0.5939322625 0.5733385859375 0.6387867375
2 0.5756057515624999 0.6531010609375001 0.5032895109375 0.6828965874999999 0.5526450203125 0.693421203125 0.6027451546875 0.685486121875 0.6370084203124999 0.6470441859375 0.6535566140625 0.58939793125 0.5756057515624999 0.6531010609375001
8 0.586030478125 0.3946653140625 0.5359303453125001 0.40260039531249997 0.48132917500000005 0.4516002421875 0.5092132 0.46552560625000006 0.554779 0.42896187656249996 0.622205246875 0.41461425625 0.586030478125 0.3946653140625
7 0.5642033296875 0.442142615625 0.5378418468749999 0.4609912734375 0.5239164828125 0.48887529687500003 0.53521901875 0.490753503125 0.5758948234375 0.46963768124999994 0.5909537703125001 0.44891081875000005 0.5642033296875 0.442142615625