0 0 0 0 1 1 1 1 0 0 0
0 0.7568027203125001 0.4177631578125 0.777210884375 0.3651315796875 0.7806122453125 0.3026315796875 0.7636054421875 0.2401315796875 0.7329931968750001 0.1743421046875 0.700680271875 0.13980263125 0.6598639453125 0.11019736875 0.625850340625 0.0904605265625 0.5850340140625 0.07730263125 0.4931972796875 0.06085526249999999 0.41836734687500005 0.0575657890625 0.38095238125 0.06414473750000001 0.309523809375 0.0970394734375 0.1870748296875 0.1891447375 0.168367346875 0.2138157890625 0.1411564625 0.2697368421875 0.13775510156249998 0.3256578953125 0.158163265625 0.414473684375 0.1989795921875 0.49342105312499995 0.1989795921875 0.539473684375 0.2159863953125 0.5921052625 0.2431972796875 0.6381578953125 0.25 0.664473684375 0.2806122453125 0.7236842109375 0.2959183671875 0.741776315625 0.3503401359375 0.7845394734375 0.408163265625 0.8075657890624999 0.45748299374999996 0.8092105265624999 0.5136054421875 0.804276315625 0.57482993125 0.7779605265625 0.646258503125 0.7319078953125 0.6819727890625 0.694078946875 0.702380953125 0.6348684203125 0.7636054421875 0.5263157890625 0.7704081625 0.44407894687500005 0.7568027203125001 0.4177631578125
1 0.7636054421875 0.2401315796875 0.7329931968750001 0.1743421046875 0.700680271875 0.13980263125 0.6394557828125 0.0970394734375 0.5850340140625 0.07730263125 0.4931972796875 0.06085526249999999 0.41836734687500005 0.0575657890625 0.38095238125 0.06414473750000001 0.3333333328125 0.0838815796875 0.289115646875 0.11019736875 0.217687075 0.162828946875 0.1819727890625 0.194078946875 0.168367346875 0.2138157890625 0.1411564625 0.2697368421875 0.13775510156249998 0.3256578953125 0.158163265625 0.414473684375 0.1819727890625 0.45394736875 0.19557823125 0.4901315796875 0.2040816328125 0.49835526249999995 0.2142857140625 0.5016447375 0.2193877546875 0.49671052656250003 0.2193877546875 0.42434210468750005 0.22619047656250002 0.39144736875 0.23979591875 0.3421052625 0.2619047625 0.3108552625 0.30612244843749997 0.2845394734375 0.353741496875 0.2680921046875 0.44897959218750005 0.2483552625 0.5170068031249999 0.241776315625 0.5510204078125 0.2483552625 0.5850340140625 0.26480263125 0.603741496875 0.2828947375 0.6275510203125 0.3256578953125 0.668367346875 0.3717105265625 0.6785714281249999 0.39144736875 0.67517006875 0.42434210468750005 0.68537415 0.45065789531249995 0.6887755109375 0.48355263125 0.700680271875 0.5016447375 0.7057823125 0.49342105312499995 0.7057823125 0.43092105312499995 0.7346938781250001 0.41282894687500005 0.76020408125 0.414473684375 0.777210884375 0.3651315796875 0.7806122453125 0.3026315796875 0.7636054421875 0.2401315796875
1 0.7057823125 0.5986842109375 0.7040816328124999 0.633223684375 0.722789115625 0.601973684375 0.7210884359375 0.59375 0.7057823125 0.5986842109375
9 0.7210884359375 0.59375 0.7465986390625 0.5625 0.7636054421875 0.5263157890625 0.7704081625 0.4802631578125 0.7704081625 0.44407894687500005 0.76020408125 0.42105263125 0.7346938781250001 0.41282894687500005 0.7057823125 0.43092105312499995 0.7057823125 0.49342105312499995 0.700680271875 0.5016447375 0.6887755109375 0.48355263125 0.68537415 0.45065789531249995 0.67517006875 0.42434210468750005 0.6785714281249999 0.39144736875 0.668367346875 0.3717105265625 0.6275510203125 0.3256578953125 0.603741496875 0.2828947375 0.5850340140625 0.26480263125 0.5510204078125 0.2483552625 0.5170068031249999 0.241776315625 0.44897959218750005 0.2483552625 0.353741496875 0.2680921046875 0.30612244843749997 0.2845394734375 0.2619047625 0.3108552625 0.23979591875 0.3421052625 0.22619047656250002 0.39144736875 0.2193877546875 0.42434210468750005 0.2193877546875 0.49671052656250003 0.21088435312499998 0.5016447375 0.1989795921875 0.49671052656250003 0.1989795921875 0.539473684375 0.2159863953125 0.5921052625 0.2431972796875 0.6381578953125 0.2704081625 0.7072368421874999 0.2908163265625 0.7368421046875 0.3299319734375 0.7713815796875 0.38435374218749996 0.8009868421874999 0.428571428125 0.8108552625 0.45578231249999995 0.8108552625 0.5136054421875 0.804276315625 0.57482993125 0.7779605265625 0.646258503125 0.7319078953125 0.67517006875 0.70394736875 0.6955782312500001 0.6611842109375 0.7057823125 0.5986842109375 0.7210884359375 0.59375
9 0.45238095312500004 0.3963815796875 0.4710884359375 0.398026315625 0.5136054421875 0.383223684375 0.6105442171875 0.3782894734375 0.56462585 0.350328946875 0.5170068031249999 0.350328946875 0.4931972796875 0.3634868421875 0.47278911562500003 0.366776315625 0.45068027187500004 0.3848684203125 0.45238095312500004 0.3963815796875
9 0.2568027203125 0.4375 0.319727890625 0.41282894687500005 0.3707483 0.41282894687500005 0.3792517 0.4013157890625 0.3571428578125 0.3865131578125 0.2959183671875 0.38980263125 0.2636054421875 0.4111842109375 0.25 0.4375 0.2568027203125 0.4375
9 0.5697278906250001 0.4375 0.5612244890625 0.4325657890625 0.5136054421875 0.4325657890625 0.48469387812500003 0.45065789531249995 0.505102040625 0.45065789531249995 0.537414965625 0.4490131578125 0.5697278906250001 0.4375
9 0.3945578234375 0.4588815796875 0.386054421875 0.47039473750000005 0.3792517 0.5296052625 0.36564625781250004 0.555921053125 0.36564625781250004 0.5822368421874999 0.3911564625 0.59375 0.43367346875 0.5953947375 0.4931972796875 0.57730263125 0.5017006796875 0.569078946875 0.505102040625 0.555921053125 0.48129251718750005 0.523026315625 0.460884353125 0.460526315625 0.4387755109375 0.4490131578125 0.41156462656250004 0.4490131578125 0.3945578234375 0.4588815796875
9 0.319727890625 0.46546052656250003 0.2942176875 0.4802631578125 0.3452380953125 0.4802631578125 0.3724489796875 0.47039473750000005 0.343537415625 0.4588815796875 0.319727890625 0.46546052656250003
9 0.352040815625 0.664473684375 0.408163265625 0.6858552625 0.45408163281249997 0.6842105265625 0.5068027203125001 0.6661184203125 0.539115646875 0.64144736875 0.48299319687500003 0.6233552625 0.4591836734375 0.6233552625 0.4421768703125 0.633223684375 0.397959184375 0.633223684375 0.36734693906250004 0.649671053125 0.352040815625 0.664473684375
4 0.25 0.4375 0.255102040625 0.43914473750000005 0.319727890625 0.41282894687500005 0.3707483 0.41282894687500005 0.3792517 0.4013157890625 0.3571428578125 0.3865131578125 0.2959183671875 0.38980263125 0.2636054421875 0.4111842109375 0.25 0.4375
3 0.343537415625 0.4588815796875 0.319727890625 0.46546052656250003 0.2942176875 0.4802631578125 0.343537415625 0.48190789531249995 0.3724489796875 0.47039473750000005 0.343537415625 0.4588815796875
5 0.5068027203125001 0.6661184203125 0.539115646875 0.64144736875 0.3605442171875 0.6595394734375 0.352040815625 0.664473684375 0.408163265625 0.6858552625 0.45238095312500004 0.6858552625 0.5068027203125001 0.6661184203125
10 0.3588435375 0.6578947375 0.3775510203125 0.6595394734375 0.532312925 0.6381578953125 0.48299319687500003 0.6233552625 0.4591836734375 0.6233552625 0.4421768703125 0.633223684375 0.41156462656250004 0.6299342109375 0.397959184375 0.633223684375 0.3588435375 0.6578947375
6 0.41156462656250004 0.4490131578125 0.3945578234375 0.4588815796875 0.386054421875 0.47039473750000005 0.3792517 0.5296052625 0.36564625781250004 0.555921053125 0.36564625781250004 0.5822368421874999 0.3911564625 0.59375 0.4319727890625 0.5970394734375 0.4931972796875 0.57730263125 0.5017006796875 0.569078946875 0.505102040625 0.555921053125 0.48129251718750005 0.523026315625 0.460884353125 0.460526315625 0.4387755109375 0.4490131578125 0.41156462656250004 0.4490131578125
8 0.45068027187500004 0.3848684203125 0.45238095312500004 0.3963815796875 0.4693877546875 0.399671053125 0.5136054421875 0.383223684375 0.6105442171875 0.3782894734375 0.56462585 0.350328946875 0.5170068031249999 0.350328946875 0.4931972796875 0.3634868421875 0.47278911562500003 0.366776315625 0.45068027187500004 0.3848684203125
7 0.537414965625 0.4490131578125 0.5697278906250001 0.4375 0.5612244890625 0.4325657890625 0.5136054421875 0.4325657890625 0.48469387812500003 0.45065789531249995 0.5034013609375 0.45230263125 0.537414965625 0.4490131578125