0 0.1022820421875 0 0.04491025625 0.248504503125 0.050891781250000004 0.240814575 0.1352349953125 0.16698636718749998 0.2369885484375 0.10884020000000001 0.3561524375 0.06637607031250001 0.47478209375 0.06266376093750001 0.7383412125000001 0.12351117812500001 0.8176733765625 0.18070160625 0.8785267375 0.29971363281249996 0.9689226078125 0.6004842828125 0.9712624890624999 0.6632247359375001 0.95422074375 0.73704065 0.917263134375 0.8606838437500001 0.8597539546874999 0.9640322703124999 0.8241271906250001 1 0.8977179578125 1 1 0.5569678031249999 1 0.1022820421875 0.5569678031249999 0 0.1022820421875 0
0 0.6460177687499999 1 0.62877710625 0.9806823421875001 0.6380993296875 0.885646659375 0.5770803265625 0.8948844046875 0.497213928125 0.87644579375 0.422460053125 0.835862409375 0.354522878125 0.7657526578125 0.288824109375 0.6495094984375 0.2691753625 0.6799608671875 0.251599384375 0.7925285984375 0.1951586703125 0.8183733890625 0.1199720375 0.9254156859375 0.44303219531250004 1 0.6460177687499999 1
1 0.8209717875000001 1 0.8369639765624999 0.9898709125 0.917263134375 0.8606838437500001 0.9717967234374999 0.62447291875 0.9523136187500001 0.5266745171875 0.90429230625 0.40673748749999994 0.8785267375 0.29971363281249996 0.8396620046875001 0.21299068906250002 0.7971218062500001 0.1604068390625 0.692125546875 0.10506641875 0.47478209375 0.06266376093750001 0.391507346875 0.0589883328125 0.2369885484375 0.10884020000000001 0.1352349953125 0.16698636718749998 0.050891781250000004 0.240814575 0.04502386875 0.24801239531250002 0 0.44303219687500006 0 0.8977179578125 0.1199720375 0.9254156859375 0.1951586703125 0.8183733890625 0.251599384375 0.7925285984375 0.2873870515625 0.6375151796875 0.27652629375000004 0.6116826843750001 0.33052565 0.41422357656250003 0.382388071875 0.37177174218750003 0.38633065625 0.3182567421875 0.482971684375 0.2822553484375 0.636422015625 0.30990711718749997 0.6974410203125 0.30066937031249996 0.7453608578125 0.3117325375 0.7753361265625001 0.34586548125 0.7936492890625 0.41229365781249994 0.7932165296875 0.5599193390625 0.742091290625 0.78136708125 0.7044979734375 0.8348882281250001 0.6429447374999999 0.88287779375 0.62877710625 0.9806823421875001 0.6460177687499999 1 0.8209717875000001 1
9 0.6974410203125 0.30066937031249996 0.636422015625 0.30990711718749997 0.482971684375 0.2822553484375 0.38633065625 0.3182567421875 0.382388071875 0.37177174218750003 0.33052565 0.41422357656250003 0.27652629375000004 0.6116826843750001 0.3262517828125 0.724238121875 0.40819094843750003 0.8247930953125 0.497213928125 0.87644579375 0.5770803265625 0.8948844046875 0.662326365625 0.87180233125 0.742091290625 0.78136708125 0.7932165296875 0.5599193390625 0.7907751734375 0.388305021875 0.7753361265625001 0.34586548125 0.7453608578125 0.3117325375 0.6974410203125 0.30066937031249996
9 0.7828900078125 0.49533502343749997 0.7671838453125 0.4722713921875 0.7272506453124999 0.46305208750000004 0.6870503296875 0.47320869062500004 0.6802336296875 0.5027350562499999 0.7381114015625 0.48888458437500004 0.7828900078125 0.49533502343749997
9 0.4611860046875 0.4677139890625 0.49968214531250005 0.4649389765625 0.585831009375 0.492603040625 0.60036723125 0.4842964453125 0.5926477078125 0.4630766765625 0.5703919625 0.4501635015625 0.50649884375 0.43541261249999996 0.43722608437500005 0.46218240625 0.4611860046875 0.4677139890625
9 0.625764209375 0.5018223468749999 0.5935505328125 0.5138228109375 0.5645795640625 0.639309865625 0.59796318125 0.6586796265625 0.650728428125 0.666973928125 0.6684058828125 0.663280059375 0.692900034375 0.6300598234375 0.6654302921874999 0.5304175609375 0.7164913640624999 0.5460934546875 0.75498750625 0.5433184421874999 0.7250122375 0.509185496875 0.6719798734375 0.5202671046875 0.625764209375 0.5018223468749999
9 0.496273796875 0.4797021609375 0.47204675937499996 0.4935464859375 0.551913159375 0.5119850968749999 0.5695906140625 0.5082912281249999 0.52992453125 0.4796960140625 0.496273796875 0.4797021609375
9 0.6550396015625 0.70295688125 0.5894423078125001 0.695587584375 0.50419626875 0.71866965625 0.5644139218750001 0.7675596375 0.6331524484375 0.7795416609375 0.691297334375 0.746315278125 0.6550396015625 0.70295688125
4 0.43722608437500005 0.46218240625 0.45634059687499995 0.47048285468750006 0.49968214531250005 0.4649389765625 0.585831009375 0.492603040625 0.60036723125 0.4842964453125 0.5926477078125 0.4630766765625 0.5703919625 0.4501635015625 0.50649884375 0.43541261249999996 0.43722608437500005 0.46218240625
3 0.52992453125 0.4796960140625 0.496273796875 0.4797021609375 0.47204675937499996 0.4935464859375 0.5470677515625 0.5147539625 0.5695906140625 0.5082912281249999 0.52992453125 0.4796960140625
5 0.679902346875 0.7592346015625 0.6881561031250001 0.741702553125 0.620854634375 0.7417148453125 0.50419626875 0.71866965625 0.5644139218750001 0.7675596375 0.628307040625 0.7823105265625 0.679902346875 0.7592346015625
10 0.6099938781249999 0.71588235 0.6787324046875 0.7278643734375 0.6550396015625 0.70295688125 0.615106403125 0.693737575 0.5315645390625 0.70943805625 0.5666523296875 0.7214262265625 0.6099938781249999 0.71588235
2 0.6770282296875 0.735245965625 0.6099938781249999 0.71588235 0.5298603640625 0.7168196484375 0.620854634375 0.7417148453125 0.6704786484375 0.7453964203125001 0.6770282296875 0.735245965625
6 0.5645795640625 0.639309865625 0.6458830203125 0.66974279375 0.6911958609375 0.637441415625 0.6900259203125 0.6060711890625 0.6671344671874999 0.52303596875 0.65771076875 0.509197790625 0.625764209375 0.5018223468749999 0.5935505328125 0.5138228109375 0.5645795640625 0.639309865625
8 0.7381114015625 0.48888458437500004 0.7828900078125 0.49533502343749997 0.7671838453125 0.4722713921875 0.7015865515625 0.46490209531250004 0.675655340625 0.48612801250000004 0.6753882234375 0.505503921875 0.7381114015625 0.48888458437500004
7 0.7250122375 0.509185496875 0.691361503125 0.50919164375 0.6671344671874999 0.52303596875 0.7164913640624999 0.5460934546875 0.75498750625 0.5433184421874999 0.7250122375 0.509185496875