0 0.9048920171875 1 0.962272684375 0.730045184375 0.94432135625 0.7941193171875 0.8867991578125001 0.901698134375 0.8422714421874999 0.9481427281249999 0.7580050203125 0.998121153125 0.7082687015625 0.987549371875 0.6483669328125 0.9229011234375 0.6562367296875 0.8247359515625 0.59333809375 0.8353275421875 0.5104442296875 0.8177079078125 0.43242329531249996 0.7771629375 0.3608996015625 0.70605085625 0.29083238125 0.5873261421875 0.27108890625000004 0.6190711984374999 0.2550136421875 0.7354598343750001 0.1971557734375 0.76309694375 0.12143049218749999 0.8747936140625001 0.0315549578125 0.9115992296875 0.447447884375 1 0.9048920171875 1
1 0.31725756875 0 0.2272083515625 0.030683996875 0.12311453750000001 0.09242205 0.06412235468750001 0.1457759203125 0 0.4474478796875 0 0.904892015625 0.0315549578125 0.9115992296875 0.12143049218749999 0.8747936140625001 0.1971557734375 0.76309694375 0.2550136421875 0.7354598343750001 0.28912415468749997 0.57498249375 0.2774183109375 0.5485332328125 0.3295640703125 0.34396718593750003 0.3823811734375 0.29928455625 0.38546195625 0.244030146875 0.484682840625 0.20521742656250003 0.6438054921874999 0.23105295468749998 0.7067041281249999 0.220461365625 0.756440446875 0.2310331453125 0.7880575999999999 0.2657082046875 0.808220665625 0.333890284375 0.8105163203125001 0.48613192187500004 0.7617870171875001 0.7153852656249999 0.7239243765625 0.7712336 0.661193578125 0.8217960453125001 0.6483669328125 0.9229011234375 0.7082687015625 0.987549371875 0.7580050203125 0.998121153125 0.8637231453125 0.9287413203125 0.94432135625 0.7941193171875 0.996299278125 0.5495824171875 0.9743440671875 0.44907126249999996 0.9224799296875 0.326228696875 0.8938596421874999 0.2163138 0.8520770390625 0.127562275 0.8071297312500001 0.07407973125 0.738658375 0.03955810625 0.55255211875 0 0.31725756875 0
9 0.7067041281249999 0.220461365625 0.6438054921874999 0.23105295468749998 0.484682840625 0.20521742656250003 0.38546195625 0.244030146875 0.3823811734375 0.29928455625 0.3295640703125 0.34396718593750003 0.2774183109375 0.5485332328125 0.3309067578125 0.66373401875 0.41746883281249997 0.7659972328125 0.5104442296875 0.8177079078125 0.59333809375 0.8353275421875 0.6810209703125001 0.8100364156250001 0.7617870171875001 0.7153852656249999 0.8105163203125001 0.48613192187500004 0.8048042093750001 0.3092029859375 0.7880575999999999 0.2657082046875 0.756440446875 0.2310331453125 0.7067041281249999 0.220461365625
9 0.798642640625 0.41971180625000004 0.78197995 0.396202453125 0.7405330171875 0.3873926359375 0.6991700046875 0.3985682453125 0.6926727640625 0.4291353578125 0.7522388609374999 0.413841896875 0.798642640625 0.41971180625000004
9 0.46561070937500004 0.39684590000000003 0.5053494125 0.39331206875 0.594908353125 0.4203354453125 0.6097789 0.41151572343750004 0.60140559375 0.3897683328125 0.5781617453125001 0.3768406640625 0.511846653125 0.36274495625 0.44074255000000007 0.391560009375 0.46561070937500004 0.39684590000000003
9 0.6363552859375 0.42914526249999996 0.603281659375 0.44208283593750003 0.5756683875 0.5719930640625 0.6105341609375 0.5913845656250001 0.6652273265625 0.5990164390625 0.6834304109375 0.5948985890625 0.708130734375 0.560213625 0.6778861375 0.45794050625000005 0.73095499375 0.4732141578125 0.7706936984375 0.46968032656250003 0.73907654375 0.4350052671875 0.68446729375 0.44735882031249996 0.6363552859375 0.42914526249999996
9 0.5021007921875 0.40859562499999996 0.4773165515625 0.4232951609375 0.5602104156250001 0.4409147953125 0.5784134984375 0.4367969453125 0.53688265 0.40800169999999997 0.5021007921875 0.40859562499999996
9 0.6703520125 0.6360473875 0.6024126109375 0.6295934562500001 0.5147297328125 0.6548845828125 0.5778801234375 0.704249275 0.6491520625 0.715405075 0.7086342421875 0.6801261875 0.6703520125 0.6360473875
4 0.44074255000000007 0.391560009375 0.4606538609375 0.39978580625000004 0.5053494125 0.39331206875 0.594908353125 0.4203354453125 0.6097789 0.41151572343750004 0.60140559375 0.3897683328125 0.5781617453125001 0.3768406640625 0.511846653125 0.36274495625 0.44074255000000007 0.391560009375
3 0.53688265 0.40800169999999997 0.5021007921875 0.40859562499999996 0.4773165515625 0.4232951609375 0.5552535671875 0.44385470312499997 0.5784134984375 0.4367969453125 0.53688265 0.40800169999999997
5 0.697096234375 0.6936477796875 0.7053017046875001 0.6754243171875001 0.6357379921875 0.676612165625 0.5147297328125 0.6548845828125 0.5778801234375 0.704249275 0.644195215625 0.7183449828125 0.697096234375 0.6936477796875
10 0.62403215 0.650162903125 0.695304090625 0.6613187046875 0.6703520125 0.6360473875 0.62890508125 0.62723756875 0.5428465140625 0.6448869171875 0.5793365984375 0.6566366421875001 0.62403215 0.650162903125
2 0.6936797796875 0.6689604828125 0.62403215 0.650162903125 0.541222203125 0.6525286953125 0.6357379921875 0.676612165625 0.6870986203125 0.6795421671875 0.6936797796875 0.6689604828125
6 0.5756683875 0.5719930640625 0.6602704796875 0.601956346875 0.7065064249999999 0.567855403125 0.704714278125 0.5355263265625 0.679510446875 0.45029872812500005 0.6695128328125 0.43619311562499996 0.6363552859375 0.42914526249999996 0.603281659375 0.44208283593750003 0.5756683875 0.5719930640625
8 0.7522388609374999 0.413841896875 0.798642640625 0.41971180625000004 0.78197995 0.396202453125 0.7140405484375 0.3897485234375 0.687631996875 0.41208983750000006 0.6877159140625 0.43207526406249996 0.7522388609374999 0.413841896875
7 0.73907654375 0.4350052671875 0.7042946875 0.4355991921875 0.679510446875 0.45029872812500005 0.73095499375 0.4732141578125 0.7706936984375 0.46968032656250003 0.73907654375 0.4350052671875