0 0.43860771875 0 0 0.10935718593749999 0 0.5613922812500001 0.10935718593749999 1 0.5613922812500001 1 1 0.8906428140625 1 0.43860771875 0.8906428140625 0 0.43860771875 0
0 0.7405237453125 0.43129668125 0.732441309375 0.380907775 0.738158303125 0.313977265625 0.730982653125 0.28519730781249997 0.6786632609375001 0.2371039015625 0.59409276875 0.1315464921875 0.58098334375 0.123897521875 0.5346962015625001 0.117970175 0.452372846875 0.14722970625 0.3137083734375 0.2560417609375 0.29192498125 0.2854915078125 0.2715017703125 0.347354675 0.268071575 0.38751298125 0.317276028125 0.5848612656250001 0.3318639390625 0.60742613125 0.33560939375 0.676364396875 0.345978625 0.699981096875 0.3538442796875 0.7045704796875001 0.3707189890625 0.7003631421875001 0.387830309375 0.6611607546875 0.4018465203125 0.6904186734375 0.426921971875 0.7191027171875 0.46203156874999995 0.7431014625000001 0.53031888125 0.765378584375 0.592002246875 0.7521826984375 0.628491853125 0.72780029375 0.6486784515624999 0.7009321749999999 0.6790175031250001 0.651881234375 0.6940786375 0.6044560015625 0.7228208953124999 0.5579866906250001 0.7271578796875 0.53943733125 0.721125628125 0.49727127187500003 0.7405237453125 0.43129668125
1 0.58098334375 0.123897521875 0.5346962015625001 0.117970175 0.452372846875 0.14722970625 0.3317264796875 0.23844832187499998 0.29192498125 0.2854915078125 0.2671647875 0.365904034375 0.268071575 0.38751298125 0.30452152187500003 0.5247197203125 0.3257332125 0.5019630234375 0.358220925 0.5244319765625 0.3750956328125 0.5202246390624999 0.379886009375 0.5124797531249999 0.38331620625 0.4723214484375 0.4005458328125 0.4156215375 0.40614452031250003 0.36618855 0.402162453125 0.3322453359375 0.410146415625 0.31933719374999997 0.45016469375 0.3180935296875 0.48789617500000004 0.3436220703125 0.49633353125 0.3415184015625 0.5023856109375 0.302889890625 0.5177818328125 0.28376665624999997 0.528722765625 0.30069030625000004 0.548672753125 0.3088172359375 0.555395009375 0.3267927203125 0.5881193328125 0.3142666234375 0.64079364375 0.30986745781249997 0.6591468390624999 0.32057601562500004 0.6737347484375 0.34314088125 0.691161325 0.41303506562500003 0.7052760124999999 0.50559003125 0.71736034375 0.5091275796875 0.7405237453125 0.43129668125 0.732441309375 0.380907775 0.738158303125 0.313977265625 0.730982653125 0.28519730781249997 0.6786632609375001 0.2371039015625 0.6306808515625 0.170461134375 0.58098334375 0.123897521875
1 0.3538442796875 0.7045704796875001 0.3707189890625 0.7003631421875001 0.381896534375 0.6822917421875 0.38520842499999997 0.6596309609375 0.3770076828125 0.6267395812500001 0.36811693437500004 0.6180387765625001 0.330267146875 0.610007759375 0.33970976406250003 0.6928100859375 0.3538442796875 0.7045704796875001
9 0.7199822296875 0.5106573734375 0.7052760124999999 0.50559003125 0.691161325 0.41303506562500003 0.6654156999999999 0.3277470265625 0.64079364375 0.30986745781249997 0.5881193328125 0.3142666234375 0.555395009375 0.3267927203125 0.548672753125 0.3088172359375 0.528722765625 0.30069030625000004 0.5177818328125 0.28376665624999997 0.5023856109375 0.302889890625 0.49633353125 0.3415184015625 0.48789617500000004 0.3436220703125 0.45016469375 0.3180935296875 0.410146415625 0.31933719374999997 0.402162453125 0.3322453359375 0.40614452031250003 0.36618855 0.4005458328125 0.4156215375 0.38331620625 0.4723214484375 0.379886009375 0.5124797531249999 0.3750956328125 0.5202246390624999 0.358220925 0.5244319765625 0.3257332125 0.5019630234375 0.302924728125 0.52730135 0.32662016875 0.60436654375 0.3449733625 0.6150751031249999 0.36811693437500004 0.6180387765625001 0.3770076828125 0.6267395812500001 0.4018465203125 0.6904186734375 0.426921971875 0.7191027171875 0.46203156874999995 0.7431014625000001 0.501931540625 0.7593553234375 0.5482186828125 0.7652826703125 0.590405453125 0.754764328125 0.628491853125 0.72780029375 0.6486784515624999 0.7009321749999999 0.6790175031250001 0.651881234375 0.6940786375 0.6044560015625 0.7228208953124999 0.5579866906250001 0.7271578796875 0.53943733125 0.7199822296875 0.5106573734375
9 0.5415757484375 0.4241288984375 0.5447693328125001 0.418965640625 0.530634815625 0.4072052484375 0.4791039046875 0.3982183125 0.4421609015625 0.41179624375 0.4203775125 0.44124599218749994 0.48103578281250003 0.42393868125 0.5136418015624999 0.42891011093750003 0.5415757484375 0.4241288984375
9 0.6712113390625001 0.4049081359375 0.6391770203125 0.39324365625 0.6012089265625 0.402710165625 0.5805689359375 0.4187738109375 0.593678359375 0.42642278125 0.644302484375 0.4138007703125 0.683749065625 0.4192501578125 0.6712113390625001 0.4049081359375
9 0.48411106249999997 0.43627295000000005 0.46301767812500005 0.441532121875 0.447621453125 0.4606553546875 0.47863068125 0.4682084125 0.5139768890624999 0.4572121078125 0.5014391625 0.44287008749999995 0.48411106249999997 0.43627295000000005
9 0.544394584375 0.5522527875 0.5717568328125 0.5541646265625 0.61132171875 0.5421164890625 0.5919632609375001 0.4465019359375 0.569391390625 0.4368452109375 0.55251668125 0.4410525484375 0.5381455515625 0.46428720468750007 0.5399591265625 0.5075050984375 0.526159696875 0.524046703125 0.531285159375 0.5446038171875001 0.544394584375 0.5522527875
9 0.635746825 0.4334019640625 0.6146534390625 0.4386611359375 0.6024508015625 0.4526211125 0.6334600265625 0.4601741671875 0.6561502046875 0.4523333671875 0.663562465625 0.44611827656249997 0.635746825 0.4334019640625
9 0.63079848125 0.6202335171875 0.5882766234375 0.6024498625 0.5535021140625 0.6067531140625 0.5127938296875 0.6321873546875 0.5374158859375 0.6500669234374999 0.56158455 0.6571420203125 0.60639320625 0.6481534703125 0.63079848125 0.6202335171875
4 0.5399789562499999 0.4267105265625 0.5447693328125001 0.418965640625 0.530634815625 0.4072052484375 0.4791039046875 0.3982183125 0.4421609015625 0.41179624375 0.4203775125 0.44124599218749994 0.48103578281250003 0.42393868125 0.5399789562499999 0.4267105265625
3 0.5014391625 0.44287008749999995 0.48411106249999997 0.43627295000000005 0.46301767812500005 0.441532121875 0.447621453125 0.4606553546875 0.47863068125 0.4682084125 0.5123800968750001 0.45979373749999997 0.5014391625 0.44287008749999995
5 0.5127938296875 0.6321873546875 0.5374158859375 0.6500669234374999 0.56158455 0.6571420203125 0.6047964125 0.6507350984375 0.63079848125 0.6202335171875 0.5127938296875 0.6321873546875
10 0.5661581453125 0.6035976109375001 0.520206090625 0.6259722625 0.532290421875 0.6295098109375 0.61871415 0.6166959703125 0.6072015171875 0.6064653703125 0.5661581453125 0.6035976109375001
6 0.526159696875 0.524046703125 0.531285159375 0.5446038171875001 0.55385703125 0.554260540625 0.6097249265625 0.5446981171874999 0.613490209375 0.532841809375 0.5919632609375001 0.4465019359375 0.569391390625 0.4368452109375 0.55251668125 0.4410525484375 0.5381455515625 0.46428720468750007 0.5399591265625 0.5075050984375 0.526159696875 0.524046703125
8 0.6769085031250001 0.4187721984375 0.6712113390625001 0.4049081359375 0.6391770203125 0.39324365625 0.6012089265625 0.402710165625 0.5805689359375 0.4187738109375 0.593678359375 0.42642278125 0.644302484375 0.4138007703125 0.6769085031250001 0.4187721984375
7 0.663562465625 0.44611827656249997 0.635746825 0.4334019640625 0.6146534390625 0.4386611359375 0.6024508015625 0.4526211125 0.6334600265625 0.4601741671875 0.6545534125 0.4549149953125 0.663562465625 0.44611827656249997