0 0.0418344125 0 0 0.4781695265625 0 0.9581655874999999 0.4781695265625 1 0.9581655874999999 1 1 0.5218304734375 1 0.0418344125 0.5218304734375 0 0.0418344125 0
0 0.7555466 0.5001490265624999 0.7647440390625 0.44765352968750005 0.7933772140625 0.3835333984375 0.796076728125 0.352677809375 0.7603484515625001 0.2873684609375 0.7121260484375 0.15434080781249998 0.7016659078124999 0.1423214625 0.657511484375 0.120691728125 0.5653461859375 0.12151167031250001 0.38971130625 0.18165418125 0.35788720625 0.2032991765625 0.31631621875000004 0.2574040359375 0.29913631406249996 0.295876115625 0.280625359375 0.5074572890625 0.287450890625 0.53470453125 0.267571471875 0.604032196875 0.269827303125 0.6308796421875 0.2761033859375 0.6380912484375 0.2943821890625 0.6396904359375 0.32488554999999997 0.6068256890625 0.32884776250000003 0.64048494375 0.34404140625 0.6773476625 0.370852121875 0.7130059 0.431357125 0.7582745281250001 0.497424959375 0.7662755546875 0.5421868703125 0.7546458328125001 0.571533296875 0.7350049078125 0.6186090796875 0.6969275390624999 0.6498837296875 0.655246909375 0.6944818374999999 0.6191736109375 0.7051638171875 0.6023414421875 0.7135899671875 0.558661828125 0.7555466 0.5001490265624999
1 0.7016659078124999 0.1423214625 0.657511484375 0.120691728125 0.5653461859375 0.12151167031250001 0.41371674374999995 0.1704293421875 0.35788720625 0.2032991765625 0.3056342390625 0.27423620625 0.29913631406249996 0.295876115625 0.2885020609375 0.4437420421875 0.31746284375 0.42850905937499995 0.34218152968750004 0.4617634296875 0.3604603328125 0.4633626171875 0.36789335 0.4573504 0.38507325625 0.41887832031250005 0.4216888984375 0.3687816078125 0.44420979374999997 0.3218934421875 0.451864653125 0.2870297109375 0.46425301562500004 0.27700935000000004 0.50460903125 0.2894234046875 0.5335117734375 0.3274855125 0.542651175 0.32828510624999996 0.5619231078125 0.2922168953125 0.5838365171875 0.2785881890625 0.588955665625 0.29902362031249996 0.6060775328125 0.31384663125 0.60662698125 0.3338822640625 0.6435702296875 0.3326727 0.6976353468750001 0.3462861453125 0.712279540625 0.36311322968750004 0.719105071875 0.39036046875 0.712549109375 0.46529546875000005 0.6949255203125 0.5614705796874999 0.7057713046874999 0.569081984375 0.7555466 0.5001490265624999 0.7647440390625 0.44765352968750005 0.7933772140625 0.3835333984375 0.796076728125 0.352677809375 0.7603484515625001 0.2873684609375 0.7353021578125001 0.2052269421875 0.7016659078124999 0.1423214625
1 0.2761033859375 0.6380912484375 0.2943821890625 0.6396904359375 0.31172589687499996 0.6256619328124999 0.322793521875 0.6044218203125 0.32587868124999997 0.5691582921875 0.3199882421875 0.55753874375 0.2849732171875 0.536708603125 0.2660288921875 0.6216639625 0.2761033859375 0.6380912484375
9 0.70786333125 0.571485853125 0.6949255203125 0.5614705796874999 0.712549109375 0.46529546875000005 0.7160779515625 0.372328909375 0.6976353468750001 0.3462861453125 0.6435702296875 0.3326727 0.60662698125 0.3338822640625 0.6060775328125 0.31384663125 0.588955665625 0.29902362031249996 0.5838365171875 0.2785881890625 0.5619231078125 0.2922168953125 0.542651175 0.32828510624999996 0.5335117734375 0.3274855125 0.50460903125 0.2894234046875 0.46425301562500004 0.27700935000000004 0.451864653125 0.2870297109375 0.44420979374999997 0.3218934421875 0.4216888984375 0.3687816078125 0.38507325625 0.41887832031250005 0.36789335 0.4573504 0.3604603328125 0.4633626171875 0.34218152968750004 0.4617634296875 0.31746284375 0.42850905937499995 0.28602438750000003 0.4457461140625 0.2832668359375 0.5298967921875 0.2979110296875 0.5467238765625 0.3199882421875 0.55753874375 0.32587868124999997 0.5691582921875 0.32884776250000003 0.64048494375 0.34404140625 0.6773476625 0.370852121875 0.7130059 0.4050958578125 0.7426519234375 0.44925028125 0.7642816578125 0.4949472859375 0.768279628125 0.5421868703125 0.7546458328125001 0.571533296875 0.7350049078125 0.6186090796875 0.6969275390624999 0.6498837296875 0.655246909375 0.6944818374999999 0.6191736109375 0.7051638171875 0.6023414421875 0.70786333125 0.571485853125
9 0.5594931625 0.425254725 0.564448509375 0.42124657968749996 0.5543740140625 0.40481929375 0.5060355328125 0.378381821875 0.46452258437499994 0.3791915890625 0.432698484375 0.400836584375 0.49915196406250006 0.4044296703125 0.5299829328125 0.4204520734375 0.5594931625 0.425254725
9 0.695427240625 0.4504724578125 0.6674595921875001 0.42803804218749997 0.6263322859375 0.42443986875000006 0.600234821875 0.4332608390625 0.6106949609375001 0.44528018437499994 0.6655313671875 0.4500777484375 0.7030240625 0.46890381718749996 0.695427240625 0.4504724578125
9 0.49799502812499996 0.41765349374999994 0.4751465265625 0.41565450937500004 0.4532331171875 0.4292832171875 0.4815864140625 0.44730969218750005 0.5206216890625 0.44850399531249996 0.51302486875 0.4300726359375 0.49799502812499996 0.41765349374999994
9 0.5184135859375 0.5526903078125 0.5450604984375 0.563904971875 0.588665475 0.5654990718749999 0.6021050078125 0.46451622343750004 0.5828911140625 0.44728934374999996 0.5646123125 0.44569015624999997 0.5423132578125001 0.463726803125 0.5293174078125 0.5070066203125 0.509881671875 0.5186312578125001 0.5079534484375 0.5406709640625 0.5184135859375 0.5526903078125
9 0.6502796859375 0.466510121875 0.6274311828125 0.4645111375 0.6104731203125 0.47413169999999993 0.6388264140625 0.49215817343749996 0.6641525890625 0.49215308750000003 0.6736776359375 0.488544740625 0.6502796859375 0.466510121875
9 0.5813382234375 0.6492499546875 0.5450024609375 0.6172000625 0.5088305015625 0.6095937453125 0.45949889062500004 0.6208236703125001 0.4779414953125 0.646866434375 0.49963306249999995 0.6620892421875 0.547422096875 0.66849108125 0.5813382234375 0.6492499546875
4 0.557015490625 0.427258796875 0.564448509375 0.42124657968749996 0.5543740140625 0.40481929375 0.5060355328125 0.378381821875 0.46452258437499994 0.3791915890625 0.432698484375 0.400836584375 0.49915196406250006 0.4044296703125 0.557015490625 0.427258796875
3 0.51302486875 0.4300726359375 0.49799502812499996 0.41765349374999994 0.4751465265625 0.41565450937500004 0.4532331171875 0.4292832171875 0.4815864140625 0.44730969218750005 0.5181440171875 0.45050806718749997 0.51302486875 0.4300726359375
5 0.45949889062500004 0.6208236703125001 0.4779414953125 0.646866434375 0.49963306249999995 0.6620892421875 0.5449444234375 0.670495153125 0.5813382234375 0.6492499546875 0.45949889062500004 0.6208236703125001
10 0.5225396046874999 0.6107931375 0.4690239359375 0.617215325 0.47986971875 0.6248267296875001 0.5704924390625 0.6416385499999999 0.5625099734375001 0.6276151328124999 0.5225396046874999 0.6107931375
6 0.509881671875 0.5186312578125001 0.5079534484375 0.5406709640625 0.5271673421874999 0.55789784375 0.586187803125 0.56750314375 0.5940064656249999 0.5570829875000001 0.6021050078125 0.46451622343750004 0.5828911140625 0.44728934374999996 0.5646123125 0.44569015624999997 0.5423132578125001 0.463726803125 0.5293174078125 0.5070066203125 0.509881671875 0.5186312578125001
8 0.6963623343750001 0.46610015000000005 0.695427240625 0.4504724578125 0.6674595921875001 0.42803804218749997 0.6263322859375 0.42443986875000006 0.600234821875 0.4332608390625 0.6106949609375001 0.44528018437499994 0.6655313671875 0.4500777484375 0.6963623343750001 0.46610015000000005
7 0.6736776359375 0.488544740625 0.6502796859375 0.466510121875 0.6274311828125 0.4645111375 0.6104731203125 0.47413169999999993 0.6388264140625 0.49215817343749996 0.66167491875 0.494157159375 0.6736776359375 0.488544740625