0 0.0576373671875 0 0 0.46941869062499997 0 0.9423626328125 0.46941869062499997 1 0.9423626328125 1 1 0.530581309375 1 0.0576373671875 0.530581309375 0 0.0576373671875 0
0 0.37968026718750003 0.615020590625 0.46105415625 0.68412614375 0.5095356109375 0.7106403421875 0.5530205765625 0.7224050703125 0.5944447671875001 0.7287764109375 0.6057967796875 0.7250299078125 0.6507562359375 0.6804317609375 0.6748192859375 0.639693303125 0.68908478125 0.5900413234374999 0.6956934609375 0.580572053125 0.705641978125 0.499547878125 0.695879921875 0.423814084375 0.7020977453125 0.37317397343750003 0.675734028125 0.277410503125 0.665372421875 0.262002278125 0.6481489765624999 0.2470366140625 0.6154519734375 0.22503068124999998 0.552935946875 0.201933609375 0.4828785703125 0.195901821875 0.424057740625 0.2092409578125 0.3837039203125 0.22741773437499999 0.34659670625 0.252418590625 0.300140525 0.29811805156250004 0.28299704531250003 0.326855234375 0.271103215625 0.379368596875 0.2670616296875 0.41228466875 0.269628725 0.4357314703125 0.276121940625 0.44937962656249997 0.274452021875 0.48515708125 0.2882556625 0.5279748046875 0.317279703125 0.5688060921875 0.3491594984375 0.5752906171875 0.37968026718750003 0.615020590625
9 0.44114815468749996 0.6688311046875001 0.49406205156249994 0.7036000718750001 0.5542064109375 0.7238357625 0.5944447671875001 0.7287764109375 0.619267296875 0.7151180765625 0.6507562359375 0.6804317609375 0.6787454078125 0.6298946578125 0.6848477671875 0.6023719734374999 0.6956934609375 0.580572053125 0.705641978125 0.499547878125 0.6971234859375001 0.4136860609375 0.6855183171875 0.408405859375 0.65869274375 0.40511209218750005 0.6246367125 0.41635160625 0.6160249906249999 0.4088687734375 0.6301172890625 0.393892934375 0.658808209375 0.381994665625 0.6850119968749999 0.3903524421875 0.6933128281250001 0.40036728125 0.6831244187500001 0.35028291718750004 0.6683881031250001 0.315061209375 0.655343940625 0.2993236078125 0.6223360453125 0.27984967968749996 0.5499069999999999 0.2709565109375 0.5301964265625 0.276246890625 0.4782951671875 0.2775847515625 0.44186746718750003 0.285962884375 0.4227786765625 0.286189253125 0.3919692515625 0.3042528453125 0.3924755703125 0.322306259375 0.40752277656249997 0.3549959625 0.40771820468750003 0.3755813828125 0.3842769375 0.411255828125 0.3709441140625 0.4533117921875 0.3631496015625 0.4613503703125 0.35241937343749996 0.46003286406250005 0.342932709375 0.4485873359375 0.3149790359375 0.4323041640625 0.290214240625 0.43440378749999997 0.2755001578125 0.4544436390625 0.274452021875 0.48515708125 0.2800125625 0.5064012546875001 0.29268810312500004 0.5362295734375 0.317279703125 0.5688060921875 0.3491594984375 0.5752906171875 0.37968026718750003 0.615020590625 0.44114815468749996 0.6688311046875001
9 0.5567555734375 0.39259578125 0.5027935375 0.3885402546875 0.472295003125 0.4040718421875 0.456084196875 0.4252130078125 0.521766865625 0.41143131093749996 0.5643768890625 0.4192333421875 0.5775365156250001 0.41185351875 0.5781582968750001 0.4067895078125 0.5567555734375 0.39259578125
9 0.6590836 0.446282934375 0.64298825625 0.44430667343749997 0.624152625 0.45355975156249995 0.6396261859375 0.46060002187500004 0.6595899203125 0.46433634843749994 0.675432103125 0.4572859 0.6590836 0.446282934375
9 0.55374885625 0.5168802421875001 0.5485791703125 0.536806909375 0.559562559375 0.5471511234374999 0.5872630734375 0.5544075859375 0.6018616906250001 0.5574851609375 0.6215722640625 0.5521947796875 0.6377253390625001 0.5426123265625 0.6395906874999999 0.52742029375 0.6286650296875 0.5055173671875 0.616104953125 0.45257162187500005 0.6024390093750001 0.44189803124999993 0.589026221875 0.440251146875 0.5671971421875 0.451706853125 0.5600466453124999 0.5099429796875 0.55374885625 0.5168802421875001
9 0.5069950515625 0.44302987656250004 0.48460192031249993 0.44799087968749995 0.48011174843750004 0.4512948234375 0.485165971875 0.45448558281249996 0.5158599328125 0.459539415625 0.5430541265625 0.4487424640625 0.5341315140625 0.44379163750000006 0.5069950515625 0.44302987656250004
9 0.570994534375 0.587107465625 0.516352984375 0.5996746625 0.535073153125 0.6135390125 0.5550368859375 0.617275340625 0.6021370828125 0.6217734265625 0.6191651 0.6161536703125 0.635629065625 0.6040392109375 0.6115437828125 0.589516109375 0.6008135546875 0.5881986015625 0.5921441 0.5922744828125001 0.570994534375 0.587107465625
1 0.2670616296875 0.41228466875 0.269628725 0.4357314703125 0.2769968828125 0.4533423234375 0.28871751562500003 0.43550510156250005 0.306931365625 0.431316034375 0.32271581718750003 0.4358243 0.342932709375 0.4485873359375 0.35241937343749996 0.46003286406250005 0.3646463265625 0.4602490546875 0.3745593453125 0.4460451515625 0.3842769375 0.411255828125 0.40771820468750003 0.3755813828125 0.40752277656249997 0.3549959625 0.3924755703125 0.322306259375 0.3919692515625 0.3042528453125 0.4227786765625 0.286189253125 0.44186746718750003 0.285962884375 0.4782951671875 0.2775847515625 0.5191553078125 0.2774613890625 0.5499069999999999 0.2709565109375 0.6223360453125 0.27984967968749996 0.6378096046875 0.28688995 0.655343940625 0.2993236078125 0.67282054375 0.323315978125 0.6869350765625 0.363601696875 0.6962485453125 0.409723365625 0.7020977453125 0.37317397343750003 0.675734028125 0.277410503125 0.6555748671875 0.25308875625 0.6154519734375 0.22503068124999998 0.552935946875 0.201933609375 0.4828785703125 0.195901821875 0.404036275 0.21706334374999997 0.34659670625 0.252418590625 0.3127361015625 0.284243525 0.29022750625 0.3123219546875 0.278449140625 0.341717890625 0.2670616296875 0.41228466875
4 0.6196402203125 0.40160213437500003 0.6160249906249999 0.4088687734375 0.6219541546875 0.4160222296875 0.65869274375 0.40511209218750005 0.6974343765625 0.4111540546875 0.6850119968749999 0.3903524421875 0.658808209375 0.381994665625 0.6196402203125 0.40160213437500003
3 0.64298825625 0.44430667343749997 0.624152625 0.45355975156249995 0.6408120187499999 0.4620307125 0.6595899203125 0.46433634843749994 0.675432103125 0.4572859 0.6590836 0.446282934375 0.64298825625 0.44430667343749997
10 0.5482905125 0.594600475 0.5318842781249999 0.5951562203125 0.52589738125 0.5995614781249999 0.6016307640624999 0.6037200125 0.6332574 0.6011778296875 0.6115437828125 0.589516109375 0.6008135546875 0.5881986015625 0.5921441 0.5922744828125001 0.570994534375 0.587107465625 0.5482905125 0.594600475
5 0.516352984375 0.5996746625 0.535073153125 0.6135390125 0.5562227203125001 0.6187060296875 0.6021370828125 0.6217734265625 0.6191651 0.6161536703125 0.632946509375 0.603709834375 0.516352984375 0.5996746625
6 0.5485791703125 0.536806909375 0.559562559375 0.5471511234374999 0.58844890625 0.555838278125 0.610220253125 0.5559412859374999 0.6332351671875001 0.5459162703125 0.6377253390625001 0.5426123265625 0.6395906874999999 0.52742029375 0.6286650296875 0.5055173671875 0.616104953125 0.45257162187500005 0.6101757890624999 0.44541816562500003 0.589026221875 0.440251146875 0.5671971421875 0.451706853125 0.5600466453124999 0.5099429796875 0.55374885625 0.5168802421875001 0.5485791703125 0.536806909375
8 0.472295003125 0.4040718421875 0.4593885375 0.4204783734375 0.460263478125 0.4244410703125 0.521766865625 0.41143131093749996 0.5643768890625 0.4192333421875 0.5775365156250001 0.41185351875 0.5781582968750001 0.4067895078125 0.5567555734375 0.39259578125 0.5027935375 0.3885402546875 0.472295003125 0.4040718421875
7 0.48460192031249993 0.44799087968749995 0.48011174843750004 0.4512948234375 0.4863518046875 0.45591627187499995 0.5158599328125 0.459539415625 0.5430541265625 0.4487424640625 0.5341315140625 0.44379163750000006 0.5069950515625 0.44302987656250004 0.48460192031249993 0.44799087968749995