0 0.06535663124999999 0 0 0.4650365953125 0 0.93464336875 0.4650365953125 1 0.93464336875 1 1 0.5349634046875 1 0.06535663124999999 0.5349634046875 0 0.06535663124999999 0
0 0.3217584625 0.6928235421875 0.35083896718749996 0.7695351265625 0.3721718921875 0.7950123109375 0.395411296875 0.80692418125 0.43914870625 0.8148002312499999 0.46941909375 0.8121378281249999 0.5225705875 0.7884829625 0.576238140625 0.7493382109375 0.6556859625 0.656754465625 0.6940588921875 0.5964394703125 0.7033940953125 0.5891056640625 0.726672940625 0.5889189796875 0.7546785484375 0.5669175578125001 0.7776385343750001 0.5217279828125 0.7917793796875 0.4683823328125 0.8156926062500001 0.41641009999999995 0.8159292484374999 0.3438187703125 0.80726786875 0.28726847499999997 0.7754065234375 0.20670775625 0.7485513578125 0.16143374531250002 0.688286665625 0.0820686671875 0.652533478125 0.0528356890625 0.5962822859375 0.027638532812499998 0.527875609375 0.0180246015625 0.4845753796875 0.018855776562500003 0.36945325156250003 0.058009434375 0.34800200625 0.0688279140625 0.31205161718749996 0.10008770781250001 0.2848809296875 0.151602134375 0.27359980625 0.1845998125 0.247862315625 0.367731578125 0.2570791953125 0.3966934359375 0.2802791609375 0.420703859375 0.2839343609375 0.44196744531250004 0.28608081875 0.49760212968750006 0.2769461546875 0.5862344890625 0.2819523359375 0.6215211968750001 0.2888649953125 0.643242590625 0.3217584625 0.6928235421875
1 0.247862315625 0.367731578125 0.2570791953125 0.3966934359375 0.2756312796875 0.4183214859375 0.2849664828125 0.410987678125 0.30498453125 0.2685518609375 0.316742275 0.232162853125 0.3397022609375 0.1869732796875 0.370488709375 0.16882099374999998 0.6067746015625 0.236611946875 0.6882111203125 0.24805710312499998 0.70676320625 0.269685153125 0.7150268453125 0.30542966875 0.7054155625 0.3974533578125 0.7094685015625 0.43952272499999995 0.7192014421875 0.4529946984375 0.728973825 0.4543681171875 0.7466909890625 0.44648316093749996 0.7877658796875 0.4142144109375 0.7942808015625 0.41513002343750005 0.8044509234375001 0.437309221875 0.8100520453125 0.43290893906249994 0.8172013484375 0.38203900156250004 0.80726786875 0.28726847499999997 0.783272425 0.22164649062500003 0.7485513578125 0.16143374531250002 0.6998866484375 0.0940738796875 0.6706483828125 0.06575651406250001 0.5962822859375 0.027638532812499998 0.527875609375 0.0180246015625 0.47432637812499995 0.020873687499999998 0.34800200625 0.0688279140625 0.3199963984375 0.090829334375 0.30363021562500003 0.1127374125 0.27971698749999996 0.1647096453125 0.2660527625 0.2146639671875 0.247862315625 0.367731578125
9 0.35083896718749996 0.7695351265625 0.3721718921875 0.7950123109375 0.3968017171875 0.8088487499999999 0.43914870625 0.8148002312499999 0.46941909375 0.8121378281249999 0.5225705875 0.7884829625 0.576238140625 0.7493382109375 0.6556859625 0.656754465625 0.6940588921875 0.5964394703125 0.7033940953125 0.5891056640625 0.726672940625 0.5889189796875 0.7546785484375 0.5669175578125001 0.7776385343750001 0.5217279828125 0.7917793796875 0.4683823328125 0.80584134375 0.4392337890625 0.8040137421875 0.428601996875 0.7942808015625 0.41513002343750005 0.7877658796875 0.4142144109375 0.7359653671874999 0.4518924 0.7192014421875 0.4529946984375 0.7117727203124999 0.44676318750000005 0.7054155625 0.3974533578125 0.7150268453125 0.30542966875 0.70676320625 0.269685153125 0.6821728203124999 0.2437501609375 0.6067746015625 0.236611946875 0.370488709375 0.16882099374999998 0.3397022609375 0.1869732796875 0.321906215625 0.21905534375000002 0.30498453125 0.2685518609375 0.29489662656250004 0.3639668796875 0.2793259203125 0.42748651718749997 0.28608081875 0.49760212968750006 0.2769461546875 0.5862344890625 0.2888649953125 0.643242590625 0.3217584625 0.6928235421875 0.35083896718749996 0.7695351265625
9 0.5289966203125 0.38822170312500004 0.483789909375 0.4026181953125 0.4707206265625 0.412885525 0.47580568593750006 0.423975125 0.5642731875 0.4208460109375 0.6238212812499999 0.43440241874999996 0.6117841187499999 0.4136899828125 0.5811159921875 0.395546603125 0.5289966203125 0.38822170312500004
9 0.3669979421875 0.38274584218749996 0.33768079375000004 0.3786255859375 0.31344870937499997 0.385594928125 0.2919580234375 0.4085119625 0.33760191562499997 0.40282269531250003 0.3864638265625 0.4096897890625 0.39854042968750003 0.41830367187500006 0.41160971249999995 0.4080363421875 0.40140015 0.3979556984375 0.3669979421875 0.38274584218749996
9 0.5307453390625 0.42305060625 0.506513253125 0.43001994843749997 0.49717805156250006 0.43735375625 0.5032163515625 0.441660696875 0.5534686843750001 0.45045235781250004 0.5758337296875 0.4449497765625 0.5502901046875001 0.42579744374999995 0.5307453390625 0.42305060625
9 0.3702192984375 0.5370935296875 0.367359578125 0.557441503125 0.3952074234375 0.5838343015625 0.41892344843749996 0.5923548421875 0.45106087500000003 0.5882256796875 0.489752665625 0.5729135734375 0.49535378750000003 0.5685132890625 0.49773688906249997 0.55155664375 0.47970086562500003 0.5144387109374999 0.4734225859375 0.44093177031249997 0.4539172609375 0.42608637812500005 0.43111503593749995 0.42288173437500004 0.41105421093750005 0.43562478125000004 0.391272803125 0.5054692703125 0.3702192984375 0.5370935296875
9 0.375261584375 0.4184903578125 0.35571681875 0.4157435203125 0.338476275 0.4202371453125 0.3216729109375 0.4334379984375 0.36215285937499997 0.44085624218749997 0.39476690625 0.43333575 0.375261584375 0.4184903578125
9 0.34948465156249997 0.613720678125 0.36843447500000004 0.6561545093750001 0.397672740625 0.6844718734375 0.421388765625 0.6929924140625 0.43255156875 0.6962904 0.4730709578125 0.6916100875 0.4907881234375 0.6837251328125 0.5187937296875 0.6617237125 0.5431046953124999 0.6305572609375 0.5324185140625 0.62386794375 0.506358828125 0.62020549375 0.439779753125 0.62122335625 0.3913944625 0.610964934375 0.34948465156249997 0.613720678125
4 0.483789909375 0.4026181953125 0.4707206265625 0.412885525 0.47719610625 0.4258996921875 0.5279644984375 0.41920147031250005 0.5642731875 0.4208460109375 0.6238212812499999 0.43440241874999996 0.6117841187499999 0.4136899828125 0.5811159921875 0.395546603125 0.5289966203125 0.38822170312500004 0.483789909375 0.4026181953125
3 0.5307453390625 0.42305060625 0.49717805156250006 0.43735375625 0.5046067734374999 0.4435852640625 0.5534686843750001 0.45045235781250004 0.5758337296875 0.4449497765625 0.5502901046875001 0.42579744374999995 0.5307453390625 0.42305060625
5 0.36843447500000004 0.6561545093750001 0.3916344390625 0.68016493125 0.42277918750000004 0.6949169828125 0.4730709578125 0.6916100875 0.4907881234375 0.6837251328125 0.5187937296875 0.6617237125 0.539370615625 0.63349078125 0.5347227343750001 0.631108409375 0.498335165625 0.653660978125 0.44661353281249994 0.667141859375 0.41078146406249993 0.662105990625 0.3889324796875 0.6521186875 0.35226549218750003 0.6175698125 0.36843447500000004 0.6561545093750001
2 0.35552295156249997 0.61802761875 0.38289417812500004 0.647811746875 0.41078146406249993 0.662105990625 0.44661353281249994 0.667141859375 0.4703689984375 0.66356384375 0.5160523296874999 0.6457760218749999 0.53285569375 0.6325751687500001 0.424843428125 0.632957446875 0.35552295156249997 0.61802761875
10 0.3913944625 0.610964934375 0.3527421125 0.614178484375 0.3987837421875 0.629294996875 0.504452346875 0.6337708109375 0.5314652734374999 0.6306506015625 0.533808934375 0.6257925125 0.46353521875 0.6176453421875 0.439779753125 0.62122335625 0.3913944625 0.610964934375
6 0.367359578125 0.557441503125 0.3952074234375 0.5838343015625 0.42031386875 0.594279409375 0.489752665625 0.5729135734375 0.49535378750000003 0.5685132890625 0.49773688906249997 0.55155664375 0.47970086562500003 0.5144387109374999 0.4734225859375 0.44093177031249997 0.4539172609375 0.42608637812500005 0.43111503593749995 0.42288173437500004 0.41105421093750005 0.43562478125000004 0.391272803125 0.5054692703125 0.3702192984375 0.5370935296875 0.367359578125 0.557441503125
8 0.33768079375000004 0.3786255859375 0.31344870937499997 0.385594928125 0.29334844531250004 0.4104365296875 0.33760191562499997 0.40282269531250003 0.3864638265625 0.4096897890625 0.39854042968750003 0.41830367187500006 0.41160971249999995 0.4080363421875 0.40140015 0.3979556984375 0.3669979421875 0.38274584218749996 0.33768079375000004 0.3786255859375
7 0.35571681875 0.4157435203125 0.338476275 0.4202371453125 0.32306332968749996 0.4353625671875 0.36215285937499997 0.44085624218749997 0.39476690625 0.43333575 0.375261584375 0.4184903578125 0.35571681875 0.4157435203125