0 0.4781695265625 0 0 0.0418344125 0 0.5218304734375 0.0418344125 1 0.5218304734375 1 1 0.9581655874999999 1 0.4781695265625 0.9581655874999999 0 0.4781695265625 0
0 0.72796455 0.47027822031250005 0.732492928125 0.45032710624999994 0.75569995625 0.4287418234375 0.7658886046875 0.40177718906250004 0.7506080515625 0.2271196765625 0.741552103125 0.19532041718749998 0.71834588125 0.14520421249999999 0.6858001328125 0.11383046562500002 0.6659895890625 0.10252704374999999 0.558729440625 0.05976460625 0.5176930843750001 0.056836509375 0.45231780781250003 0.0625561046875 0.397696721875 0.08363060781250001 0.36232023281250003 0.1095397359375 0.30118935156250004 0.1817006796875 0.2734539453125 0.22323707812500002 0.239208946875 0.29793454375 0.228170975 0.3510467265625 0.2247740875 0.419786178125 0.2448672 0.47017474375 0.2556209875 0.52138039375 0.2751481546875 0.5653001609375 0.30061876718749997 0.5875154375 0.3226935 0.588843303125 0.331183703125 0.5962483953125 0.3645781703125 0.6552507078125 0.435329534375 0.7468354265625 0.4842897453125 0.786550559375 0.5335331296875 0.8115747203125 0.5621170515625 0.8155922609375 0.6040025296875 0.8102981796875 0.626643409375 0.8001694687500001 0.648152396875 0.77710316875 0.6795672609375 0.7059124609375 0.7132459109375 0.6605969421875 0.720887396875 0.6403734671875 0.727396990625 0.6072123984375 0.7231527953125 0.5228456796875001 0.72796455 0.47027822031250005
1 0.6858001328125 0.11383046562500002 0.5683517390625 0.062181918749999995 0.5176930843750001 0.056836509375 0.45231780781250003 0.0625561046875 0.37986699062499996 0.09496797343749999 0.35071671875 0.12033237968749999 0.30118935156250004 0.1817006796875 0.2652465125 0.23699175625 0.239208946875 0.29793454375 0.2250574640625 0.3871698328125 0.2293020609375 0.4356858078125 0.23439618437499998 0.44012886250000005 0.24515077812500002 0.4196330265625 0.2513769953125 0.419088303125 0.28873389375 0.45167070468750004 0.3051483546875 0.4600120921875 0.3144876796875 0.45919500781249994 0.324393153125 0.44692134531249994 0.3303368 0.40729147968749996 0.3258096328125 0.3196903625 0.335432334375 0.286256934375 0.3541111875 0.266697390625 0.43193889687500003 0.25988834843749997 0.6594791890625 0.2073895984375 0.6877799375 0.22609811406250002 0.707307103125 0.2700178828125 0.7166460265625 0.3050515421875 0.7285309 0.4408962734375 0.737021103125 0.4483013640625 0.75569995625 0.4287418234375 0.7658886046875 0.40177718906250004 0.75626791875 0.2559569015625 0.7457971046874999 0.20798565 0.725703990625 0.1575970828125 0.7112707453125 0.1360457421875 0.6858001328125 0.11383046562500002
9 0.7330588734375 0.456795903125 0.7214561671874999 0.3958870578125 0.7166460265625 0.3050515421875 0.703062103125 0.2573526515625 0.6877799375 0.22609811406250002 0.6594791890625 0.2073895984375 0.43193889687500003 0.25988834843749997 0.36005443125 0.26291826875 0.335432334375 0.286256934375 0.3258096328125 0.3196903625 0.3303368 0.40729147968749996 0.3218459921875 0.45366250625 0.3144876796875 0.45919500781249994 0.298639165625 0.4573224171875 0.2513769953125 0.419088303125 0.24515077812500002 0.4196330265625 0.2352453046875 0.4319066859375 0.23298111562499998 0.44188224218750005 0.2448672 0.47017474375 0.2556209875 0.52138039375 0.2751481546875 0.5653001609375 0.30061876718749997 0.5875154375 0.3226935 0.588843303125 0.331183703125 0.5962483953125 0.3645781703125 0.6552507078125 0.435329534375 0.7468354265625 0.4842897453125 0.786550559375 0.5335331296875 0.8115747203125 0.5621170515625 0.8155922609375 0.6025874609375 0.812051559375 0.626643409375 0.8001694687500001 0.648152396875 0.77710316875 0.6795672609375 0.7059124609375 0.7132459109375 0.6605969421875 0.727396990625 0.6072123984375 0.7231527953125 0.5228456796875001 0.7330588734375 0.456795903125
9 0.54683871875 0.44375565781250004 0.552216015625 0.43350774062499997 0.5403297296875 0.42314061093750005 0.49816148125000004 0.40727492343750005 0.4483517453125 0.4116327109375 0.4183525546875 0.4272939203125 0.40589991875000003 0.446308740625 0.46306796562499997 0.43641845 0.54683871875 0.44375565781250004
9 0.6790043406249999 0.43056308750000005 0.722021709375 0.4382065984375 0.7027773140625 0.41544659843750004 0.6801366359375 0.4076499359375 0.652118659375 0.4101011921875 0.6187233875 0.422800365625 0.608534940625 0.431839628125 0.6204212265625 0.44220675624999994 0.6323077140625 0.43464851250000003 0.6790043406249999 0.43056308750000005
9 0.5258958781249999 0.455365384375 0.517405675 0.44796029375 0.49476499531250007 0.44016363125 0.47608634531250005 0.4417978015625 0.45089830312499996 0.45866766718749996 0.47184094062500004 0.46498331249999997 0.519952634375 0.45914450625000003 0.5258958781249999 0.455365384375
9 0.548253584375 0.45992765 0.538630478125 0.529211825 0.5196684515625 0.563462340625 0.5210833171875 0.5796343312500001 0.5261774406249999 0.5840773859375 0.562119471875 0.6004877984375 0.5924014343749999 0.6059863578125 0.6153252890625 0.5990920484375 0.6430604921875 0.575481021875 0.6413626531250001 0.5560746328125 0.6229673796874999 0.52509245625 0.6076856171875 0.45798717499999997 0.5892901421875 0.4449303734375 0.5674983828125 0.4468369046875 0.548253584375 0.45992765
9 0.6611746093749999 0.44190045156249996 0.6424959578125 0.44353462187500003 0.623251159375 0.45662536718749996 0.6538160953125 0.46535832499999996 0.6925884640625 0.46033660468750004 0.677306096875 0.44700744062500003 0.6611746093749999 0.44190045156249996
9 0.4726880453125 0.6360148546875 0.494196428125 0.6667246671875 0.519667040625 0.68893994375 0.5360815015625 0.6972813296875 0.574287721875 0.7037161843749999 0.5850421156250001 0.70114571875 0.6079659687500001 0.694251409375 0.6371162406249999 0.6688870031249999 0.6572103625 0.629648709375 0.6175890734375 0.624967234375 0.5711754203125 0.6322870578125 0.5080643328125001 0.628031096875 0.483159465625 0.6302099906249999 0.4726880453125 0.6360148546875
4 0.46306796562499997 0.43641845 0.49759513125000004 0.43665686875 0.54542365 0.4455090390625 0.552216015625 0.43350774062499997 0.5403297296875 0.42314061093750005 0.49816148125000004 0.40727492343750005 0.4483517453125 0.4116327109375 0.4183525546875 0.4272939203125 0.40589991875000003 0.446308740625 0.46306796562499997 0.43641845
3 0.5258958781249999 0.455365384375 0.49476499531250007 0.44016363125 0.47608634531250005 0.4417978015625 0.45089830312499996 0.45866766718749996 0.47184094062500004 0.46498331249999997 0.5185375671875 0.46089788593750003 0.5258958781249999 0.455365384375
5 0.5140071734375 0.6601027203125 0.48061230312500003 0.6369511484375 0.47608412656250004 0.638976890625 0.494196428125 0.6667246671875 0.519667040625 0.68893994375 0.5360815015625 0.6972813296875 0.5836270484375 0.7028991 0.6139092125000001 0.6904722875 0.6371162406249999 0.6688870031249999 0.6543802265625 0.6331554703125 0.61787164375 0.6640523765624999 0.59664583125 0.6724277046875 0.5624016390625 0.675423684375 0.5140071734375 0.6601027203125
2 0.5624016390625 0.675423684375 0.59664583125 0.6724277046875 0.6238148875 0.6602732546875 0.65126711875 0.63342783125 0.584759746875 0.64413520625 0.48231034375000004 0.6384321671875 0.4975927109375 0.6517613328125 0.5400439328125 0.67086141875 0.5624016390625 0.675423684375
10 0.509196225 0.6409686906250001 0.6096646140625 0.6419563125 0.6540972546875 0.6299210703125 0.6175890734375 0.624967234375 0.5711754203125 0.6322870578125 0.548817715625 0.62772479375 0.48174439687500004 0.6319633703124999 0.48372541093750004 0.6366787875 0.509196225 0.6409686906250001
6 0.5674983828125 0.4468369046875 0.548253584375 0.45992765 0.538630478125 0.529211825 0.5196684515625 0.563462340625 0.5210833171875 0.5796343312500001 0.5261774406249999 0.5840773859375 0.5909863671875 0.6077397390625 0.6153252890625 0.5990920484375 0.6430604921875 0.575481021875 0.6413626531250001 0.5560746328125 0.6229673796874999 0.52509245625 0.6076856171875 0.45798717499999997 0.5892901421875 0.4449303734375 0.5674983828125 0.4468369046875
8 0.6323077140625 0.43464851250000003 0.6790043406249999 0.43056308750000005 0.7206066421874999 0.439959978125 0.7027773140625 0.41544659843750004 0.6801366359375 0.4076499359375 0.652118659375 0.4101011921875 0.6187233875 0.422800365625 0.608534940625 0.431839628125 0.6204212265625 0.44220675624999994 0.6323077140625 0.43464851250000003
7 0.677306096875 0.44700744062500003 0.6611746093749999 0.44190045156249996 0.6424959578125 0.44353462187500003 0.623251159375 0.45662536718749996 0.6538160953125 0.46535832499999996 0.691173396875 0.46208998437500004 0.677306096875 0.44700744062500003