0 0.0729596578125 0 0 0.4606491453125 0 0.9270403421875001 0.4606491453125 1 0.9270403421875001 1 1 0.5393508546875 1 0.0729596578125 0.5393508546875 0 0.0729596578125 0
0 0.732065546875 0.5655187859375 0.7432125234375 0.5529026859374999 0.753162196875 0.5285916671875001 0.75893960625 0.492114540625 0.762322415625 0.43224757656249996 0.7527805828125 0.3962204421875 0.7170444328125 0.3330339640625 0.6849681546874999 0.29487588593749997 0.6473183921875 0.2630258546875 0.5883994593749999 0.23068344375 0.5114947875 0.21562661875 0.43742913281250007 0.22115369999999998 0.395643678125 0.2346697828125 0.37259684375 0.2454011296875 0.3567652125 0.2587134140625 0.299116725 0.35313035937500004 0.290228403125 0.40924901562500005 0.2565155828125 0.48732274843749995 0.2422942671875 0.5771125984375 0.24646653281250003 0.58927870625 0.2465031046875 0.646810925 0.2597727859375 0.6978101 0.2942436625 0.75935801875 0.305254690625 0.7668546359375 0.3515888546875 0.7727550859375001 0.40178681562499996 0.773514859375 0.46186647656249996 0.7600199703125 0.5702618875 0.711032725 0.61515825625 0.6778751125 0.6513022515625 0.6807234375 0.6949333453125 0.6459272640625 0.72286875625 0.6043306562499999 0.732065546875 0.5655187859375
9 0.710388534375 0.6253645546875 0.72286875625 0.6043306562499999 0.7311767140625001 0.5711306515625 0.721566909375 0.545159875 0.6956810578125 0.5353073171875 0.6607343625000001 0.5441539109375 0.647056840625 0.5534928890625 0.63515698125 0.5516081374999999 0.629275025 0.540609403125 0.627905203125 0.49149498124999996 0.613746690625 0.446107671875 0.620276984375 0.424131396875 0.6464347312500001 0.39375852031249997 0.652520609375 0.3745881796875 0.6250610156249999 0.34579027500000004 0.6046806765625 0.339686025 0.5682282140625 0.319530915625 0.5130371296875 0.30216054375 0.49354562343749997 0.2904444265625 0.413221571875 0.27772234687499997 0.37188053125 0.2884324984375 0.3530739359375 0.30127359375 0.3264717734375 0.334452403125 0.30017807812499997 0.384937996875 0.3121459109375 0.376766390625 0.3427843921875 0.37586640625 0.3698675453125 0.397413884375 0.38036618125 0.41777279375000004 0.3688427640625 0.42313846875000005 0.33580968125 0.4006486140625 0.306060034375 0.39593673281249997 0.2920060671875 0.398025284375 0.2565155828125 0.48732274843749995 0.2422942671875 0.5771125984375 0.2472194171875 0.6037795578125 0.2453058046875 0.63511600625 0.2597727859375 0.6978101 0.28285619375 0.7446109734374999 0.305254690625 0.7668546359375 0.3498791625 0.7739224578125 0.4205254359375 0.770730121875 0.4878882765625 0.7497598125 0.5702618875 0.711032725 0.61515825625 0.6778751125 0.6513022515625 0.6807234375 0.6876501671875 0.6534026859375001 0.710388534375 0.6253645546875
9 0.54669231875 0.48438476562500005 0.5358172406249999 0.4567754296875 0.5079132296875 0.4307834578125 0.448858346875 0.4185537640625 0.4215712734375 0.42717536093749997 0.4206824421875 0.4327872265625 0.432514328125 0.44472833906250003 0.48055818125 0.44946141562499997 0.54669231875 0.48438476562500005
9 0.34059888437499997 0.447428290625 0.32274909531249996 0.4446011625 0.3018563671875 0.451359203125 0.31666321875 0.4637715015625 0.3391976625 0.4659024484375 0.3579362828125 0.4631177109375 0.34059888437499997 0.447428290625
9 0.3668611796875 0.464531275 0.337148103125 0.5173516140625 0.31871795 0.5374431359375 0.316051453125 0.5542787328125 0.3304138875 0.5694969640624999 0.3499053921875 0.5812130796874999 0.3664899078125 0.5824016484375 0.3983936640625 0.583140225 0.4133364609375 0.57543980625 0.413916825 0.55252115625 0.40930014375 0.54316098125 0.4195217140625 0.478624528125 0.399653765625 0.4596579875 0.384778940625 0.4573020453125 0.3668611796875 0.464531275
9 0.5129429265625001 0.5049262796875 0.509147103125 0.5000105984375 0.48668063281249996 0.4878232953125 0.4573753984375 0.48030547968750004 0.44629639687499995 0.48286522187500003 0.472114275 0.5027741390625 0.5065485796875 0.5067898359375 0.5129429265625001 0.5049262796875
9 0.31335355468750004 0.6387029078124999 0.329870096875 0.6499478359374999 0.3817097734375 0.6595965953125 0.40424421875 0.6617275390625 0.4285563265625 0.652634753125 0.37387763125 0.6224020875 0.34963349843749997 0.621438515625 0.341597434375 0.614413084375 0.329697575 0.6125283328125 0.2994355375 0.6206787421875 0.31335355468750004 0.6387029078124999
1 0.66636548125 0.2775479046875 0.5883994593749999 0.23068344375 0.5114947875 0.21562661875 0.43742913281250007 0.22115369999999998 0.3858299515625 0.2388680828125 0.3567652125 0.2587134140625 0.299116725 0.35313035937500004 0.2941601734375 0.3940519796875 0.3182997625 0.347539690625 0.3457907578125 0.308749015625 0.37188053125 0.2884324984375 0.39448295 0.280507084375 0.413221571875 0.27772234687499997 0.49354562343749997 0.2904444265625 0.524492571875 0.30685122656249997 0.5682282140625 0.319530915625 0.6046806765625 0.339686025 0.6250610156249999 0.34579027500000004 0.652520609375 0.3745881796875 0.6464347312500001 0.39375852031249997 0.620276984375 0.424131396875 0.613746690625 0.446107671875 0.627905203125 0.49149498124999996 0.6276333078125 0.5317204156249999 0.63389170625 0.5499695765625 0.647056840625 0.5534928890625 0.6607343625000001 0.5441539109375 0.686311746875 0.5366996859375 0.7046059515625 0.5367208812500001 0.722832184375 0.5467984359375 0.729911440625 0.5694920906250001 0.7432125234375 0.5529026859374999 0.753162196875 0.5285916671875001 0.76263088125 0.4495543609375 0.75903898125 0.414469603125 0.7435472203125 0.37750009218749997 0.7170444328125 0.3330339640625 0.66636548125 0.2775479046875
4 0.371817728125 0.42360965625 0.38036618125 0.41777279375000004 0.3787244640625 0.4088838078125 0.3427843921875 0.37586640625 0.3121459109375 0.376766390625 0.29245048281249997 0.3952193515625 0.33580968125 0.4006486140625 0.371817728125 0.42360965625
3 0.3579362828125 0.4631177109375 0.34059888437499997 0.447428290625 0.32274909531249996 0.4446011625 0.3018563671875 0.451359203125 0.31666321875 0.4637715015625 0.337487971875 0.46706981875000003 0.3579362828125 0.4631177109375
10 0.30285491875 0.6183439984375 0.3359559734375 0.6307774937499999 0.41836615781250003 0.649582628125 0.413305059375 0.6430283859375 0.3958996875 0.6373953234374999 0.37387763125 0.6224020875 0.34963349843749997 0.621438515625 0.341597434375 0.614413084375 0.329697575 0.6125283328125 0.30285491875 0.6183439984375
5 0.40424421875 0.6617275390625 0.4285563265625 0.652634753125 0.3024105015625 0.62114993125 0.31335355468750004 0.6387029078124999 0.329870096875 0.6499478359374999 0.3800000828125 0.6607639671875 0.40424421875 0.6617275390625
6 0.37540963125000004 0.4586944125 0.3668611796875 0.464531275 0.337148103125 0.5173516140625 0.31871795 0.5374431359375 0.316051453125 0.5542787328125 0.3198472765625 0.5591944125 0.341424915625 0.576993584375 0.3647802171875 0.5835690203125 0.3983936640625 0.583140225 0.4133364609375 0.57543980625 0.413916825 0.55252115625 0.40930014375 0.54316098125 0.4195217140625 0.478624528125 0.399653765625 0.4596579875 0.37540963125000004 0.4586944125
8 0.432514328125 0.44472833906250003 0.48055818125 0.44946141562499997 0.5424520796875 0.4822750171875 0.5446061859375 0.4783017125 0.5358172406249999 0.4567754296875 0.5079132296875 0.4307834578125 0.448858346875 0.4185537640625 0.4215712734375 0.42717536093749997 0.4206824421875 0.4327872265625 0.432514328125 0.44472833906250003
7 0.504838890625 0.507957209375 0.5129429265625001 0.5049262796875 0.509147103125 0.5000105984375 0.48668063281249996 0.4878232953125 0.4573753984375 0.48030547968750004 0.44629639687499995 0.48286522187500003 0.472114275 0.5027741390625 0.504838890625 0.507957209375