0 0.049797978124999996 0 0 0.4737961109375 0 0.6311948000000001 0.024354353125 0.6008338703125 0.1394607875 0.302900325 0.20138187031250002 0.1920991921875 0.3267671765625 0.075399565625 0.38913630625 0.0400586484375 0.4580509765625 0.022164165625000003 0.5666619203125001 0.0252003984375 0.632092309375 0.040456646875 0.6949094875 0.080575940625 0.7802005234375 0.1859015984375 0.8212159124999999 0.2740048484375 0.8522014796875 0.377812390625 0.8762184828124999 0.547921390625 0.8880404953125 0.8340579484375 0.8625698015625 1 0.9502020218749999 1 1 0.526203890625 1 0.049797978124999996 0.526203890625 0 0.049797978124999996 0
0 0.568583884375 1 0.6250248453125 0.8650685390625 0.6437653734375 0.7664874203125 0.549340609375 0.8277864796875001 0.4564339609375 0.83478006875 0.41586661874999997 0.822137034375 0.34563282968750003 0.7728589875 0.278883321875 0.690430209375 0.265593240625 0.777015340625 0.27216380625 0.9536698843750001 0.26955059531250003 0.97853293125 0.473796109375 1 0.568583884375 1
1 0.8625698015625 1 0.8880404953125 0.8340579484375 0.8626793515625 0.4375683078125 0.814670371875 0.2565584125 0.7802005234375 0.1859015984375 0.6949094875 0.080575940625 0.6560842859375 0.051357540624999996 0.5086481421875 0.0191029046875 0.38913630625 0.0400586484375 0.26723528281250003 0.1236075453125 0.20138187031250002 0.1920991921875 0.1394607875 0.302900325 0.024354353125 0.6008338703125 0 0.6311948000000001 0 0.7234813078125 0.0407307203125 0.7240540125 0.059272250000000005 0.7469508953124999 0.050138521874999994 0.9135756140625 0.03986339375 0.9543918343750001 0.264145584375 0.9779648421875 0.2760460859375 0.6775631515625 0.2550903453125 0.5580513140625001 0.2348066734375 0.551729796875 0.20971960312500001 0.5113864796875001 0.22584691875 0.4376684078125 0.29518461406249996 0.336026028125 0.4271154609375 0.2367728375 0.4960301328125 0.2188783546875 0.6286330515625 0.23281548281250003 0.709991759375 0.2958316609375 0.7304994546875 0.33988328437500004 0.7514551968750001 0.4593951203125 0.731843596875 0.5662639234375 0.68388466875 0.7036702421875 0.6446364453125 0.7581997375 0.6250248453125 0.8650685390625 0.568583884375 1 0.8625698015625 1
9 0.7239539140625 0.3224368484375 0.706283453125 0.29125228281250004 0.6286330515625 0.23281548281250003 0.4960301328125 0.2188783546875 0.4271154609375 0.2367728375 0.29518461406249996 0.336026028125 0.22584691875 0.4376684078125 0.20971960312500001 0.5113864796875001 0.2348066734375 0.551729796875 0.2550903453125 0.5580513140625001 0.268629475 0.6684043984375 0.29655378125 0.721614775 0.38445803125 0.8020773875 0.47300932500000004 0.8365222109375001 0.5667870453125 0.8212409390625 0.6537951984375 0.750783125 0.6947855625 0.6796782640625 0.6991409156249999 0.638239853125 0.7444866328125 0.52569658125 0.7514551968750001 0.4593951203125 0.7239539140625 0.3224368484375
9 0.48776747499999995 0.37721539375 0.439783521875 0.3554136046875 0.37348206093749997 0.34844504062500004 0.33400981406249997 0.365244428125 0.4888625703125 0.40665781562500003 0.49889239375 0.3909535234375 0.48776747499999995 0.37721539375
9 0.6775131015625 0.405537696875 0.7143721375000001 0.41360135624999994 0.6884139953124999 0.3815457203125 0.6718386296875 0.3798035796875 0.5946362765625001 0.3968269921875 0.5791560062500001 0.424527275 0.5957313703125 0.4262694171875 0.6775131015625 0.405537696875
9 0.44110263906249997 0.4225861359375 0.399664228125 0.41823078281250003 0.3684796625 0.4359012421875 0.4118842390625 0.461411334375 0.4579020296875 0.46205838281249995 0.47534846406250003 0.45551284062499997 0.44110263906249997 0.4225861359375
9 0.5325161953124999 0.6291061250000001 0.57656781875 0.6085984296875 0.5800521015625 0.5754477 0.5599674296875 0.44764818125000005 0.5231083937500001 0.43958452187499997 0.49018168749999996 0.473830346875 0.45225258281249997 0.595532371875 0.503073771875 0.6302012203125 0.5325161953124999 0.6291061250000001
9 0.6639989953125001 0.454392721875 0.6142729 0.4491662984375 0.5830883359375 0.4668367578125 0.6025009359375 0.4814459578125 0.673381771875 0.48470621718749995 0.6825405265625 0.477289603125 0.6639989953125001 0.454392721875
9 0.5410279015625 0.6677073015625 0.466438759375 0.6598676671875 0.3938157828125 0.6731827734375 0.45118251249999997 0.72529805625 0.512904596875 0.7359749250000001 0.5927201609375 0.6940884656249999 0.5410279015625 0.6677073015625
4 0.49889239375 0.3909535234375 0.48776747499999995 0.37721539375 0.439783521875 0.3554136046875 0.37348206093749997 0.34844504062500004 0.33400981406249997 0.365244428125 0.48428319374999995 0.410366121875 0.49889239375 0.3909535234375
3 0.47534846406250003 0.45551284062499997 0.44110263906249997 0.4225861359375 0.399664228125 0.41823078281250003 0.3684796625 0.4359012421875 0.4118842390625 0.461411334375 0.45332265156249996 0.46576668750000005 0.47534846406250003 0.45551284062499997
5 0.487817525 0.6956316078125 0.3938157828125 0.6731827734375 0.45118251249999997 0.72529805625 0.50832521875 0.7396832328125 0.5927201609375 0.6940884656249999 0.487817525 0.6956316078125
10 0.5410279015625 0.6677073015625 0.4195499 0.667508303125 0.4223871359375 0.6803753625 0.5715654203125 0.69605463125 0.5733075624999999 0.679479265625 0.5410279015625 0.6677073015625
6 0.4790817953125 0.619300325 0.5279368203125 0.63281443125 0.57656781875 0.6085984296875 0.5800521015625 0.5754477 0.5599674296875 0.44764818125000005 0.5231083937500001 0.43958452187499997 0.49018168749999996 0.473830346875 0.45225258281249997 0.595532371875 0.4790817953125 0.619300325
8 0.5911519937499999 0.429977721875 0.6775131015625 0.405537696875 0.7143721375000001 0.41360135624999994 0.6884139953124999 0.3815457203125 0.6718386296875 0.3798035796875 0.5946362765625001 0.3968269921875 0.5791560062500001 0.424527275 0.5911519937499999 0.429977721875
7 0.6825405265625 0.477289603125 0.6639989953125001 0.454392721875 0.6142729 0.4491662984375 0.5830883359375 0.4668367578125 0.6025009359375 0.4814459578125 0.668802396875 0.48841452187499995 0.6825405265625 0.477289603125