0 0.095107984375 0 0 0.447447884375 0 0.674948396875 0.07869085 0.5955268765625 0.22933057968749998 0.3014549421875 0.3050172109375 0.19415670000000002 0.4466346578125 0.0876525609375 0.5146225171875 0.058037421874999995 0.587458 0.0470792390625 0.69887033125 0.061947379687500005 0.76453644375 0.0847184234375 0.8248255312499999 0.1327863890625 0.9011851234374999 0.250369853125 0.9338555453125 0.345446975 0.9545089734375001 0.45559636875000004 0.960823665625 0.63320421875 0.951434615625 0.781034290625 1 0.55255211875 1 0.095107984375 0.552552115625 0 0.095107984375 0
0 0.6310494265625 1 0.66809765625 0.9323279046874999 0.6980380687500001 0.8329325640624999 0.5942639390625 0.8857875796875 0.49792387812500005 0.8829364296875 0.4575546859375 0.8655424125 0.390625634375 0.8072497984375 0.3308659515625 0.71522795625 0.30783020625 0.8028710078125 0.296663396875 0.9679497687499999 0.44744788125 1 0.6310494265625 1
1 0.904892015625 1 0.9472898234375 0.8005340000000001 0.958827190625 0.5182072015625 0.929007921875 0.3267900203125 0.9011851234374999 0.250369853125 0.8248255312499999 0.1327863890625 0.788041021875 0.0985277578125 0.6398441828125 0.049400984375 0.5146225171875 0.058037421874999995 0.38017443906250004 0.13081233125 0.3050172109375 0.19415670000000002 0.22933057968749998 0.3014549421875 0.07869085 0.5955268765625 0 0.674948396875 0 0.714256875 0.0822149625 0.7240685250000001 0.0988148765625 0.749630146875 0.0714003390625 0.9200686265625 0.290823628125 0.9667084875 0.3293383109375 0.7016833250000001 0.3207018734375 0.5764616593749999 0.300517278125 0.56776465 0.27906974375 0.523546071875 0.3036331296875 0.449447653125 0.3859597265625 0.3523740578125 0.5324247953125 0.264526875 0.6052602765625 0.2535686921875 0.7401771875 0.2822461671875 0.8170661859375 0.3558757546875 0.833401396875 0.40341431562499996 0.8420378328125 0.52863598125 0.810305078125 0.636463628125 0.746106034375 0.7726434765625 0.6998304109375 0.82450025625 0.66809765625 0.9323279046874999 0.6310494265625 1 0.904892015625 1
9 0.8285537734374999 0.384757359375 0.8137462031249999 0.3507634296875 0.7401771875 0.2822461671875 0.6052602765625 0.2535686921875 0.5324247953125 0.264526875 0.3859597265625 0.3523740578125 0.3036331296875 0.449447653125 0.27906974375 0.523546071875 0.300517278125 0.56776465 0.3207018734375 0.5764616593749999 0.322698346875 0.6914586765624999 0.345673521875 0.7492218859374999 0.42741014218749995 0.8415084296875 0.5147884921875 0.8865211140625 0.6129208937499999 0.8809399578124999 0.710055059375 0.8178602921874999 0.7599153671875001 0.7491388984375 0.768877078125 0.7069773640625 0.8276990953125001 0.5960944359375 0.8420378328125 0.52863598125 0.8285537734374999 0.384757359375
9 0.579638084375 0.415574865625 0.532628925 0.3879561984375 0.4651704703125 0.3736174609375 0.42274423437499997 0.3866326890625 0.5775810390625 0.44598411093749996 0.58959803125 0.43091183906249997 0.579638084375 0.415574865625
9 0.7717887984375 0.46523104374999996 0.8088380109375001 0.47751273593750004 0.785598134375 0.44172646406249994 0.7687335187500001 0.43814177968749995 0.68746573125 0.447307621875 0.6685440734375 0.47413218125 0.6854086859375 0.477716865625 0.7717887984375 0.46523104374999996
9 0.526722496875 0.45720699531250003 0.4845609609375 0.448245284375 0.45056703125 0.4630528546875 0.492463865625 0.49399150468749997 0.5397377234375 0.4996332328125 0.5583946796875 0.49478560937499994 0.526722496875 0.45720699531250003
9 0.598438596875 0.679562828125 0.6459771578125 0.6632276187499999 0.653146528125 0.629498390625 0.6463024328125 0.49584441718749994 0.6092532234375 0.48356272499999997 0.571674609375 0.5152349078125 0.51949255625 0.6363424859375 0.568029353125 0.677505784375 0.598438596875 0.679562828125
9 0.752602440625 0.5140325421874999 0.7020085984375 0.5032784890625 0.6680146687499999 0.5180860578125001 0.686406921875 0.5352153734375 0.758977703125 0.5462341296875 0.7692023515625 0.5395941640624999 0.752602440625 0.5140325421874999
9 0.60302151875 0.7201967218750001 0.5271307562499999 0.7040656421875 0.4509752921875 0.7099115 0.5043597125 0.76973175625 0.56670584375 0.787390475 0.6533506578125 0.7529277125 0.60302151875 0.7201967218750001
4 0.58959803125 0.43091183906249997 0.579638084375 0.415574865625 0.532628925 0.3879561984375 0.4651704703125 0.3736174609375 0.42274423437499997 0.3866326890625 0.572468715625 0.44930409375 0.58959803125 0.43091183906249997
3 0.5583946796875 0.49478560937499994 0.526722496875 0.45720699531250003 0.4845609609375 0.448245284375 0.45056703125 0.4630528546875 0.492463865625 0.49399150468749997 0.5346254 0.5029532156250001 0.5583946796875 0.49478560937499994
5 0.5452583078125001 0.7431718968750001 0.4509752921875 0.7099115 0.5043597125 0.76973175625 0.56159351875 0.79071045625 0.6533506578125 0.7529277125 0.5452583078125001 0.7431718968750001
10 0.60302151875 0.7201967218750001 0.47806455468750003 0.7068562203125001 0.4795921953125 0.7204008515625 0.6313737203125 0.7526630109375 0.6349584046875 0.735798396875 0.60302151875 0.7201967218750001
6 0.5445247734375 0.66369645 0.5933262734375 0.6828828109375 0.6459771578125 0.6632276187499999 0.653146528125 0.629498390625 0.6463024328125 0.49584441718749994 0.6092532234375 0.48356272499999997 0.571674609375 0.5152349078125 0.51949255625 0.6363424859375 0.5445247734375 0.66369645
8 0.6802963625 0.4810368484375 0.7717887984375 0.46523104374999996 0.8088380109375001 0.47751273593750004 0.785598134375 0.44172646406249994 0.7687335187500001 0.43814177968749995 0.68746573125 0.447307621875 0.6685440734375 0.47413218125 0.6802963625 0.4810368484375
7 0.7692023515625 0.5395941640624999 0.752602440625 0.5140325421874999 0.7020085984375 0.5032784890625 0.6680146687499999 0.5180860578125001 0.686406921875 0.5352153734375 0.753865378125 0.5495541109375 0.7692023515625 0.5395941640624999