0 0.06535663124999999 0 0 0.4650365953125 0 0.93464336875 0.4650365953125 1 0.93464336875 1 1 0.5349634046875 1 0.06535663124999999 0.5349634046875 0 0.06535663124999999 0
0 0.32518303125000003 0.6016595234375 0.3452800109375 0.62462680625 0.3707089046875 0.6389434515625 0.39571767812499997 0.6464867734374999 0.44800605156250006 0.6551782796875 0.48678971718749997 0.652571834375 0.6210371375 0.6150391359375 0.6755963359375 0.61733550625 0.7246736874999999 0.6000614734374999 0.7453610140625 0.5895403296875 0.7625671328125 0.5745013671875 0.7755517640625 0.5602119671875 0.780093415625 0.5474216968750001 0.7773025140625001 0.5282294796875 0.8348931125 0.4503805390625 0.8679950140624999 0.390575628125 0.8867316765625001 0.3744089140625 0.8882122421875 0.363874146875 0.839105203125 0.30325837031249997 0.826931125 0.25320460625 0.802562678125 0.221579871875 0.7475333796875 0.20310316093749997 0.702157440625 0.1940402765625 0.666705046875 0.1729434984375 0.62095896875 0.16651430625000002 0.5898779984375 0.1728890078125 0.5783739328124999 0.1766436390625 0.54317143125 0.202581934375 0.5122903765625 0.24658469374999997 0.47666775625 0.265749665625 0.478248278125 0.2740289296875 0.43233197187499994 0.3078614875 0.40061067812499995 0.33831760312500003 0.37353099218749997 0.374797475 0.36064631875000003 0.407900903125 0.35277339531249996 0.4443943984375 0.3451706578125 0.45944017343750004 0.3434199078125 0.49142266093750003 0.3210817890625 0.552740321875 0.319331040625 0.5847228109375 0.32518303125000003 0.6016595234375
1 0.703066453125 0.509739146875 0.6920324859375 0.52967411875 0.6920824640625 0.53908113125 0.7028462484375 0.5405938828125 0.7369883046875 0.531963678125 0.767328990625 0.5308563609375 0.7834246874999999 0.523718471875 0.8348931125 0.4503805390625 0.8634533609374999 0.4033659 0.864563784375 0.395464825 0.8867316765625001 0.3744089140625 0.8882122421875 0.363874146875 0.839105203125 0.30325837031249997 0.826931125 0.25320460625 0.802562678125 0.221579871875 0.7475333796875 0.20310316093749997 0.702157440625 0.1940402765625 0.666705046875 0.1729434984375 0.62095896875 0.16651430625000002 0.5898779984375 0.1728890078125 0.5783739328124999 0.1766436390625 0.54317143125 0.202581934375 0.5122903765625 0.24658469374999997 0.4843204734375 0.26011090625 0.4762976140625 0.2683833578125 0.479778821875 0.2729011765625 0.4855308546875 0.2710238625 0.5364589109375 0.24058137031250001 0.565589215625 0.2285610984375 0.5824751734375 0.225562840625 0.60938463125 0.22934471875 0.6217289375 0.23913673281249997 0.646567484375 0.28694180468749997 0.685230903125 0.3340041234375 0.7218936765625 0.3660138578125 0.7389295703125 0.3912366453125 0.7364385390625 0.42848651562500006 0.7120498000000001 0.46534457656250006 0.703066453125 0.509739146875
9 0.32518303125000003 0.6016595234375 0.3452800109375 0.62462680625 0.39687808125 0.6479927125 0.44800605156250006 0.6551782796875 0.48678971718749997 0.652571834375 0.6210371375 0.6150391359375 0.6755963359375 0.61733550625 0.7012954125 0.61020443125 0.7453610140625 0.5895403296875 0.7755517640625 0.5602119671875 0.7804635578125 0.5447880046875 0.77577196875 0.52935723125 0.7369883046875 0.531963678125 0.7028462484375 0.5405938828125 0.6909220625 0.53757519375 0.703066453125 0.509739146875 0.7120498000000001 0.46534457656250006 0.7364385390625 0.42848651562500006 0.7389295703125 0.3912366453125 0.7218936765625 0.3660138578125 0.6709359328125 0.3185665390625 0.6376544078124999 0.2722605953125 0.6298517546875 0.24967831093749998 0.60938463125 0.22934471875 0.5824751734375 0.225562840625 0.5540851515624999 0.23231573125 0.464843528125 0.28154500625 0.40061067812499995 0.33831760312500003 0.37353099218749997 0.374797475 0.3451706578125 0.45944017343750004 0.3434199078125 0.49142266093750003 0.3210817890625 0.552740321875 0.319331040625 0.5847228109375 0.32518303125000003 0.6016595234375
9 0.47886831250000006 0.3184303125 0.46082195312499996 0.319922628125 0.48630082343750003 0.3436462890625 0.5126199359375 0.3809165921875 0.5218531765625001 0.3835570953125 0.5244941437499999 0.37452826875 0.518642153125 0.35759155468750004 0.5016062609375 0.33236876875 0.47886831250000006 0.3184303125
9 0.4757369546875 0.37976159531250003 0.450628225 0.35340424531250003 0.46766411718749995 0.3786270328125 0.4892416640625 0.39105955 0.49462355625 0.391815925 0.4757369546875 0.37976159531250003
9 0.549652853125 0.410292634375 0.55276391875 0.41744414531249996 0.5731810625 0.428370721875 0.6272498718749999 0.4829695515625 0.6303109578125 0.4807140484375 0.6255693921875001 0.455876259375 0.605842553125 0.43027528437499996 0.57577205 0.40993488125 0.55308408125 0.4054034390625 0.549652853125 0.410292634375
9 0.42189774843750005 0.44068063437499994 0.42199770625 0.459494665625 0.438293315625 0.48998483437499996 0.4779672 0.5103320499999999 0.48720043906250005 0.512972553125 0.500605190625 0.5054564765625 0.5043066015625 0.4791195609375 0.5351876578125 0.4351168 0.5339772765624999 0.4242038453125 0.518892046875 0.40462662812500005 0.5061776 0.3974683078125 0.49810476093749995 0.39633374374999997 0.449497509375 0.4297881140625 0.4356726390625 0.4305308671875 0.42189774843750005 0.44068063437499994
9 0.5626171921875 0.46448603125 0.5452111578125 0.441896934375 0.5645678562499999 0.4701316015625 0.5861454015625001 0.48256411874999994 0.5942182390624999 0.4836986828125 0.5626171921875 0.46448603125
9 0.3695890828125 0.5004719234375 0.3655175296875 0.52944253125 0.3841339453125 0.56294458125 0.40571149218749997 0.5753770984375 0.43916324375000004 0.5814212921874999 0.47789693125 0.5694078296875 0.44730635 0.5234800734375 0.424568403125 0.5095416171875 0.4060019671875 0.48544658125 0.38020293125000004 0.4737636296875 0.3695890828125 0.5004719234375
4 0.55276391875 0.41744414531249996 0.5731810625 0.428370721875 0.6284102734375 0.48447549062500006 0.6255693921875001 0.455876259375 0.605842553125 0.43027528437499996 0.57577205 0.40993488125 0.55308408125 0.4054034390625 0.549652853125 0.410292634375 0.55276391875 0.41744414531249996
3 0.5513833109374999 0.4467929421875 0.5494826265625 0.45055438593749997 0.5576054421875 0.46109596406250003 0.5595061265625 0.45733451875000003 0.5513833109374999 0.4467929421875
3 0.56108665 0.46561378124999997 0.5719004109375 0.4765335484375 0.587305803125 0.48407005937500003 0.5942182390624999 0.4836986828125 0.5653081390625 0.46486421875 0.56108665 0.46561378124999997
6 0.42199770625 0.459494665625 0.438293315625 0.48998483437499996 0.47912760312499997 0.5118379890625 0.48720043906250005 0.512972553125 0.500605190625 0.5054564765625 0.5043066015625 0.4791195609375 0.5351876578125 0.4351168 0.5339772765624999 0.4242038453125 0.518892046875 0.40462662812500005 0.5061776 0.3974683078125 0.49810476093749995 0.39633374374999997 0.449497509375 0.4297881140625 0.4356726390625 0.4305308671875 0.42189774843750005 0.44068063437499994 0.42199770625 0.459494665625
8 0.46082195312499996 0.319922628125 0.48630082343750003 0.3436462890625 0.5137803390625 0.3824225328125 0.5218531765625001 0.3835570953125 0.5244941437499999 0.37452826875 0.518642153125 0.35759155468750004 0.5016062609375 0.33236876875 0.47886831250000006 0.3184303125 0.46082195312499996 0.319922628125
5 0.3655175296875 0.52944253125 0.3841339453125 0.56294458125 0.40687189375 0.5768830390625 0.43916324375000004 0.5814212921874999 0.47789693125 0.5694078296875 0.433311253125 0.564484578125 0.39748871874999997 0.546021490625 0.387045096875 0.5324680328125 0.38119310781250004 0.5155313203125 0.38289387812500003 0.4741418171875 0.3695890828125 0.5004719234375 0.3655175296875 0.52944253125
2 0.387045096875 0.5324680328125 0.39748871874999997 0.546021490625 0.433311253125 0.564484578125 0.46560260312499996 0.5690228312500001 0.4755761265625 0.56639595 0.41575528281249996 0.5136744375 0.38521468125 0.47715369687500003 0.379612584375 0.50725205625 0.387045096875 0.5324680328125
10 0.386375084375 0.4786596375 0.41575528281249996 0.5136744375 0.46439222343750003 0.5581098765625 0.468983853125 0.554726621875 0.44730635 0.5234800734375 0.424568403125 0.5095416171875 0.4060019671875 0.48544658125 0.386375084375 0.4786596375
7 0.455269834375 0.359428003125 0.46766411718749995 0.3786270328125 0.47768761875 0.3854071671875 0.48460005468749995 0.38503579062500004 0.455269834375 0.359428003125