0 0.447447884375 0 0 0.095107984375 0 0.552552115625 0.095107984375 1 0.552552115625 1 1 0.904892015625 1 0.447447884375 0.904892015625 0 0.447447884375 0
0 0.3448094765625 0.6818440484375 0.37244801875 0.6970340046875 0.40220881875 0.7019426625 0.4291678515625 0.7004252859375 0.48303175468750004 0.690380475 0.519784675 0.6741425171875 0.636927234375 0.590261909375 0.6907369734375 0.5732070390625 0.7323055953125001 0.539093703125 0.74868290625 0.521569459375 0.760082028125 0.50089041875 0.767645334375 0.4824310203125 0.767537009375 0.4684109046875 0.7580434984375 0.45076841874999996 0.7864748421875001 0.3548490515625 0.7974948296875 0.285099609375 0.8099821625000001 0.26278495 0.8076974187499999 0.252036075 0.73857398125 0.21055615468750002 0.70905939375 0.16627436874999998 0.67421208125 0.1441908 0.61422761875 0.145706378125 0.5669471390624999 0.152947528125 0.52505354375 0.1450005171875 0.47834424999999997 0.15492888437500002 0.45040533125 0.172101996875 0.4405572796875 0.17981252187500002 0.41552845468750005 0.217431784375 0.4010813515625 0.27105791562500003 0.37325075625 0.3022511421875 0.3777119203125 0.309728778125 0.3450656265625 0.35879738125 0.3250149875 0.399571440625 0.31160193125 0.44455189375000004 0.31078453281249996 0.48123780156249996 0.3160335296875 0.519442884375 0.313965434375 0.5367342390625 0.323567271875 0.5683968421875 0.32353770625 0.6358102 0.33313954375 0.6674728015625 0.3448094765625 0.6818440484375
1 0.6793969828125 0.45905936562500005 0.675723653125 0.4823091796875 0.67909660625 0.491422434375 0.690087028125 0.4890863484375 0.7202023671875 0.468641996875 0.74928365625 0.4568433203125 0.7623963359375 0.4442259375 0.7864748421875001 0.3548490515625 0.7976031546875 0.299119725 0.795889596875 0.29105806875 0.8099821625000001 0.26278495 0.8076974187499999 0.252036075 0.73857398125 0.21055615468750002 0.70905939375 0.16627436874999998 0.67421208125 0.1441908 0.61422761875 0.145706378125 0.5669471390624999 0.152947528125 0.52505354375 0.1450005171875 0.47834424999999997 0.15492888437500002 0.45040533125 0.172101996875 0.4405572796875 0.17981252187500002 0.41552845468750005 0.217431784375 0.4010813515625 0.27105791562500003 0.37869180625 0.2940730421875 0.3738219421875 0.3049383609375 0.3788001296875 0.3080931578125 0.38372415625 0.3042378953125 0.42243684843749996 0.25668846562500003 0.44648578906249997 0.2347249390625 0.46182904999999996 0.2258463703125 0.48930510624999995 0.2200061546875 0.5047566921875 0.225147703125 0.545778725 0.2627705640625 0.5999676 0.294786096875 0.6468935453125 0.3128979578125 0.6723556671875001 0.3313591546875 0.683099875 0.3683961953125 0.6724344265625 0.4127926265625 0.6793969828125 0.45905936562500005
9 0.3448094765625 0.6818440484375 0.37244801875 0.6970340046875 0.430827246875 0.7014768859375 0.48303175468750004 0.690380475 0.519784675 0.6741425171875 0.636927234375 0.590261909375 0.6907369734375 0.5732070390625 0.71318068125 0.55720196875 0.74868290625 0.521569459375 0.767645334375 0.4824310203125 0.7669658234375001 0.46572368593749996 0.7569552875000001 0.4524040375 0.7202023671875 0.468641996875 0.690087028125 0.4890863484375 0.6774372109375 0.4903708375 0.6793969828125 0.45905936562500005 0.6724344265625 0.4127926265625 0.683099875 0.3683961953125 0.6723556671875001 0.3313591546875 0.6468935453125 0.3128979578125 0.5806260375 0.2848541328125 0.5319323734375 0.25167055625 0.5163724640625 0.23250889375 0.48930510624999995 0.2200061546875 0.46182904999999996 0.2258463703125 0.4366377375 0.24243546093749999 0.3673468453125 0.321762140625 0.3250149875 0.399571440625 0.31160193125 0.44455189375000004 0.313965434375 0.5367342390625 0.323567271875 0.5683968421875 0.32353770625 0.6358102 0.33313954375 0.6674728015625 0.3448094765625 0.6818440484375
9 0.394005503125 0.35260783125 0.3770028453125 0.3604348 0.41013659843749994 0.3744567125 0.44887388906250003 0.401330696875 0.4587761 0.40063023124999997 0.458150753125 0.3909329546875 0.4464808203125 0.376561709375 0.42101869687500004 0.35810051249999997 0.394005503125 0.35260783125
9 0.4126379921875 0.41324581718750003 0.3789330515625 0.3965366859375 0.404395175 0.41499788281249994 0.42974897343749996 0.41943896406250003 0.435244184375 0.4182709203125 0.4126379921875 0.41324581718750003
9 0.49522864687499996 0.4167553421875 0.5007780203125 0.4225973578125 0.524472421875 0.425986840625 0.5962893046875 0.45987268124999997 0.598465721875 0.45660144062499997 0.5850822328125 0.4341685375 0.5568725046874999 0.41629136093749997 0.5204741203125 0.40717630937499993 0.4968338796875 0.410796884375 0.49522864687499996 0.4167553421875
9 0.381867740625 0.4914062515625 0.3886136484375 0.509632759375 0.41521814218750003 0.5334683953125 0.460947553125 0.5391957609375 0.47084976406249995 0.5384952953125001 0.48121483906250007 0.5264619328125 0.4755029796875 0.4995897453125 0.4899500828125 0.44596361562500003 0.484917734375 0.4357987625 0.4633455875 0.42212798124999995 0.4484651890625 0.419673653125 0.440222371875 0.42142571718750005 0.404828471875 0.4710783421875 0.3916616296875 0.47668566874999996 0.381867740625 0.4914062515625
9 0.526973815625 0.46477594531250005 0.502082878125 0.44900196562500005 0.53086379375 0.469566359375 0.556217590625 0.47400744218749996 0.5644604078125 0.47225537656250005 0.526973815625 0.46477594531250005
9 0.3521857 0.5679310640625 0.3584687453125 0.59749046875 0.38839203125 0.6234293 0.41374583125 0.6278703828125 0.44837649375 0.6219137203125 0.4817564609375 0.5965625078125 0.43581040312499997 0.5627949109375 0.40879720781250006 0.5573022296875 0.382246875 0.5404766546875 0.3530572609375 0.5382552125 0.3521857 0.5679310640625
4 0.5007780203125 0.4225973578125 0.524472421875 0.425986840625 0.5979487 0.4609242796875 0.5850822328125 0.4341685375 0.5568725046874999 0.41629136093749997 0.5204741203125 0.40717630937499993 0.4968338796875 0.410796884375 0.49522864687499996 0.4167553421875 0.5007780203125 0.4225973578125
3 0.509808671875 0.45157274062499997 0.5092916468750001 0.4558955796875 0.5209074171875 0.46325676875 0.5214244406249999 0.4589339296875 0.509808671875 0.45157274062499997
3 0.5258856046875 0.4664115640625 0.54024898125 0.47318873281249996 0.5578769875 0.475059040625 0.5644604078125 0.47225537656250005 0.5297214218749999 0.4641919234375 0.5258856046875 0.4664115640625
6 0.3886136484375 0.509632759375 0.41521814218750003 0.5334683953125 0.4626069484375 0.5402473609375 0.47084976406249995 0.5384952953125001 0.48121483906250007 0.5264619328125 0.4755029796875 0.4995897453125 0.4899500828125 0.44596361562500003 0.484917734375 0.4357987625 0.4633455875 0.42212798124999995 0.4484651890625 0.419673653125 0.440222371875 0.42142571718750005 0.404828471875 0.4710783421875 0.3916616296875 0.47668566874999996 0.381867740625 0.4914062515625 0.3886136484375 0.509632759375
8 0.3770028453125 0.3604348 0.41013659843749994 0.3744567125 0.45053328437499995 0.40238229687500005 0.4587761 0.40063023124999997 0.458150753125 0.3909329546875 0.4464808203125 0.376561709375 0.42101869687500004 0.35810051249999997 0.394005503125 0.35260783125 0.3770028453125 0.3604348
5 0.3584687453125 0.59749046875 0.38839203125 0.6234293 0.41540522500000004 0.6289219796875 0.44837649375 0.6219137203125 0.4817564609375 0.5965625078125 0.43670656093750004 0.6075424734375 0.3953841515625 0.6022826828125 0.380449590625 0.5928182953125 0.3687796578125 0.5784470500000001 0.3558048671875 0.537671190625 0.3521857 0.5679310640625 0.3584687453125 0.59749046875
2 0.380449590625 0.5928182953125 0.3953841515625 0.6022826828125 0.43670656093750004 0.6075424734375 0.46967782812500003 0.600534215625 0.47843766875 0.5944593109375 0.4016967625 0.56442873125 0.359123659375 0.5397743890625 0.3643184953125 0.5709694140625 0.380449590625 0.5928182953125
10 0.360783053125 0.5408259875 0.4016967625 0.56442873125 0.46464547968750003 0.5903693609375 0.467910109375 0.5854625015625 0.43581040312499997 0.5627949109375 0.40879720781250006 0.5573022296875 0.382246875 0.5404766546875 0.360783053125 0.5408259875
7 0.3855706359375 0.40074308125 0.404395175 0.41499788281249994 0.41652796875 0.418036234375 0.4231113890625 0.41523257031250005 0.3855706359375 0.40074308125