0 0.49127245156250005 0 0 0.0171556125 0 0.5087275484375 0.0171556125 1 0.5087275484375 1 1 0.9828443874999999 1 0.49127245156250005 0.9828443874999999 0 0.49127245156250005 0
0 0.417858984375 0.5685334281250001 0.47151471093749997 0.622944015625 0.5016251578124999 0.6453443234375 0.5416378875000001 0.6548912140625001 0.5847696078125 0.6549484734375 0.6016733000000001 0.64497746875 0.6733121984375 0.572120425 0.7061380374999999 0.52407055 0.727643803125 0.44827383593750003 0.7297812453125 0.41067633593749997 0.7446127828125 0.3413665015625 0.757415934375 0.3127772625 0.7567177953125 0.1939792578125 0.745288659375 0.163109325 0.708972871875 0.1112201171875 0.6751981265625 0.0826939625 0.6124035453125 0.06299846406250001 0.5533823234375 0.0525519109375 0.4431047140625 0.056402889062499996 0.41241631874999995 0.06685526562500001 0.3888383984375 0.08331315 0.37048427031250003 0.1011520671875 0.3508978265625 0.13310508906250001 0.3296101828125 0.2151479953125 0.3331001328125 0.31508707812500003 0.3095222109375 0.33154496093749997 0.3030661046875 0.3442780328125 0.304374834375 0.3817551875 0.327014984375 0.43724886406249996 0.34145405 0.45550606875 0.37334211562499997 0.47940775156250004 0.38143413593750003 0.513521125 0.417858984375 0.5685334281250001
1 0.3331001328125 0.31508707812500003 0.354322490625 0.3299805 0.388969721875 0.3834914265625 0.403986734375 0.36889595000000003 0.413125590625 0.3341808609375 0.4398225046875 0.3082333453125 0.461219209375 0.22931353593749998 0.4794642765625 0.208351521875 0.49647703125 0.2015036140625 0.5108070375 0.2166377234375 0.6036356484375001 0.2071422671875 0.6454259953125 0.21819053593749999 0.70745715 0.21602435937500003 0.7372404125 0.2290553765625 0.74812424375 0.2443098296875 0.7543295859375 0.2737987296875 0.7567177953125 0.1939792578125 0.745288659375 0.163109325 0.708972871875 0.1112201171875 0.6751981265625 0.0826939625 0.6611953046875 0.0769291421875 0.5533823234375 0.0525519109375 0.4431047140625 0.056402889062499996 0.4191996109375 0.06349148437499999 0.3888383984375 0.08331315 0.37048427031250003 0.1011520671875 0.3508978265625 0.13310508906250001 0.33240199375 0.1962890734375 0.3275818015625 0.255868590625 0.3331001328125 0.31508707812500003
1 0.757415934375 0.3127772625 0.7552020734375 0.2987835 0.7494003328125001 0.33025515 0.757415934375 0.3127772625
9 0.4804028015625 0.6304509 0.5016251578124999 0.6453443234375 0.5434155046875 0.656392590625 0.5847696078125 0.6549484734375 0.6016733000000001 0.64497746875 0.6733121984375 0.572120425 0.702909984375 0.530437084375 0.7124850828125 0.50821438125 0.727643803125 0.44827383593750003 0.7297812453125 0.41067633593749997 0.7391382234375 0.382207440625 0.7474045921875 0.32250758125 0.7568706296875 0.29716178125 0.756107203125 0.27530010625 0.744459946875 0.2381839796875 0.7354627953125 0.22755399999999998 0.70745715 0.21602435937500003 0.6454259953125 0.21819053593749999 0.6036356484375001 0.2071422671875 0.5108070375 0.2166377234375 0.49647703125 0.2015036140625 0.4794642765625 0.208351521875 0.461219209375 0.22931353593749998 0.4398225046875 0.3082333453125 0.413125590625 0.3341808609375 0.403986734375 0.36889595000000003 0.388969721875 0.3834914265625 0.354322490625 0.3299805 0.3348777515625 0.3165884546875 0.31786499687499997 0.32343636249999996 0.3030661046875 0.3442780328125 0.304374834375 0.3817551875 0.3160220921875 0.418871315625 0.34145405 0.45550606875 0.37334211562499997 0.47940775156250004 0.38143413593750003 0.513521125 0.40341991874999994 0.5502762234375 0.4804028015625 0.6304509
9 0.4882544390625 0.3612629 0.45945272187499997 0.3763397484375 0.53381814375 0.3815601140625 0.5809413453125 0.3971125109375 0.5896113125 0.3983732015625 0.5979540984375 0.390264603125 0.5715079484375 0.373990146875 0.540056128125 0.36258085 0.4882544390625 0.3612629
9 0.671883275 0.3829925828125 0.63774870625 0.39356530156249997 0.632743034375 0.3984304609375 0.63640733125 0.4045563109375 0.725898828125 0.39830429375 0.7064540890625 0.3849122484375 0.671883275 0.3829925828125
9 0.5346906296875 0.40654488437499997 0.48466655937500003 0.40672831093750006 0.49700082500000003 0.4141148515625 0.51956455625 0.41801726562499997 0.5454654 0.418676240625 0.557363421875 0.41357039531249995 0.5346906296875 0.40654488437499997
9 0.5695559828125 0.46630200312500003 0.55330665625 0.4950115859375 0.5658590421875 0.5086443187499999 0.6024255968750001 0.518311553125 0.6351097328125 0.5156067453125 0.643125334375 0.49812885781249994 0.642689090625 0.4856364734375 0.6354695578125 0.47650787031249997 0.6300602843750001 0.4204124796875 0.614170784375 0.4100231859375 0.5969399078125 0.4106249015625 0.5817047718749999 0.4189741859375 0.5695559828125 0.46630200312500003
9 0.6697458328125 0.42059008125 0.6456226046875 0.4214324828125 0.6371707578125 0.4264179859375 0.6547288171875 0.435185559375 0.6840758375 0.43572419062499995 0.695973859375 0.4306183453125 0.6697458328125 0.42059008125
9 0.5707230109375 0.549124228125 0.5103604125000001 0.549668684375 0.54068898125 0.5783151828124999 0.570363184375 0.588223103125 0.5997102046875 0.5887617359374999 0.6280756765625 0.5611925 0.5984014734375 0.5512845796875 0.581279659375 0.555009390625 0.5707230109375 0.549124228125
4 0.63774870625 0.39356530156249997 0.632743034375 0.3984304609375 0.6381849500000001 0.4060576875 0.725898828125 0.39830429375 0.7064540890625 0.3849122484375 0.671883275 0.3829925828125 0.63774870625 0.39356530156249997
3 0.6456226046875 0.4214324828125 0.6371707578125 0.4264179859375 0.656506434375 0.4366869359375 0.6840758375 0.43572419062499995 0.695973859375 0.4306183453125 0.6697458328125 0.42059008125 0.6456226046875 0.4214324828125
6 0.55330665625 0.4950115859375 0.5658590421875 0.5086443187499999 0.604203215625 0.5198129296875 0.6351097328125 0.5156067453125 0.643125334375 0.49812885781249994 0.642689090625 0.4856364734375 0.6354695578125 0.47650787031249997 0.6300602843750001 0.4204124796875 0.614170784375 0.4100231859375 0.5969399078125 0.4106249015625 0.5817047718749999 0.4189741859375 0.5695559828125 0.46630200312500003 0.55330665625 0.4950115859375
5 0.5103604125000001 0.549668684375 0.54068898125 0.5783151828124999 0.572140803125 0.5897244796875001 0.5997102046875 0.5887617359374999 0.6280756765625 0.5611925 0.5608207281250001 0.5619776421875 0.5103604125000001 0.549668684375
10 0.5172527625 0.549427996875 0.546926965625 0.55933591875 0.585053015625 0.5642583375 0.6211833265625 0.5614331859374999 0.5984014734375 0.5512845796875 0.581279659375 0.555009390625 0.5707230109375 0.549124228125 0.5172527625 0.549427996875
8 0.45945272187499997 0.3763397484375 0.53381814375 0.3815601140625 0.5827189625 0.3986138875 0.596394603125 0.39500941875 0.5979540984375 0.390264603125 0.5715079484375 0.373990146875 0.540056128125 0.36258085 0.4882544390625 0.3612629 0.45945272187499997 0.3763397484375
7 0.5346906296875 0.40654488437499997 0.48466655937500003 0.40672831093750006 0.5213421734375 0.4195186421875 0.557363421875 0.41357039531249995 0.5346906296875 0.40654488437499997