0 0.44303219687500006 0 0 0.1022820421875 0 0.5569678031249999 0.1022820421875 1 0.5569678031249999 1 1 0.8977179578125 1 0.44303219687500006 0.8977179578125 0 0.44303219687500006 0
0 0.63964086875 0.37646437499999996 0.6313604609375 0.34059799062499996 0.6220167453125 0.3301624703125 0.5955240390625 0.3205379328125 0.573442953125 0.22489424531250002 0.5324595375000001 0.1525035375 0.505808453125 0.127174703125 0.4839084171875 0.114915778125 0.4574157125 0.10529124062499999 0.42571949531250003 0.1031643734375 0.320382190625 0.12748340625000001 0.2671818828125 0.1523583546875 0.2127598875 0.186959865625 0.18804319687499998 0.22257380000000002 0.16685586562500002 0.28098420625 0.16388083281250002 0.31315276718749996 0.1933939109375 0.42596967656249995 0.2127713796875 0.44982958437500004 0.2444110796875 0.5117847703125 0.2559832765625 0.5468911828125 0.2955866265625 0.6133041609375 0.33885504375000003 0.650537440625 0.42515430624999995 0.701447559375 0.4436833625 0.7066143046875 0.48448572968750003 0.6956202499999999 0.5199262046875 0.6764195703125 0.5427311718750001 0.6475433374999999 0.5796874234375 0.5823442156249999 0.6001847203125 0.5209449453125 0.5991779296875 0.48654748750000004 0.623283775 0.4557968375 0.6323107343750001 0.43482376718750004 0.63964086875 0.37646437499999996
1 0.4839084171875 0.114915778125 0.45014209843749997 0.103822315625 0.42571949531250003 0.1031643734375 0.320382190625 0.12748340625000001 0.22454698281250002 0.17794225624999999 0.2127598875 0.186959865625 0.18804319687499998 0.22257380000000002 0.16685586562500002 0.28098420625 0.16388083281250002 0.31315276718749996 0.186414384375 0.388228875 0.184796746875 0.3586947 0.19122195 0.3414704671875 0.21609701874999998 0.3215608296875 0.275349253125 0.3078813734375 0.31209060625 0.286806275 0.402349025 0.2722648203125 0.41206601875000004 0.25428061562500004 0.4299050390625 0.2564584984375 0.45249510937500004 0.2717062875 0.4927884921875 0.34110813125 0.5246430906249999 0.35893929375 0.542108834375 0.3895369015625 0.5600270453125 0.39956693125 0.5792234640625 0.340042078125 0.5955240390625 0.3205379328125 0.5857051859375 0.262989521875 0.566010959375 0.20772102343749999 0.5324595375000001 0.1525035375 0.505808453125 0.127174703125 0.4839084171875 0.114915778125
1 0.19193465468749998 0.41213979843750004 0.1933939109375 0.42596967656249995 0.205418575 0.44050851093750004 0.19193465468749998 0.41213979843750004
9 0.638045903125 0.41461066718749995 0.63964086875 0.37646437499999996 0.6313604609375 0.34059799062499996 0.6120621828125 0.32459023125 0.5942231609374999 0.32241235 0.5792234640625 0.340042078125 0.5600270453125 0.39956693125 0.542108834375 0.3895369015625 0.5246430906249999 0.35893929375 0.4927884921875 0.34110813125 0.45249510937500004 0.2717062875 0.4299050390625 0.2564584984375 0.41206601875000004 0.25428061562500004 0.402349025 0.2722648203125 0.31209060625 0.286806275 0.275349253125 0.3078813734375 0.21609701874999998 0.3215608296875 0.192522828125 0.3395960484375 0.18670847031249999 0.3519570015625 0.1851135046875 0.3901032921875 0.18994374218750001 0.41102534999999996 0.20533938593749998 0.43265636250000006 0.22832540156249997 0.48716489375 0.2444110796875 0.5117847703125 0.2559832765625 0.5468911828125 0.285552875 0.5998797734375 0.30025848437499997 0.6185219203125001 0.33885504375000003 0.650537440625 0.42515430624999995 0.701447559375 0.4436833625 0.7066143046875 0.4831848515625 0.6974946671875 0.5199262046875 0.6764195703125 0.5362267796875 0.656915425 0.5887143828125 0.561371146875 0.6001847203125 0.5209449453125 0.5991779296875 0.48654748750000004 0.623283775 0.4557968375 0.638045903125 0.41461066718749995
9 0.3818178796875 0.461172878125 0.42246186718749995 0.43447452656249996 0.491510284375 0.41066301406249994 0.460424909375 0.4036728640625 0.4117380828125 0.418061275 0.38487210156249996 0.436856465625 0.3639788578125 0.458994996875 0.37393341874999997 0.464567234375 0.3818178796875 0.461172878125
9 0.3271583140625 0.472217946875 0.29217030624999996 0.47085104843750003 0.25994243125 0.4814396125 0.244942734375 0.499069340625 0.331219328125 0.48229899062500003 0.33313105 0.47556128906249995 0.3271583140625 0.472217946875
9 0.4753680875 0.44587145625 0.4279821390625 0.45838545 0.408310584375 0.470797415625 0.420866903125 0.47262081875 0.44521031562499996 0.46542661250000006 0.46557190468750004 0.4560035125 0.4753680875 0.44587145625
9 0.3503818984375 0.5502829218749999 0.34586841874999996 0.5607694546875 0.3486285546875 0.5727249171875 0.36065321875 0.5872637515625 0.392270246875 0.5815384703124999 0.4244189328125 0.5630977609375 0.432835046875 0.5469879734374999 0.4101657890625 0.523888034375 0.386648115625 0.48209493437499995 0.3701099734375 0.4780426359375 0.35365101875 0.481842484375 0.3412530796875 0.495723378125 0.3503818984375 0.5502829218749999
9 0.3267850390625 0.5006376734375 0.303742503125 0.5059574625 0.2814691921875 0.5221182625 0.294025509375 0.5239416671875 0.32166071406249996 0.5159874921875 0.336049565625 0.503221046875 0.3267850390625 0.5006376734375
9 0.44036890156249997 0.6396938078125001 0.4659340046875 0.6227730375 0.48735890312499996 0.5879190750000001 0.4300975828125 0.602712978125 0.42160227656249993 0.6109706171875 0.4044532890625 0.6117816015625 0.3788881875 0.6287023734375 0.4127336953125 0.6476479828125 0.44036890156249997 0.6396938078125001
4 0.33313105 0.47556128906249995 0.3271583140625 0.472217946875 0.29217030624999996 0.47085104843750003 0.25994243125 0.4814396125 0.244942734375 0.499069340625 0.32991845 0.48417340781249996 0.33313105 0.47556128906249995
3 0.336049565625 0.503221046875 0.3267850390625 0.5006376734375 0.303742503125 0.5059574625 0.2814691921875 0.5221182625 0.294025509375 0.5239416671875 0.320359834375 0.517861909375 0.336049565625 0.503221046875
6 0.3412530796875 0.495723378125 0.3503818984375 0.5502829218749999 0.34586841874999996 0.5607694546875 0.3486285546875 0.5727249171875 0.36065321875 0.5872637515625 0.39096936875 0.5834128875 0.4244189328125 0.5630977609375 0.432835046875 0.5469879734374999 0.4101657890625 0.523888034375 0.386648115625 0.48209493437499995 0.3701099734375 0.4780426359375 0.35365101875 0.481842484375 0.3412530796875 0.495723378125
5 0.4659340046875 0.6227730375 0.48735890312499996 0.5879190750000001 0.4427330890625 0.6123885296875 0.3788881875 0.6287023734375 0.4127336953125 0.6476479828125 0.4390680234375 0.641568225 0.4659340046875 0.6227730375
10 0.42038058906250003 0.6206971828125 0.4552102203125 0.6063597859375001 0.48077532187500005 0.5894390140625 0.4300975828125 0.602712978125 0.42160227656249993 0.6109706171875 0.4044532890625 0.6117816015625 0.38547176875 0.6271824328125 0.42038058906250003 0.6206971828125
8 0.366659803125 0.463098309375 0.380517 0.46304729531250005 0.42246186718749995 0.43447452656249996 0.491510284375 0.41066301406249994 0.460424909375 0.4036728640625 0.4117380828125 0.418061275 0.38487210156249996 0.436856465625 0.3639788578125 0.458994996875 0.366659803125 0.463098309375
7 0.408310584375 0.470797415625 0.4439094375 0.46730103125 0.4753680875 0.44587145625 0.4279821390625 0.45838545 0.408310584375 0.470797415625