0 0.1022820421875 0 0 0.44303219687500006 0 0.8977179578125 0.44303219687500006 1 0.8977179578125 1 1 0.5569678031249999 1 0.1022820421875 0.5569678031249999 0 0.1022820421875 0
0 0.1108499828125 0.697174890625 0.0955990640625 0.7632338765625 0.12384680781249999 0.839335321875 0.1461332765625 0.8618755437500001 0.21042808906250002 0.8810679171875 0.23694333437499998 0.8654457125 0.2560069828125 0.7828719796875 0.25427448125 0.6911483281249999 0.2803736796875 0.697173803125 0.3230402515625 0.7505116187499999 0.3956187515625 0.7933601640625 0.5193213734375 0.8132216718749999 0.6419497234375 0.7980451953125 0.6703713328124999 0.7741656171875 0.7142177249999999 0.584246028125 0.70146308125 0.520418940625 0.718620365625 0.446102578125 0.70967845 0.36576074375 0.6765437015625 0.27113605937499996 0.689056165625 0.2566298046875 0.647221684375 0.1599966296875 0.5731528671875 0.103757778125 0.494855271875 0.0856813546875 0.4388441453125 0.090145153125 0.394513390625 0.123398053125 0.260862896875 0.1664710921875 0.18090111874999998 0.234985384375 0.11941307968749999 0.3425546453125 0.0462446703125 0.42133480468749995 0.0329001171875 0.47913641875 0.06686695468750001 0.53046574375 0.0855828765625 0.64785405625 0.1108499828125 0.697174890625
9 0.2803736796875 0.697173803125 0.3230402515625 0.7505116187499999 0.38691901875 0.7913516734375 0.5193213734375 0.8132216718749999 0.6419497234375 0.7980451953125 0.6703713328124999 0.7741656171875 0.7142177249999999 0.584246028125 0.70146308125 0.520418940625 0.718620365625 0.446102578125 0.70967845 0.36576074375 0.67314701875 0.26600312656249997 0.6005685187500001 0.22315458281249997 0.539670390625 0.20909514218749997 0.4836592640625 0.21355894062499997 0.34345758437499996 0.32469945624999996 0.312955746875 0.45681743125 0.3335780328125 0.5659483703125 0.2983630546875 0.579562084375 0.2730959484375 0.53024125 0.214104184375 0.5079244359375 0.1788892078125 0.5215381484375 0.1644703796875 0.5443017765625 0.166618928125 0.6143777484374999 0.19718908125 0.660574140625 0.22817528281250002 0.685122853125 0.2803736796875 0.697173803125
9 0.702052990625 0.3987902359375 0.665763740625 0.377365965625 0.6286424 0.3992370515625 0.635435765625 0.4095029171875 0.694843578125 0.4101720515625 0.702052990625 0.3987902359375
9 0.55076085 0.35951294843750004 0.48604999062500004 0.36196825312500003 0.458044428125 0.364200153125 0.4296228203125 0.38807973125 0.4765181671875 0.4032551203125 0.5518351234375001 0.3945509328125 0.5783503671875 0.378928728125 0.55076085 0.35951294843750004
9 0.6157138921875001 0.43539098593750003 0.57859255 0.45726207187499995 0.584553825 0.5108232953125 0.571209271875 0.5686249109375 0.6355040843750001 0.5878172828125 0.67941879375 0.5762120625 0.6976503515625 0.5369336859375 0.65689014375 0.47533849687499996 0.6868020718750001 0.46484922500000003 0.6891244828125 0.43494417187499995 0.6157138921875001 0.43539098593750003
9 0.524903834375 0.4318208171875 0.49010490312500005 0.4237868515625 0.45298356249999994 0.44565793749999993 0.4684766609375 0.45793229531249996 0.49797254375 0.4690907015625 0.5350938859375 0.4472196140625 0.524903834375 0.4318208171875
9 0.67096124375 0.652536915625 0.6539778234375 0.626872253125 0.6278786249999999 0.620846778125 0.5415395265625 0.6574475265624999 0.579735140625 0.670614425 0.67096124375 0.652536915625
6 0.6157138921875001 0.43539098593750003 0.57859255 0.45726207187499995 0.5746059546875 0.5737578421875 0.6355040843750001 0.5878172828125 0.69193125625 0.5617058078125 0.6976503515625 0.5369336859375 0.661777146875 0.4938617359375 0.6418130890625 0.44141645937499996 0.6157138921875001 0.43539098593750003
5 0.67096124375 0.652536915625 0.576754503125 0.6438338140625001 0.544936209375 0.6625804578125 0.579735140625 0.670614425 0.67096124375 0.652536915625
10 0.664167875 0.64227105 0.6278786249999999 0.620846778125 0.585454234375 0.6458423046874999 0.648258728125 0.651644371875 0.664167875 0.64227105
4 0.665763740625 0.377365965625 0.6286424 0.3992370515625 0.63883245 0.4146358484375 0.6600446468750001 0.40213808437500004 0.694843578125 0.4101720515625 0.702052990625 0.3987902359375 0.665763740625 0.377365965625
3 0.6891244828125 0.43494417187499995 0.6471161375000001 0.4382920203125 0.653493459375 0.47020556406249997 0.6868020718750001 0.46484922500000003 0.6891244828125 0.43494417187499995
1 0.0955990640625 0.7632338765625 0.12384680781249999 0.839335321875 0.149529959375 0.8670084765625001 0.21042808906250002 0.8810679171875 0.23694333437499998 0.8654457125 0.2560069828125 0.7828719796875 0.24897143124999999 0.6942727703125 0.19718908125 0.660574140625 0.166618928125 0.6143777484374999 0.1644703796875 0.5443017765625 0.1788892078125 0.5215381484375 0.214104184375 0.5079244359375 0.2730959484375 0.53024125 0.2983630546875 0.579562084375 0.3335780328125 0.5659483703125 0.312955746875 0.45681743125 0.32903875625 0.347463084375 0.355970046875 0.3101932015625 0.43593182500000005 0.24167890781249998 0.50296509375 0.20931855000000002 0.6005685187500001 0.22315458281249997 0.655747553125 0.26198614375 0.6871498 0.264887178125 0.643825 0.15486369687499998 0.5731528671875 0.103757778125 0.494855271875 0.0856813546875 0.4388441453125 0.090145153125 0.394513390625 0.123398053125 0.260862896875 0.1664710921875 0.18090111874999998 0.234985384375 0.11941307968749999 0.3425546453125 0.0462446703125 0.42133480468749995 0.0329001171875 0.47913641875 0.06686695468750001 0.53046574375 0.07580886875000001 0.6108075796875 0.1108499828125 0.697174890625 0.0955990640625 0.7632338765625
8 0.55076085 0.35951294843750004 0.458044428125 0.364200153125 0.43301950468749995 0.3932126625 0.53252929375 0.3987913234375 0.5783503671875 0.378928728125 0.55076085 0.35951294843750004
7 0.49010490312500005 0.4237868515625 0.45298356249999994 0.44565793749999993 0.4718733453125 0.4630652265625 0.517278375 0.46485031093750007 0.5350938859375 0.4472196140625 0.524903834375 0.4318208171875 0.49010490312500005 0.4237868515625