0 0.4650365953125 0 0 0.06535663124999999 0 0.5349634046875 0.06535663124999999 1 0.5349634046875 1 1 0.93464336875 1 0.4650365953125 0.93464336875 0 0.4650365953125 0
0 0.8659309703125 0.3584085796875 0.8111657250000001 0.2398768875 0.7333444953125 0.16065077187500001 0.5966632046875 0.1032213734375 0.5530815125 0.06426479375000001 0.49454336874999993 0.054459157812500006 0.4104640046875 0.0662757421875 0.32730534218749996 0.118536359375 0.27433645 0.21614382656250003 0.2861638359375 0.23251423125 0.24253709687499997 0.328808746875 0.22569419375000002 0.41232272031250006 0.2368777453125 0.4918978328125 0.2175496109375 0.5577284484375 0.24612980156250003 0.7610870703125 0.2738343390625 0.7887505625 0.40149539375 0.8158905593749999 0.533528134375 0.8063508859375 0.6138796484375 0.7680092640625 0.663719471875 0.7159231453125 0.6917459265625 0.7119842828125 0.6814380265625 0.8081042999999999 0.693864196875 0.8965210921875 0.7203261171875 0.91534290625 0.7897709453124999 0.9010749125 0.8153121671875001 0.87945269375 0.8520819890625001 0.802154490625 0.842141053125 0.73142105625 0.8732965734375 0.681960846875 0.9038533125000001 0.560454246875 0.944350984375 0.5096810828125 0.935652665625 0.447789328125 0.8659309703125 0.3584085796875
9 0.786777025 0.540842975 0.7509729515625 0.523334115625 0.6868205078125 0.541366471875 0.6556649859375 0.5908266828125 0.6198609125 0.5733178234375 0.6516602687499999 0.4606529046875 0.6317783968749999 0.3191860375 0.4944983203125 0.189710253125 0.4359601765625 0.1799046171875 0.370565115625 0.18909529375 0.290213603125 0.227436915625 0.24253709687499997 0.328808746875 0.22569419375000002 0.41232272031250006 0.2368777453125 0.4918978328125 0.2175496109375 0.5577284484375 0.24612980156250003 0.7610870703125 0.2738343390625 0.7887505625 0.40149539375 0.8158905593749999 0.5428702859375 0.80503793125 0.6138796484375 0.7680092640625 0.663719471875 0.7159231453125 0.71977238125 0.708045421875 0.754655753125 0.6851102499999999 0.7911036609375001 0.6394143999999999 0.7998470265625001 0.5660550609375 0.786777025 0.540842975
9 0.24750756406250002 0.3641754625 0.254042565625 0.3767815046875 0.3166304765625 0.381509825 0.32473000937499996 0.3713551921875 0.2876833203125 0.345004653125 0.24750756406250002 0.3641754625
9 0.5075232749999999 0.3501734328125 0.478254203125 0.34527061406250004 0.4103739078125 0.3367779328125 0.379540303125 0.3546357890625 0.40600222343750003 0.3734576015625 0.48446728749999995 0.38947901093750004 0.5352278125 0.377836925 0.5075232749999999 0.3501734328125
9 0.2549182171875 0.5524766328124999 0.30006444062500004 0.568672540625 0.36950927031249997 0.5544045468750001 0.36081094999999996 0.4925127921875 0.372039553125 0.4368368109375 0.3349928625 0.410486271875 0.25777041562499997 0.40330654218750006 0.2574485 0.434908896875 0.2879601875 0.44865339375 0.2393629796875 0.5095811921875 0.2549182171875 0.5524766328124999
9 0.46826821875 0.4097882765625 0.43089961250000003 0.41504009062499997 0.41875031093750004 0.43027204062499996 0.4557970015625 0.4566225796875 0.487873221875 0.4476064015625 0.505314909375 0.436138815625 0.46826821875 0.4097882765625
9 0.2567596171875 0.6333647 0.351101834375 0.6606791953125 0.39252020781249997 0.6503500640625 0.305034909375 0.60403925625 0.2770084546875 0.60797811875 0.2567596171875 0.6333647
6 0.30006444062500004 0.568672540625 0.3654595015625 0.5594818640625 0.372039553125 0.4368368109375 0.3349928625 0.410486271875 0.3069664078125 0.4144251328125 0.2811032703125 0.46764970625 0.2393629796875 0.5095811921875 0.24309083125000003 0.5361062296875 0.30006444062500004 0.568672540625
5 0.351101834375 0.6606791953125 0.388470440625 0.65542738125 0.3567161359375 0.632841203125 0.2567596171875 0.6333647 0.351101834375 0.6606791953125
10 0.28073630625 0.63450315625 0.347373984375 0.6341541578125 0.305034909375 0.60403925625 0.264859153125 0.6232100671875 0.28073630625 0.63450315625
4 0.32473000937499996 0.3713551921875 0.2876833203125 0.345004653125 0.24750756406250002 0.3641754625 0.254042565625 0.3767815046875 0.291411171875 0.37152969062499996 0.31258070937500004 0.386587140625 0.32473000937499996 0.3713551921875
3 0.2574485 0.434908896875 0.2920099546875 0.443576078125 0.3016740234375 0.41066077031250003 0.25777041562499997 0.40330654218750006 0.2574485 0.434908896875
1 0.935652665625 0.447789328125 0.8659309703125 0.3584085796875 0.8111657250000001 0.2398768875 0.7333444953125 0.16065077187500001 0.5966632046875 0.1032213734375 0.5530815125 0.06426479375000001 0.49454336874999993 0.054459157812500006 0.4104640046875 0.0662757421875 0.331355109375 0.1134590421875 0.27557906718749997 0.22498550625 0.3088979046875 0.2248110078125 0.370565115625 0.18909529375 0.47457140156250005 0.18349448125 0.5421297796875 0.22358951718750003 0.6199510109374999 0.3028156328125 0.644848396875 0.3443981203125 0.6516602687499999 0.4606529046875 0.6198609125 0.5733178234375 0.6556649859375 0.5908266828125 0.6868205078125 0.541366471875 0.7509729515625 0.523334115625 0.786777025 0.540842975 0.7998470265625001 0.5660550609375 0.7911036609375001 0.6394143999999999 0.754655753125 0.6851102499999999 0.6970383109375 0.7157486468750001 0.6814380265625 0.8081042999999999 0.693864196875 0.8965210921875 0.7203261171875 0.91534290625 0.785721178125 0.9061522296875 0.8153121671875001 0.87945269375 0.8520819890625001 0.802154490625 0.842141053125 0.73142105625 0.887010409375 0.643968221875 0.9038533125000001 0.560454246875 0.944350984375 0.5096810828125 0.935652665625 0.447789328125
8 0.4103739078125 0.3367779328125 0.379540303125 0.3546357890625 0.42592914375 0.379673375 0.5311780453125 0.3829142421875 0.5075232749999999 0.3501734328125 0.4103739078125 0.3367779328125
7 0.505314909375 0.436138815625 0.46826821875 0.4097882765625 0.43089961250000003 0.41504009062499997 0.41875031093750004 0.43027204062499996 0.43587007968749997 0.4504068078125 0.48382345468750004 0.45268371875 0.505314909375 0.436138815625