0 0.4562556671875 0 0 0.080450184375 0 0.5437443328125 0.080450184375 1 0.5437443328125 1 1 0.919549815625 1 0.4562556671875 0.919549815625 0 0.4562556671875 0
0 0.4562556703125 0 0.3924725671875 0.01124668125 0.311626175 0.0533643984375 0.262024171875 0.09926032343749999 0.2370724953125 0.13771391718749998 0.19805879531249998 0.243659096875 0.19503709375 0.3246830375 0.21197837812500003 0.4207618421875 0.2460075078125 0.48286947343750003 0.2640076234375 0.584953203125 0.3594406796875 0.7662578015625 0.44715645937500004 0.8219948390624999 0.46167462031250006 0.8225307078125 0.55906643125 0.8022620921874999 0.6310504296875 0.7524196171875001 0.7003099578125 0.6380454703125 0.7152801390625 0.59206444375 0.71800049375 0.5420517640625 0.766091646875 0.5366678109375 0.786506653125 0.505205778125 0.79482250625 0.4542064625 0.78907221875 0.356154384375 0.7725870703125 0.3281030328125 0.745969753125 0.3080298796875 0.735682796875 0.21696936249999998 0.7184401640625 0.151901821875 0.6910653640625 0.09481248125 0.654617228125 0.05170626406249999 0.6113640921875 0.01908739375 0.54481310625 0 0.4562556703125 0
9 0.3594406796875 0.7662578015625 0.39603948906249997 0.7938583859375 0.46500178593749997 0.825039853125 0.55906643125 0.8022620921874999 0.6310504296875 0.7524196171875001 0.7003099578125 0.6380454703125 0.7152801390625 0.59206444375 0.71800049375 0.5420517640625 0.766091646875 0.5366678109375 0.7899844921875 0.49220928906249994 0.79648403125 0.3981888609375 0.78907221875 0.356154384375 0.7725870703125 0.3281030328125 0.7492969171875 0.3105390234375 0.7234370859375 0.3274820609375 0.682305725 0.42141738906250004 0.59972930625 0.2966662625 0.58838351875 0.19960082031249998 0.5584390390625 0.1770185234375 0.4689110625 0.192804721875 0.3881550734375 0.2256190578125 0.3322000875 0.23548543125000002 0.2618776140625 0.22931030468750002 0.2369259375 0.2677639 0.239353178125 0.47785118437499996 0.2640076234375 0.584953203125 0.3594406796875 0.7662578015625
9 0.5055139875 0.33494965468750004 0.454853153125 0.3748406546875 0.44457031249999995 0.3983244875 0.4512246421875 0.40334277500000004 0.46574280312500005 0.40387864375 0.5331901328125 0.36102773125 0.58022245625 0.3496388515625 0.5457413078125 0.33404811875 0.5055139875 0.33494965468750004
9 0.2747383671875 0.40040812499999995 0.25326453125000004 0.4258652328125 0.3181421796875 0.41752136562500003 0.3571599953125 0.42612053593750004 0.366082659375 0.42764304218750004 0.37182883125 0.41115077343750006 0.312848028125 0.38749673906250004 0.2747383671875 0.40040812499999995
9 0.559355428125 0.42761777968750003 0.5381829390624999 0.422063621875 0.4822279515625 0.43192999531250004 0.4698274515625 0.443403978125 0.559355428125 0.42761777968750003
9 0.382873271875 0.5392274796875001 0.3668442578125 0.57920358125 0.3733479140625 0.5997275015625 0.41902005937500003 0.613344959375 0.47270671249999996 0.6069743671875 0.5064303781249999 0.585548909375 0.5000773953125 0.5495193578124999 0.4811732390625 0.5404694203125 0.47134241875000005 0.51743635625 0.45409978593749994 0.45236881562500003 0.42627296562500006 0.4417963703125 0.403890971875 0.44574291875 0.3813583046875 0.46519510156250005 0.382873271875 0.5392274796875001
9 0.3623034734375 0.47165079375 0.37470397499999997 0.46017681406250005 0.285175996875 0.47596301093750004 0.2974258265625 0.4799946609375 0.3623034734375 0.47165079375
9 0.4262812 0.67088506875 0.3936163640625 0.6983154500000001 0.43475184218749996 0.7189244703125001 0.4548655015625 0.718473703125 0.5074933234375 0.7060981843749999 0.5558858234375 0.6697029671875 0.487831684375 0.6600320578125001 0.4262812 0.67088506875
1 0.4601134078125 0 0.449546653125 0.00118298125 0.393591665625 0.0110493546875 0.291361840625 0.0693207984375 0.262024171875 0.09926032343749999 0.21998465312499998 0.1716850953125 0.19805879531249998 0.243659096875 0.19503709375 0.3246830375 0.21197837812500003 0.4207618421875 0.2416215125 0.474355403125 0.23450692968750003 0.2867653125 0.251745446875 0.2372885046875 0.28425960781250004 0.22536375468749997 0.3322000875 0.23548543125000002 0.3881550734375 0.2256190578125 0.4689110625 0.192804721875 0.5584390390625 0.1770185234375 0.58838351875 0.19960082031249998 0.59972930625 0.2966662625 0.682305725 0.42141738906250004 0.6981840625 0.3969469203125 0.707558746875 0.35195253125 0.745969753125 0.3080298796875 0.7378004578125 0.2289792125 0.7184401640625 0.151901821875 0.6910653640625 0.09481248125 0.654617228125 0.05170626406249999 0.6113640921875 0.01908739375 0.5181528171875 0 0.4601134078125 0
4 0.454853153125 0.3748406546875 0.44457031249999995 0.3983244875 0.45455180625 0.40585191875 0.5331901328125 0.36102773125 0.58022245625 0.3496388515625 0.5457413078125 0.33404811875 0.5055139875 0.33494965468750004 0.454853153125 0.3748406546875
3 0.5381829390624999 0.422063621875 0.4822279515625 0.43192999531250004 0.47315461562500005 0.445913121875 0.559355428125 0.42761777968750003 0.5381829390624999 0.422063621875
5 0.3936163640625 0.6983154500000001 0.42250201406250004 0.7148928203125 0.4581926671875 0.7209828468749999 0.5074933234375 0.7060981843749999 0.5558858234375 0.6697029671875 0.3936163640625 0.6983154500000001
10 0.487831684375 0.6600320578125001 0.4262812 0.67088506875 0.401480196875 0.69383303125 0.543635996875 0.665671315625 0.487831684375 0.6600320578125001
6 0.3668442578125 0.57920358125 0.3733479140625 0.5997275015625 0.42234722500000005 0.615854103125 0.47270671249999996 0.6069743671875 0.5064303781249999 0.585548909375 0.5000773953125 0.5495193578124999 0.4811732390625 0.5404694203125 0.47134241875000005 0.51743635625 0.45409978593749994 0.45236881562500003 0.42627296562500006 0.4417963703125 0.403890971875 0.44574291875 0.3813583046875 0.46519510156250005 0.382873271875 0.5392274796875001 0.3668442578125 0.57920358125
8 0.25326453125000004 0.4258652328125 0.3181421796875 0.41752136562500003 0.3604871609375 0.4286296796875 0.37182883125 0.41115077343750006 0.312848028125 0.38749673906250004 0.2747383671875 0.40040812499999995 0.25326453125000004 0.4258652328125
7 0.37470397499999997 0.46017681406250005 0.285175996875 0.47596301093750004 0.3007529890625 0.4825038046875 0.3623034734375 0.47165079375 0.37470397499999997 0.46017681406250005