0 0.0337424578125 0 0 0.48253961562500003 0 0.9662575421874999 0.48253961562500003 1 0.9662575421874999 1 1 0.517460384375 1 0.0337424578125 0.517460384375 0 0.0337424578125 0
0 0.255971934375 0 0.2382293546875 0.0079802921875 0.13067628125 0.07992130625 0.10934965468749999 0.09982358125 0.0445883359375 0.21143158906249998 0.0359429484375 0.2536141984375 0.055212103125 0.303861234375 0.0431639625 0.39470550625 0.057754328125 0.5118623234374999 0.076598140625 0.5681920671875 0.1281737828125 0.6451479953125 0.1199537390625 0.681247896875 0.13306032343750002 0.697445525 0.20022536406250002 0.7143670625 0.2093653484375 0.7058375171875 0.21581476249999998 0.6543326734375 0.2429478671875 0.7142982875 0.309331471875 0.7831210125 0.4463521234375 0.8599393859375001 0.5283251265625 0.8687277203124999 0.57189831875 0.8564935296874999 0.6484901859375001 0.7793312718750001 0.7227475812499999 0.6133752375 0.7335196921875 0.5407790890624999 0.7285639015625 0.44874578906249996 0.753649378125 0.3343633734375 0.74529083125 0.2909917328125 0.7243203 0.265075528125 0.7102937781249999 0.22130754531250002 0.7110059640624999 0.1296705859375 0.687839459375 0.0944321484375 0.6446223609375 0.0608478625 0.5256033625 0.0005694125 0.517460384375 0 0.255971934375 0
1 0.262450153125 0 0.2382293546875 0.0079802921875 0.10934965468749999 0.09982358125 0.0372189828125 0.2353660765625 0.0403348921875 0.272258665625 0.055212103125 0.303861234375 0.0431639625 0.39470550625 0.049395784375 0.468490684375 0.076598140625 0.5681920671875 0.1281737828125 0.6451479953125 0.1199537390625 0.681247896875 0.14963891093749998 0.7047172625 0.20022536406250002 0.7143670625 0.2093653484375 0.7058375171875 0.2136187921875 0.6450104421875 0.17217232031250002 0.6268310953125 0.14900581562499998 0.59159265625 0.2244601515625 0.6121500640625 0.26406674375 0.5751886984375 0.310973440625 0.4745570734375 0.3373349484375 0.3419265359375 0.3534189421875 0.3155452125 0.38657611875 0.3300886890625 0.43191993906250004 0.33325943750000003 0.46677849374999997 0.32347208437499997 0.549532934375 0.280359234375 0.586092865625 0.2462410484375 0.6736645953125 0.21568995625 0.6972564453125 0.24484568750000002 0.7074548671875001 0.34335804062499997 0.725873334375 0.40577049218749994 0.7237466125 0.43618402968750003 0.7346572234375001 0.44305942500000006 0.753649378125 0.3343633734375 0.7404735437500001 0.278429975 0.7243203 0.265075528125 0.7102937781249999 0.22130754531250002 0.7110059640624999 0.1296705859375 0.687839459375 0.0944321484375 0.6446223609375 0.0608478625 0.5256033625 0.0005694125 0.517460384375 0 0.262450153125 0
9 0.6972564453125 0.24484568750000002 0.6736645953125 0.21568995625 0.586092865625 0.2462410484375 0.549532934375 0.280359234375 0.46677849374999997 0.32347208437499997 0.43191993906250004 0.33325943750000003 0.38657611875 0.3300886890625 0.3534189421875 0.3155452125 0.3373349484375 0.3419265359375 0.310973440625 0.4745570734375 0.26406674375 0.5751886984375 0.2244601515625 0.6121500640625 0.14900581562499998 0.59159265625 0.17217232031250002 0.6268310953125 0.205754840625 0.6352918640625 0.2429478671875 0.7142982875 0.309331471875 0.7831210125 0.4463521234375 0.8599393859375001 0.525278465625 0.8715709031250001 0.57189831875 0.8564935296874999 0.6484901859375001 0.7793312718750001 0.7227475812499999 0.6133752375 0.7335196921875 0.5407790890624999 0.725873334375 0.40577049218749994 0.7074548671875001 0.34335804062499997 0.6972564453125 0.24484568750000002
9 0.43028781250000003 0.397326040625 0.46776768437499994 0.3907782109375 0.5466940234375001 0.40240972968750005 0.5562593515625001 0.38779747656249997 0.520906203125 0.36393176562499996 0.47031975 0.354281965625 0.43546119531249994 0.36406931875000004 0.40761590156249994 0.395740665625 0.43028781250000003 0.397326040625
9 0.671814875 0.40504658125 0.7197800125 0.41145685624999995 0.7075241171875 0.38309381249999996 0.673941596875 0.37463304218750004 0.6177564171875 0.404322671875 0.630863 0.4205202984375 0.6395776375 0.41807346093750003 0.671814875 0.40504658125
9 0.6457402109375 0.4521228671875 0.61874560625 0.47162879843749994 0.6584214484375 0.47440320312499995 0.6815187046875 0.4699058703125 0.6684121203125 0.45370824218749994 0.6457402109375 0.4521228671875
9 0.4426129578125 0.46542485468750006 0.456144884375 0.47553977343750004 0.51020334375 0.476263684375 0.52196464375 0.47097366406249996 0.492279471875 0.44750429687500004 0.4426129578125 0.46542485468750006
9 0.528196465625 0.5447588421875 0.5208271109375 0.5686933296875 0.5029724890625 0.5796697140625 0.5008457671875 0.6100832515625 0.5139523515625 0.62628088125 0.5841640546875 0.6403592375 0.633405225 0.6285213890625 0.6494892171875 0.6021400625 0.6241267406250001 0.5575793921875001 0.612226940625 0.48339787031250003 0.5882097468749999 0.460324846875 0.5655378359375 0.45873947187499997 0.5385432328124999 0.478245403125 0.528196465625 0.5447588421875
9 0.6044223984375 0.7579124 0.6239783984375 0.7226051859375 0.6003865484375 0.6934494546875001 0.555042728125 0.6902787046875 0.4696669703125 0.73015203125 0.532083975 0.7742475828125001 0.574806478125 0.7741788046875 0.6044223984375 0.7579124
4 0.40761590156249994 0.395740665625 0.42724115156250003 0.400169221875 0.46776768437499994 0.3907782109375 0.5466940234375001 0.40240972968750005 0.5562593515625001 0.38779747656249997 0.520906203125 0.36393176562499996 0.47031975 0.354281965625 0.43546119531249994 0.36406931875000004 0.40761590156249994 0.395740665625
3 0.492279471875 0.44750429687500004 0.4426129578125 0.46542485468750006 0.456144884375 0.47553977343750004 0.5071566828125 0.47910686562500004 0.52196464375 0.47097366406249996 0.492279471875 0.44750429687500004
2 0.603502459375 0.73034204375 0.6187357640625 0.716126134375 0.559434671875 0.708923171875 0.4814282703125 0.7248620109374999 0.494960196875 0.7349769296875001 0.5459719953125 0.738544021875 0.603502459375 0.73034204375
10 0.559434671875 0.708923171875 0.6191611078125 0.7100434265625 0.6003865484375 0.6934494546875001 0.555042728125 0.6902787046875 0.4992828921875 0.7138856265625 0.5245761171875001 0.718710525 0.559434671875 0.708923171875
5 0.6044223984375 0.7579124 0.615263759375 0.7250520234375 0.5459719953125 0.738544021875 0.47533494843749996 0.7305483749999999 0.532083975 0.7742475828125001 0.5717598171875 0.7770219875000001 0.6044223984375 0.7579124
6 0.5385432328124999 0.478245403125 0.528196465625 0.5447588421875 0.5208271109375 0.5686933296875 0.5029724890625 0.5796697140625 0.5008457671875 0.6100832515625 0.5139523515625 0.62628088125 0.5811173921874999 0.64320241875 0.633405225 0.6285213890625 0.6494892171875 0.6021400625 0.6241267406250001 0.5575793921875001 0.612226940625 0.48339787031250003 0.5882097468749999 0.460324846875 0.5655378359375 0.45873947187499997 0.5385432328124999 0.478245403125
8 0.671814875 0.40504658125 0.7197800125 0.41145685624999995 0.7075241171875 0.38309381249999996 0.673941596875 0.37463304218750004 0.6177564171875 0.404322671875 0.6365309781249999 0.42091664218749997 0.671814875 0.40504658125
7 0.6684121203125 0.45370824218749994 0.6457402109375 0.4521228671875 0.61874560625 0.47162879843749994 0.6553747875 0.477246384375 0.6815187046875 0.4699058703125 0.6684121203125 0.45370824218749994