0 0.0418344125 0 0 0.4781695265625 0 0.9581655874999999 0.4781695265625 1 0.9581655874999999 1 1 0.5218304734375 1 0.0418344125 0.5218304734375 0 0.0418344125 0
0 0.40327816250000004 0 0.353868459375 0.018969918750000002 0.313622834375 0.0552344234375 0.2810703484375 0.10135327187500001 0.2587753828125 0.1606112421875 0.24726937499999999 0.22693397656249997 0.24495800937499998 0.318544546875 0.220191471875 0.340861165625 0.2062138890625 0.37024255156249997 0.20903128437500001 0.46842268281250005 0.22176037656249997 0.51850315625 0.24483979531250002 0.5480661812500001 0.2932171890625 0.5492382265625 0.30028608437500004 0.5988234968749999 0.31920681093750003 0.643324815625 0.3981711484375 0.75122736875 0.47422528281250004 0.794606359375 0.5730130156250001 0.8063095921875 0.5874292265625 0.8045104203125 0.66995341875 0.741340546875 0.7492215859375 0.5524083265625 0.7582560234375 0.4491442421875 0.7867426234375 0.3843071171875 0.795245621875 0.287117390625 0.7851737171875001 0.2066651296875 0.7370747453125001 0.1045233703125 0.7088665671875 0.0683907859375 0.6554532203125001 0.026992607812500003 0.6086701390625 0.0075974859375 0.5218304765624999 0 0.40327816250000004 0
9 0.650830490625 0.21021375 0.5942285203125001 0.2052617203125 0.510919875 0.1796106 0.4203567203125 0.17168735 0.392494365625 0.19679354843750002 0.3896515625 0.29447847656250004 0.31826215 0.425951896875 0.269100303125 0.33595885625 0.24186219062499997 0.321334125 0.220191471875 0.340861165625 0.2062138890625 0.37024255156249997 0.20249382656249998 0.41276305625000004 0.217163053125 0.5058592375 0.24483979531250002 0.5480661812500001 0.2932171890625 0.5492382265625 0.30028608437500004 0.5988234968749999 0.31920681093750003 0.643324815625 0.3981711484375 0.75122736875 0.47422528281250004 0.794606359375 0.5699171984375 0.8090991703125001 0.635899428125 0.7720258984374999 0.66995341875 0.741340546875 0.7492215859375 0.5524083265625 0.76444765625 0.4435650875 0.7485553484375 0.23406570000000002 0.7203471703125001 0.1979331140625 0.650830490625 0.21021375
9 0.54688859375 0.3878060203125 0.5530802265625 0.38222686562499997 0.540789765625 0.3597286046875 0.48684498125 0.32440478437500003 0.4466921640625 0.3270127203125 0.4137010484375 0.34554935468750003 0.4615470046875 0.3527957609375 0.5324723828125 0.389605190625 0.54688859375 0.3878060203125
9 0.6807003828125 0.3903317546875 0.74605836875 0.3929894109375 0.7224475124999999 0.3695007453125 0.68335756875 0.359959965625 0.626662790625 0.38866450625 0.6338244921875 0.40459320468750004 0.6425805062500001 0.40229883125 0.6807003828125 0.3903317546875
9 0.5318481359375 0.42933611875000005 0.5184948 0.4189865734375 0.461892828125 0.41403454375 0.44128498125000004 0.42141287031249997 0.5318481359375 0.42933611875000005
9 0.53679128125 0.5032188203125 0.5290053343750001 0.5270210484375 0.51096186875 0.5376841546875 0.50777324375 0.5741303015625 0.54323593125 0.5925350171875 0.5972735218749999 0.5942022671875 0.6415850328125 0.5766560390625 0.6462751609375 0.5556433875 0.6268229984375 0.5172164265625 0.6218798546875 0.44333372656250003 0.597737559375 0.42591941718750004 0.575096771875 0.42393860468750005 0.548297290625 0.4368960859375 0.53679128125 0.5032188203125
9 0.7067828109375001 0.45076177343749996 0.7186346421875001 0.44567782031250003 0.6280714875 0.43775457187500005 0.641424825 0.44810411562499997 0.7067828109375001 0.45076177343749996
9 0.590803465625 0.7007511328125 0.629986215625 0.6766353421875 0.5950549656249999 0.65215626875 0.532792796875 0.6467090359375 0.46584049843750003 0.662274453125 0.517220903125 0.6943134921875 0.57072705625 0.7020551015625001 0.590803465625 0.7007511328125
1 0.4176123515625 0 0.353868459375 0.018969918750000002 0.313622834375 0.0552344234375 0.2810703484375 0.10135327187500001 0.2587753828125 0.1606112421875 0.2462065 0.2390826921875 0.24495800937499998 0.318544546875 0.2870509609375 0.3589523203125 0.300311490625 0.402958434375 0.31826215 0.425951896875 0.3896515625 0.29447847656250004 0.392494365625 0.19679354843750002 0.4203567203125 0.17168735 0.510919875 0.1796106 0.5942285203125001 0.2052617203125 0.650830490625 0.21021375 0.69770638125 0.19595230156250001 0.7311361265625 0.204997878125 0.7526212328125 0.2527839765625 0.761883278125 0.44028030625000003 0.7867426234375 0.3843071171875 0.795245621875 0.287117390625 0.7851737171875001 0.2066651296875 0.7570583484375 0.136875971875 0.7088665671875 0.0683907859375 0.6770311343750001 0.0411221359375 0.603009940625 0.007102282812500001 0.521830475 0 0.4176123515625 0
4 0.5437927765625 0.390595596875 0.5530802265625 0.38222686562499997 0.540789765625 0.3597286046875 0.48684498125 0.32440478437500003 0.4466921640625 0.3270127203125 0.4137010484375 0.34554935468750003 0.4615470046875 0.3527957609375 0.5437927765625 0.390595596875
3 0.44128498125000004 0.42141287031249997 0.5287523203125 0.4321256953125 0.5184948 0.4189865734375 0.461892828125 0.41403454375 0.44128498125000004 0.42141287031249997
5 0.629986215625 0.6766353421875 0.46584049843750003 0.662274453125 0.517220903125 0.6943134921875 0.567631240625 0.704844678125 0.602655296875 0.6956671812499999 0.629986215625 0.6766353421875
10 0.47769233125 0.6571905015625 0.6217616390625 0.6728553578125 0.5950549656249999 0.65215626875 0.532792796875 0.6467090359375 0.47769233125 0.6571905015625
6 0.548297290625 0.4368960859375 0.53679128125 0.5032188203125 0.5290053343750001 0.5270210484375 0.51096186875 0.5376841546875 0.50777324375 0.5741303015625 0.54323593125 0.5925350171875 0.5941777046875 0.5969918453124999 0.6415850328125 0.5766560390625 0.6462751609375 0.5556433875 0.6268229984375 0.5172164265625 0.6218798546875 0.44333372656250003 0.597737559375 0.42591941718750004 0.575096771875 0.42393860468750005 0.548297290625 0.4368960859375
8 0.6807003828125 0.3903317546875 0.74605836875 0.3929894109375 0.7224475124999999 0.3695007453125 0.68335756875 0.359959965625 0.626662790625 0.38866450625 0.639484690625 0.4050884078125 0.6807003828125 0.3903317546875
7 0.641424825 0.44810411562499997 0.70368699375 0.45355135 0.7186346421875001 0.44567782031250003 0.6280714875 0.43775457187500005 0.641424825 0.44810411562499997