0 0.008651368750000001 0 0 0.4956365609375 0 0.99134863125 0.4956365609375 1 0.99134863125 1 1 0.5043634390625 1 0.008651368750000001 0.5043634390625 0 0.008651368750000001 0
0 0.2747811015625 0.585970121875 0.3299216984375 0.7442599375000001 0.394377515625 0.8212392671875 0.43360006875 0.8359709828125 0.509953259375 0.834494315625 0.642590684375 0.77500234375 0.7093996359375 0.7171707484375001 0.7392740421874999 0.6643132921875 0.7410718203125 0.71210475625 0.748818284375 0.7206682203125 0.8121626531249999 0.710536234375 0.8255636624999999 0.6967230671875 0.820889590625 0.66292848125 0.87468971875 0.596441565625 0.89662156875 0.5462548875000001 0.9195338921875 0.43989699218749995 0.9157422437499999 0.3555483078125 0.9375760468750001 0.3109787515625 0.933000021875 0.2715670453125 0.8822393546875 0.16392318125 0.864164275 0.1439417640625 0.770716475 0.06926579375 0.7290098125 0.0460624671875 0.6609913703125 0.0223998671875 0.539859128125 0.025904329687499998 0.3914346328125 0.0851207359375 0.3488455453125 0.1124715078125 0.324625684375 0.14295233125 0.31789261875 0.2271173046875 0.30141921875 0.2661615953125 0.2799776046875 0.2882626625 0.2687665609375 0.32739880625 0.2826907328125 0.4343996859375 0.2706953125 0.5184728046875 0.2747811015625 0.585970121875
1 0.7420522921875 0.6559335374999999 0.7410718203125 0.71210475625 0.748818284375 0.7206682203125 0.7962775375 0.71587779375 0.8255636624999999 0.6967230671875 0.820889590625 0.66292848125 0.87468971875 0.596441565625 0.9078326125 0.5071187453125 0.9195338921875 0.43989699218749995 0.9157422437499999 0.3555483078125 0.93201955 0.3277382625 0.9378701890625001 0.2941273875 0.8822393546875 0.16392318125 0.770716475 0.06926579375 0.6609913703125 0.0223998671875 0.539859128125 0.025904329687499998 0.3914346328125 0.0851207359375 0.3488455453125 0.1124715078125 0.324625684375 0.14295233125 0.31789261875 0.2271173046875 0.30141921875 0.2661615953125 0.2854360546875 0.2771202734375 0.2687665609375 0.32739880625 0.2775264234375 0.4286907109375 0.28814918437500003 0.423257296875 0.2886394203125 0.3951716875 0.31066931875 0.3393678890625 0.3280251421875 0.24976950312500001 0.3521469578125 0.2249058015625 0.43049401875 0.259986353125 0.4614798734375 0.2942402125 0.5343684828125 0.3404631546875 0.565746528125 0.3522485265625 0.6078453765625 0.352983365625 0.6396156093750001 0.34230025 0.6523302875 0.36780693593749997 0.6659603171875 0.49165918125 0.701130009375 0.5877932359375 0.7346980171874999 0.6249015859375 0.805984946875 0.6120988203125 0.7817650828125 0.64257964375 0.7420522921875 0.6559335374999999
9 0.3299216984375 0.7442599375000001 0.394377515625 0.8212392671875 0.4361822234375 0.838825471875 0.509953259375 0.834494315625 0.642590684375 0.77500234375 0.7093996359375 0.7171707484375001 0.7500928984375 0.6476456359375 0.7817650828125 0.64257964375 0.805984946875 0.6120988203125 0.7346980171874999 0.6249015859375 0.701130009375 0.5877932359375 0.6659603171875 0.49165918125 0.6523302875 0.36780693593749997 0.6396156093750001 0.34230025 0.6078453765625 0.352983365625 0.565746528125 0.3522485265625 0.5343684828125 0.3404631546875 0.4614798734375 0.2942402125 0.43049401875 0.259986353125 0.3521469578125 0.2249058015625 0.3280251421875 0.24976950312500001 0.31066931875 0.3393678890625 0.2886394203125 0.3951716875 0.2706953125 0.5184728046875 0.2747811015625 0.585970121875 0.3299216984375 0.7442599375000001
9 0.44660815625000005 0.392310209375 0.4542565734375 0.4064907953125 0.5280276078125 0.402159640625 0.5620858531249999 0.4111823796875 0.583135278125 0.41154979843749995 0.5599939359375 0.38024228125000004 0.528615890625 0.368456909375 0.4811566375 0.3732473390625 0.44660815625000005 0.392310209375
9 0.3074008328125 0.37583325312500004 0.293803728125 0.4008806640625 0.33858278125 0.3988528703125 0.3672806234375 0.41340087499999995 0.375125134375 0.41634721875 0.38852614218750003 0.40253405000000003 0.3390730171875 0.3707672609375 0.3074008328125 0.37583325312500004
9 0.3588478296875 0.4441572640625 0.337798403125 0.44378984531250004 0.3243973953125 0.4576030125 0.3453487734375 0.463587553125 0.382185265625 0.4642305359375 0.3588478296875 0.4441572640625
9 0.5452202640625 0.47269515625 0.5008334015625 0.45225446406250003 0.4715472765625 0.4714091890625 0.481973940625 0.47721002187500006 0.531917303125 0.48089120156250004 0.5452202640625 0.47269515625
9 0.3702878921875 0.5426865328125 0.34328978125 0.5815471125 0.35600445937499997 0.6070537984375 0.4004893703125 0.62187736875 0.4664158953125 0.6145998703125 0.47981690312499997 0.6007867015625 0.4803071390625 0.5727010921875 0.4647161640625 0.561191284375 0.45984599687500005 0.5386309421875 0.4556621609375 0.47675074687499996 0.432324721875 0.4566774734375 0.411275296875 0.45631005468749997 0.387251528125 0.47555663593749997 0.3702878921875 0.5426865328125
9 0.381237721875 0.6693014125000001 0.3571159046875 0.6941651156249999 0.372314690625 0.728143409375 0.39833233125 0.74545405 0.43775097812499997 0.748951521875 0.498905384375 0.7134965578125 0.423336571875 0.67003625 0.381237721875 0.6693014125000001
4 0.4542565734375 0.4064907953125 0.5280276078125 0.402159640625 0.5646680078124999 0.41403686874999995 0.583135278125 0.41154979843749995 0.5599939359375 0.38024228125000004 0.528615890625 0.368456909375 0.4811566375 0.3732473390625 0.44660815625000005 0.392310209375 0.4542565734375 0.4064907953125
3 0.5008334015625 0.45225446406250003 0.4715472765625 0.4714091890625 0.484556096875 0.4800645078125 0.531917303125 0.48089120156250004 0.5452202640625 0.47269515625 0.5008334015625 0.45225446406250003
2 0.36247630937499997 0.688639846875 0.37538708125000003 0.7029122890624999 0.42781455 0.7150650796875 0.47517575624999997 0.7158917734375 0.48847871718749997 0.707695728125 0.4177800734375 0.6867957609374999 0.36247630937499997 0.688639846875
10 0.36257435625 0.683022725 0.4177800734375 0.6867957609374999 0.4491581171875 0.6985811328125 0.47288774375 0.6961859203125 0.423336571875 0.67003625 0.381237721875 0.6693014125000001 0.36257435625 0.683022725
5 0.3649604171875 0.69711145625 0.372314690625 0.728143409375 0.400914484375 0.7483085375 0.43775097812499997 0.748951521875 0.4936430265625 0.7134047031249999 0.42781455 0.7150650796875 0.3649604171875 0.69711145625
6 0.34328978125 0.5815471125 0.35600445937499997 0.6070537984375 0.4030715234375 0.62473185625 0.4664158953125 0.6145998703125 0.47981690312499997 0.6007867015625 0.4803071390625 0.5727010921875 0.4647161640625 0.561191284375 0.45984599687500005 0.5386309421875 0.4556621609375 0.47675074687499996 0.432324721875 0.4566774734375 0.411275296875 0.45631005468749997 0.387251528125 0.47555663593749997 0.3702878921875 0.5426865328125 0.34328978125 0.5815471125
8 0.293803728125 0.4008806640625 0.33858278125 0.3988528703125 0.369862778125 0.4162553640625 0.38852614218750003 0.40253405000000003 0.3390730171875 0.3707672609375 0.3074008328125 0.37583325312500004 0.293803728125 0.4008806640625
7 0.337798403125 0.44378984531250004 0.3243973953125 0.4576030125 0.3479309265625 0.46644204062499994 0.382185265625 0.4642305359375 0.3588478296875 0.4441572640625 0.337798403125 0.44378984531250004