0 0.0171556125 0 0 0.49127245156250005 0 0.9828443874999999 0.4912724671875 1 0.710242428125 1 0.7106555890624999 0.9881686343749999 0.7445831218750001 0.84316045625 0.6924258296875 0.8673289421874999 0.6473547515625 0.872252490625 0.41054636718750004 0.8574854953125 0.3789678484375 0.8433878187499999 0.3621588 0.865541959375 0.3596659796875 0.9369270203125 0.377978553125 0.9635563656249999 0.3772986921875 0.98302501875 0.354763153125 0.98548679375 0.3041922015625 0.9642284218749999 0.2887428734375 0.947445259375 0.22943838125 0.8089275453125 0.15573484531249998 0.7153892546875 0.17375981093749998 0.5665770171875 0.2165037 0.44461783906249996 0.318717715625 0.2727556875 0.37532459375 0.21300652968749997 0.46064674375000003 0.1575088640625 0.5514687656249999 0.128193115625 0.62193863125 0.130653978125 0.653517146875 0.144751653125 0.6905955359375 0.18503124531249998 0.73498675625 0.1995763515625 0.8065069078124999 0.263799803125 0.848631925 0.343240415625 0.8829908718749999 0.4613946203125 0.8807246718749999 0.5262901265625 0.90272415625 0.6310178 0.901198803125 0.8583757921874999 0.8675807046875 0.902684075 0.8529550421875 0.954153053125 0.8529704125 1 0.9828443874999999 1 1 0.5087275484375 1 0.0171556125 0.5087275484375 0 0.0171556125 0
1 0.8521485406249999 1 0.8529550421875 0.954153053125 0.8675807046875 0.902684075 0.901198803125 0.8583757921874999 0.9059578265624999 0.7220952265625 0.8976775234375 0.5918567796875001 0.8807246718749999 0.5262901265625 0.8829908718749999 0.4613946203125 0.848631925 0.343240415625 0.8065069078124999 0.263799803125 0.778698115625 0.2335901078125 0.7224006734375 0.1926393703125 0.6905955359375 0.18503124531249998 0.640931065625 0.13781467187500002 0.5514687656249999 0.128193115625 0.48672539062500003 0.145424621875 0.40826283124999996 0.1881669015625 0.35210919218750003 0.23493695625000002 0.23730909687500001 0.399862128125 0.17375981093749998 0.5665770171875 0.15573484531249998 0.7153892546875 0.22943838125 0.8089275453125 0.2887428734375 0.947445259375 0.316778284375 0.9711654015625 0.37398220625 0.9861579375 0.377978553125 0.9635563656249999 0.3596659796875 0.9369270203125 0.3621588 0.865541959375 0.3886906859375 0.8404786156249999 0.39600351875 0.814744128125 0.3416628421875 0.8095977765625 0.32116688125000004 0.7536535921875 0.3259259046875 0.617373025 0.34236452812499996 0.513987640625 0.3713892359375 0.41753923750000005 0.42158976406250004 0.3575663671875 0.5595224453125 0.2649211125 0.63730514375 0.24164748593750002 0.6883293359375 0.2499267546875 0.716138125 0.28013645 0.7754426171875 0.4186541640625 0.8061146546875 0.45871004375 0.8157546765625 0.550011184375 0.8023231015625001 0.7509635453125 0.7405867765624999 0.865762028125 0.7106555890624999 0.9881686343749999 0.710242428125 1 0.8521485406249999 1
9 0.8061146546875 0.45871004375 0.7754426171875 0.4186541640625 0.716138125 0.28013645 0.675743253125 0.242989775 0.63730514375 0.24164748593750002 0.5595224453125 0.2649211125 0.46116097187499994 0.3264609 0.378248828125 0.4047838515625 0.34236452812499996 0.513987640625 0.3259259046875 0.617373025 0.32116688125000004 0.7536535921875 0.33857297656249996 0.8062411421875 0.354248925 0.8165347578125 0.3929136515625 0.8113874953125 0.3886906859375 0.8404786156249999 0.41054636718750004 0.8574854953125 0.6473547515625 0.872252490625 0.71187150625 0.861510534375 0.7445831218750001 0.84316045625 0.767798521875 0.8212300296875 0.795236890625 0.77020848125 0.8100891734375001 0.7122499546875 0.8157546765625 0.550011184375 0.8061146546875 0.45871004375
9 0.396788021875 0.42492364687500006 0.45203517968750007 0.4041117953125 0.5350911296875001 0.41350963749999997 0.5452672062499999 0.3976213328125 0.5044190921875 0.37345375937499997 0.44676192812500004 0.37144032656250003 0.40432747343750003 0.39269960937500004 0.38397531875 0.42447621875 0.396788021875 0.42492364687500006
9 0.7151488296874999 0.400304996875 0.6283231546875 0.407019175 0.6309597796874999 0.423354909375 0.7142423484375 0.4262632 0.7743095171875 0.45110191874999994 0.746727346875 0.41440267343750004 0.7151488296874999 0.400304996875
9 0.5011635953125 0.5585178140625 0.5614573828125 0.5768669828124999 0.635243734375 0.5761949265624999 0.6549160296875 0.5638869671875 0.6553692703125 0.5509078656249999 0.6201038421875 0.4587118671875 0.59206843125 0.434991721875 0.5598100546875 0.4403627 0.52882858125 0.501006715625 0.502523315625 0.519580509375 0.5011635953125 0.5585178140625
9 0.4634881609375 0.44349652968750003 0.4210537078125 0.46475581093749996 0.47848425156249996 0.4732587953125 0.510969246875 0.4613982671875 0.48911356875 0.4443913890625 0.4634881609375 0.44349652968750003
9 0.6452760078125 0.4725858265625 0.6671316890625001 0.48959270625 0.7345116890625001 0.48869693593749997 0.700069925 0.4647530765625 0.6616318171875 0.4634107875 0.6452760078125 0.4725858265625
9 0.530619715625 0.725231790625 0.5977730953125 0.730825571875 0.694774846875 0.7082230890625001 0.670962403125 0.6554118250000001 0.6177548265625 0.6178177203125 0.51502658125 0.620727834375 0.43302091875000004 0.6730925828125 0.4358841640625 0.682938765625 0.45510321718749996 0.683609909375 0.530619715625 0.725231790625
4 0.38397531875 0.42447621875 0.3934715359375 0.42805656562500005 0.45203517968750007 0.4041117953125 0.5350911296875001 0.41350963749999997 0.5452672062499999 0.3976213328125 0.5044190921875 0.37345375937499997 0.44676192812500004 0.37144032656250003 0.40432747343750003 0.39269960937500004 0.38397531875 0.42447621875
3 0.48911356875 0.4443913890625 0.4634881609375 0.44349652968750003 0.4210537078125 0.46475581093749996 0.475167765625 0.4763917125 0.510969246875 0.4613982671875 0.48911356875 0.4443913890625
5 0.530619715625 0.725231790625 0.594456609375 0.733958490625 0.6950014671875 0.7017335390625 0.43302091875000004 0.6730925828125 0.530619715625 0.725231790625
2 0.6484268609375 0.6578735984375 0.6042622625 0.6368389421875 0.5273860453125 0.6341543656249999 0.45887294375 0.667497890625 0.5191667328125 0.68584705625 0.6855052500000001 0.6981531921874999 0.6484268609375 0.6578735984375
10 0.6042622625 0.6368389421875 0.6484268609375 0.6578735984375 0.67932551875 0.691439925 0.670962403125 0.6554118250000001 0.6177548265625 0.6178177203125 0.51502658125 0.620727834375 0.4396538890625 0.666826746875 0.4555564578125 0.6706308078125 0.5273860453125 0.6341543656249999 0.6042622625 0.6368389421875
6 0.502523315625 0.519580509375 0.5011635953125 0.5585178140625 0.5614573828125 0.5768669828124999 0.6319272484375 0.57932784375 0.6549160296875 0.5638869671875 0.6553692703125 0.5509078656249999 0.6201038421875 0.4587118671875 0.59206843125 0.434991721875 0.5598100546875 0.4403627 0.52882858125 0.501006715625 0.502523315625 0.519580509375
8 0.746727346875 0.41440267343750004 0.7151488296874999 0.400304996875 0.6283231546875 0.407019175 0.6309597796874999 0.423354909375 0.7142423484375 0.4262632 0.77099303125 0.45423483750000004 0.746727346875 0.41440267343750004
7 0.6616318171875 0.4634107875 0.6452760078125 0.4725858265625 0.6671316890625001 0.48959270625 0.731195203125 0.49182985312499994 0.700069925 0.4647530765625 0.6616318171875 0.4634107875