0 0.0729596578125 0 0 0.4606491453125 0 0.9270403421875001 0.15622126875 0.9517833609374999 0.1815091375 0.82195696875 0.17747779531250002 0.7747683453125 0.1557118078125 0.730589596875 0.1927903765625 0.5328054875 0.2296226171875 0.44553889843750005 0.23861310468750002 0.3887752015625 0.288467171875 0.2919335375 0.338538815625 0.23003892656249997 0.41161623281250004 0.186334984375 0.45269738750000005 0.18120407031250002 0.49176287343749997 0.15247884375 0.5216202984375 0.145570265625 0.5833508203125 0.15534741875 0.65742169375 0.19617291875 0.722284509375 0.258815065625 0.7614444046875 0.3202956515625 0.8213480750000001 0.48689011875 0.83793734375 0.6000741374999999 0.82848295625 0.7324083078125 0.7485538875 0.8012114968749999 0.6735552109375 0.9115269406250001 0.657277925 0.9234957843749999 0.6096858546874999 0.9334142375000001 0.5904938484375 0.9274651390624999 0.5931909953125001 0.91043603125 0.6136227859375001 0.890397046875 0.623512321875 0.8279569796875 0.6126293281249999 0.80586760625 0.582771903125 0.8127761828125 0.374233828125 0.7855657625 0.33584981875 0.7736675671875 0.29455108750000003 0.74385143125 0.29957588749999997 0.8755694953125 0.28788825625 0.9493623015624999 0.2743154109375 0.9704876359375 0.46064914375 1 0.9270403421875001 1 1 0.5393508546875 1 0.0729596578125 0.5393508546875 0 0.0729596578125 0
1 0.29957588749999997 0.8755694953125 0.29421035 0.764163140625 0.2598864359375 0.6539889953125 0.282145078125 0.4771327 0.305955490625 0.3994411875 0.339409109375 0.3698271296875 0.41440778749999996 0.2595116859375 0.44370690156250003 0.2379677671875 0.48950087499999995 0.23940205468750003 0.5532470671875 0.272773521875 0.6576105140624999 0.37658454375 0.6911585453125 0.437176296875 0.7001202765625 0.5258771734375001 0.696959228125 0.6184767531250001 0.67807920625 0.73768051875 0.6507957656250001 0.78281875 0.6026453828125 0.778101859375 0.604661053125 0.801696171875 0.623512321875 0.8279569796875 0.6136227859375001 0.890397046875 0.5931909953125001 0.91043603125 0.5928502578125 0.930747740625 0.6451551453125 0.927394490625 0.6735552109375 0.9115269406250001 0.7485538875 0.8012114968749999 0.82848295625 0.7324083078125 0.83793734375 0.6000741374999999 0.8108058187499999 0.4444890328125 0.73877936875 0.2817932734375 0.697821375 0.2316654265625 0.6367723296875 0.1812648515625 0.5833508203125 0.15534741875 0.503885653125 0.1485801390625 0.45269738750000005 0.18120407031250002 0.4237390109375 0.1824362796875 0.3678379296875 0.2084950078125 0.338538815625 0.23003892656249997 0.288467171875 0.2919335375 0.23861310468750002 0.3887752015625 0.2296226171875 0.44553889843750005 0.20379653437499998 0.4996361 0.1745918296875 0.61138583125 0.1557118078125 0.730589596875 0.17747779531250002 0.7747683453125 0.1815091375 0.82195696875 0.15856657968750001 0.952154821875 0.27365905156250003 0.970383678125 0.28788825625 0.9493623015624999 0.29957588749999997 0.8755694953125
9 0.29455108750000003 0.74385143125 0.3199132703125 0.7653247000000001 0.374233828125 0.7855657625 0.582771903125 0.8127761828125 0.604661053125 0.801696171875 0.605900840625 0.7757080921874999 0.6386729843750001 0.7867174546875 0.6540512203125 0.7804249796875 0.67807920625 0.73768051875 0.696959228125 0.6184767531250001 0.7001202765625 0.5258771734375001 0.6873447765625 0.42493472499999996 0.6284345640625 0.3428697015625 0.5532470671875 0.272773521875 0.48950087499999995 0.23940205468750003 0.45582968125 0.2340690625 0.41440778749999996 0.2595116859375 0.339409109375 0.3698271296875 0.305955490625 0.3994411875 0.282145078125 0.4771327 0.2596688625 0.6190419453125 0.2628011546875 0.6719069375 0.27805622812499997 0.7208732234374999 0.29455108750000003 0.74385143125
9 0.5432343671875 0.39047234999999997 0.5494045453124999 0.405996521875 0.6232578453125 0.41187497031250003 0.6678120328125 0.43929733750000005 0.6790357640625 0.44107500312500003 0.666695409375 0.4100266578125 0.6333649546875 0.384381953125 0.5828581640625 0.37638246406250003 0.5432343671875 0.39047234999999997
9 0.4693810671875 0.3845939015625 0.3949694546875 0.3640801109375 0.3651120296875 0.370988690625 0.33491386562500003 0.398208978125 0.391373259375 0.386785590625 0.4643275125 0.398340409375 0.4693810671875 0.3845939015625
9 0.46780054375 0.43089369062499994 0.42154266875 0.505029875 0.419744571875 0.516382615625 0.43478207187500006 0.53040185 0.4988690015625 0.54346160625 0.5544293453125 0.5377145875 0.5598236375 0.50365636875 0.540073321875 0.4830719296875 0.5233608875 0.42514667343749996 0.4962006078125 0.4150261421875 0.46780054375 0.43089369062499994
9 0.6066398234375 0.4441555265625 0.584192359375 0.440600196875 0.562303209375 0.4516802078125 0.588564440625 0.46747710937500003 0.6399702781250001 0.469800228125 0.6066398234375 0.4441555265625
9 0.44355498281249994 0.4386911015625 0.43087389218750005 0.42795446562499995 0.3972026984375 0.42262147343749995 0.3631907671875 0.437600190625 0.42166583125 0.44977111406250003 0.44355498281249994 0.4386911015625
9 0.44296791874999997 0.569520334375 0.39032229375 0.5931852937500001 0.3606824421875 0.6350409234375001 0.44126423125 0.6710788859375 0.50063834375 0.6775734390625 0.5733750234375 0.6541812078125 0.5902106203125 0.6568477046875 0.5943651265625001 0.6487775640625 0.53185871875 0.58941801875 0.44296791874999997 0.569520334375
4 0.5494045453124999 0.405996521875 0.6232578453125 0.41187497031250003 0.6701684421875 0.44257994062500006 0.6790357640625 0.44107500312500003 0.666695409375 0.4100266578125 0.6333649546875 0.384381953125 0.5828581640625 0.37638246406250003 0.5432343671875 0.39047234999999997 0.5494045453124999 0.405996521875
3 0.584192359375 0.440600196875 0.562303209375 0.4516802078125 0.5909208484375 0.47075970937499995 0.6399702781250001 0.469800228125 0.6066398234375 0.4441555265625 0.584192359375 0.440600196875
5 0.5943651265625001 0.6487775640625 0.361581490625 0.6293645546875 0.443620640625 0.6743614874999999 0.50063834375 0.6775734390625 0.5943651265625001 0.6487775640625
2 0.451494503125 0.5883271078125001 0.4095143 0.5991343921875 0.3704488140625 0.6278596171874999 0.517256365625 0.6452928859375 0.5728167109375 0.6395458656249999 0.518836890625 0.59899309375 0.451494503125 0.5883271078125001
10 0.44296791874999997 0.569520334375 0.39032229375 0.5931852937500001 0.376959728125 0.62307208125 0.4095143 0.5991343921875 0.451494503125 0.5883271078125001 0.518836890625 0.59899309375 0.5751731203125 0.6428284671875 0.5896523078125 0.6422123625 0.53185871875 0.58941801875 0.44296791874999997 0.569520334375
6 0.42154266875 0.505029875 0.419744571875 0.516382615625 0.43713847968749997 0.5336844515625 0.4988690015625 0.54346160625 0.5544293453125 0.5377145875 0.5598236375 0.50365636875 0.540073321875 0.4830719296875 0.5233608875 0.42514667343749996 0.4962006078125 0.4150261421875 0.46780054375 0.43089369062499994 0.42154266875 0.505029875
8 0.3949694546875 0.3640801109375 0.3651120296875 0.370988690625 0.337270275 0.40149158125 0.391373259375 0.386785590625 0.4643275125 0.398340409375 0.4693810671875 0.3845939015625 0.3949694546875 0.3640801109375
7 0.43087389218750005 0.42795446562499995 0.3972026984375 0.42262147343749995 0.3655471765625 0.4408827921875 0.42166583125 0.44977111406250003 0.44355498281249994 0.4386911015625 0.43087389218750005 0.42795446562499995