0 0.0337424578125 0 0 0.48253961562500003 0 0.9662575421874999 0.48253961562500003 1 0.9662575421874999 1 1 0.517460384375 1 0.0337424578125 0.517460384375 0 0.0337424578125 0
0 0.36693494531250004 0.7355444984374999 0.38563665 0.7555760203124999 0.4162409046875 0.7778801390625001 0.46468362812499997 0.7942301953124999 0.5141285984375 0.796247434375 0.5604746671874999 0.7850853671875 0.5938852171875 0.7672576 0.6414032640625 0.7201702328125 0.694626059375 0.6489968484374999 0.7273123828125 0.56486509375 0.7344817171875 0.5581649718749999 0.75868771875 0.5569770390625 0.77529276875 0.5494964375 0.7974021171875 0.52079638125 0.830689790625 0.4280649375 0.8336965359375 0.3850664875 0.8318310500000001 0.37341371875 0.825663965625 0.36578102343749996 0.8016584124999999 0.3641023921875 0.783588778125 0.35419710000000004 0.7142394046875 0.3493477203125 0.5427314578125 0.348877034375 0.491451721875 0.3539329484375 0.411032315625 0.3540706359375 0.3018741390625 0.343556971875 0.2692653875 0.3499184875 0.23212386875000002 0.3444407171875 0.22495453593749998 0.35114083906250004 0.22748280781250002 0.39164575625000003 0.2500076390625 0.4911605703125 0.2631743265625 0.513685628125 0.27610984375 0.5203513281250001 0.2845433125 0.5339036640625 0.28133611875 0.5797686765625001 0.305865446875 0.6506178593749999 0.340401121875 0.6933609515625 0.36693494531250004 0.7355444984374999
9 0.38563665 0.7555760203124999 0.4162409046875 0.7778801390625001 0.46591704375000004 0.7957567359375 0.5141285984375 0.796247434375 0.5604746671874999 0.7850853671875 0.5938852171875 0.7672576 0.6414032640625 0.7201702328125 0.6915578765625 0.6545434609375 0.7083019390625 0.6067444562500001 0.7201737687499999 0.5902911343749999 0.7273123828125 0.56486509375 0.7344817171875 0.5581649718749999 0.75868771875 0.5569770390625 0.77529276875 0.5494964375 0.7974021171875 0.52079638125 0.830689790625 0.4280649375 0.8336965359375 0.3850664875 0.8318310500000001 0.37341371875 0.825663965625 0.36578102343749996 0.8016584124999999 0.3641023921875 0.7903879296875 0.3719560234375 0.7758488140625001 0.38822283125 0.7633449140625 0.3945499234375 0.749437865625 0.42094295937500004 0.7428698828125 0.419043390625 0.7392779234375 0.355419453125 0.7249085390625 0.35009377812500003 0.5427314578125 0.348877034375 0.45390930156250003 0.35418830625000003 0.4139000484375 0.3513905859375 0.4161664328125 0.357310228125 0.440403153125 0.37484821562500004 0.44000225468750004 0.3805813421875 0.4274983546875 0.3869084359375 0.3884913484375 0.36977789843750003 0.3004709921875 0.36362291406249997 0.3152105578125 0.3444895453125 0.2692653875 0.3499184875 0.23212386875000002 0.3444407171875 0.22495453593749998 0.35114083906250004 0.22748280781250002 0.39164575625000003 0.2500076390625 0.4911605703125 0.2545404078125 0.5029998546875001 0.2631743265625 0.513685628125 0.27610984375 0.5203513281250001 0.2845433125 0.5339036640625 0.28133611875 0.5797686765625001 0.305865446875 0.6506178593749999 0.340401121875 0.6933609515625 0.36693494531250004 0.7355444984374999 0.38563665 0.7555760203124999
9 0.5604001953125 0.3645154546875 0.5382601265625 0.3744895921875 0.5310907953124999 0.3811897140625 0.5356235625 0.393028996875 0.5395242640625 0.39474205 0.558997046875 0.3845813984375 0.57500075 0.3857004859375 0.5834035 0.380526903125 0.677791390625 0.39144801875 0.6592901359375001 0.36854993281250004 0.6358859328124999 0.35827161093750004 0.6038785296875 0.35603343593750003 0.5604001953125 0.3645154546875
9 0.57913261875 0.403272896875 0.5569925515625 0.41324703281249997 0.546955484375 0.42262720312499996 0.5705601375 0.43003896093750005 0.6038009578125 0.43380367499999994 0.637843575 0.42610213750000003 0.6136068546875 0.40856414843750005 0.57913261875 0.403272896875
9 0.365549484375 0.3912182875 0.3389073671875 0.40807906093749996 0.353076303125 0.4162713 0.370313421875 0.418916928125 0.406221525 0.42286815625 0.4265268265625 0.4199671703125 0.40782512187500003 0.39993564843749996 0.39222231875 0.393083434375 0.365549484375 0.3912182875
9 0.412372475 0.5457229296875 0.4179382109375 0.561955315625 0.4436087984375 0.5781532781250001 0.47131460000000003 0.5844115265625 0.507824053125 0.579763065625 0.5398007359375 0.563275321875 0.5389374984375 0.5372897375 0.527204678125 0.5134246578125 0.5198817499999999 0.4264951828125 0.49544457968750005 0.411823759375 0.46323672812499994 0.4124521453125 0.450532378125 0.421645803125 0.43038067187499995 0.518176384375 0.418909740625 0.5288965796875 0.412372475 0.5457229296875
9 0.39219005 0.6235275921875 0.3825538828125 0.6271746359375 0.4209902578125 0.6716307796875001 0.4560965640625 0.6870482625000001 0.47333368125 0.689693890625 0.5059424328125 0.683332375 0.5280825 0.6733582390625 0.5561584828125 0.6551574421875 0.5723319140625 0.6346840484375 0.491079990625 0.62756206875 0.47714222343749996 0.6352291875 0.45620485625 0.6280039421875 0.39219005 0.6235275921875
1 0.7462468062500001 0.3515858953125 0.7392779234375 0.355419453125 0.7441032984375 0.42056993125000003 0.7508717328125 0.419602934375 0.7633449140625 0.3945499234375 0.8000240968749999 0.3683089796875 0.7991915781250001 0.3610493125 0.783588778125 0.35419710000000004 0.7462468062500001 0.3515858953125
4 0.5382601265625 0.3744895921875 0.5310907953124999 0.3811897140625 0.5368569796875 0.39455553593750003 0.558997046875 0.3845813984375 0.57500075 0.3857004859375 0.5834035 0.380526903125 0.677791390625 0.39144801875 0.6592901359375001 0.36854993281250004 0.6358859328124999 0.35827161093750004 0.6038785296875 0.35603343593750003 0.5686024953125 0.3622084359375 0.5382601265625 0.3744895921875
3 0.5569925515625 0.41324703281249997 0.546955484375 0.42262720312499996 0.5717935546875 0.43156549999999994 0.6038009578125 0.43380367499999994 0.637843575 0.42610213750000003 0.6136068546875 0.40856414843750005 0.57913261875 0.403272896875 0.5569925515625 0.41324703281249997
2 0.504246678125 0.650087125 0.43489730625 0.6452377453125 0.45460125937500007 0.65093645 0.504246678125 0.650087125
5 0.3825538828125 0.6271746359375 0.4209902578125 0.6716307796875001 0.45732998125 0.6885748031250001 0.5059424328125 0.683332375 0.5561584828125 0.6551574421875 0.5721314640624999 0.6375506109375 0.4839413765625 0.6529881109375 0.42032747031250006 0.6427786328125 0.3825538828125 0.6271746359375
10 0.39219005 0.6235275921875 0.38788845 0.6275476656250001 0.43633117187500003 0.6438977203125 0.5030132625 0.6485605875 0.5302874453124999 0.6418260421875 0.546291146875 0.6429451296875001 0.566997346875 0.63431101875 0.491079990625 0.62756206875 0.47714222343749996 0.6352291875 0.45620485625 0.6280039421875 0.39219005 0.6235275921875
6 0.4179382109375 0.561955315625 0.4436087984375 0.5781532781250001 0.47254801718749995 0.585938065625 0.507824053125 0.579763065625 0.5398007359375 0.563275321875 0.5389374984375 0.5372897375 0.527204678125 0.5134246578125 0.5198817499999999 0.4264951828125 0.49544457968750005 0.411823759375 0.46323672812499994 0.4124521453125 0.450532378125 0.421645803125 0.43384975312499996 0.5068966453125 0.412372475 0.5457229296875 0.4179382109375 0.561955315625
8 0.299237575 0.3620963765625 0.3884913484375 0.36977789843750003 0.424831071875 0.38672192031249997 0.4385683875 0.3819213671875 0.440403153125 0.37484821562500004 0.4136996 0.35425715 0.317877840625 0.344676059375 0.299237575 0.3620963765625
7 0.365549484375 0.3912182875 0.3389073671875 0.40807906093749996 0.37154683906249997 0.420443465625 0.4265268265625 0.4199671703125 0.40782512187500003 0.39993564843749996 0.39222231875 0.393083434375 0.365549484375 0.3912182875