0 0.0255177171875 0 0 0.48690704218749997 0 0.9744822828125 0.48690704218749997 1 0.9744822828125 1 1 0.5130929578125001 1 0.0255177171875 0.5130929578125001 0 0.0255177171875 0
0 0.734225975 0.5561206624999999 0.7476615203125 0.5511673187499999 0.7632241828125 0.5307674078125 0.7971584968750001 0.436368825 0.804484225 0.3971504546875 0.798283896875 0.3897536703125 0.7613444421875 0.3906464890625 0.7302522984375 0.3805308125 0.622357584375 0.3777050265625 0.54381409375 0.367931265625 0.49432614218750004 0.35685150625 0.326727271875 0.3367530796875 0.2583999875 0.3331721984375 0.23956065468749999 0.3406710765625 0.21590890468750001 0.33943154062500003 0.2089693671875 0.34613969375 0.20575002968749997 0.35728591875000004 0.2035324046875 0.39960072812499997 0.224933353125 0.494070575 0.243090809375 0.5247238890625 0.25841511875 0.53401320625 0.2819190296875 0.53807373125 0.28811935625 0.5454705140625 0.30996382968749997 0.6314773984375 0.35342345000000003 0.7073021421875 0.3941977671875 0.758941903125 0.42469854375000005 0.7803415296875 0.46863486718749997 0.7967878109375001 0.5171784374999999 0.8007462406249999 0.5664612140624999 0.7905997328125001 0.5990317765625 0.7725055359375 0.6197025421875 0.7552020625 0.6506800203124999 0.7172232281250001 0.6895414203125 0.6796575703125 0.7219973171875 0.6134688625 0.724362784375 0.5683330640625 0.734225975 0.5561206624999999
9 0.724362784375 0.5683330640625 0.734225975 0.5561206624999999 0.7476615203125 0.5511673187499999 0.7573768703125 0.5417759046875 0.7632241828125 0.5307674078125 0.7971584968750001 0.436368825 0.804484225 0.3971504546875 0.798283896875 0.3897536703125 0.7613444421875 0.3906464890625 0.7171124343749999 0.37984218125 0.72921740625 0.40027772656250005 0.6424943140625 0.3957327609375 0.60233551875 0.40777180468749996 0.5908792468749999 0.40009956874999997 0.59117493125 0.3944575921875 0.6169537984375 0.3802505625 0.6198774546875 0.3747463125 0.5804578671875 0.3726804203125 0.49432614218750004 0.35685150625 0.3162153828125 0.336202175 0.30153977187500003 0.3396761625 0.2904033359375 0.4013247046875 0.283759484375 0.40239088437500004 0.27333810468749997 0.3749717359375 0.2618818328125 0.3672995 0.2496290203125 0.34968494375 0.23956065468749999 0.3406710765625 0.21590890468750001 0.33943154062500003 0.2089693671875 0.34613969375 0.20575002968749997 0.35728591875000004 0.2035324046875 0.39960072812499997 0.224933353125 0.494070575 0.243090809375 0.5247238890625 0.25841511875 0.53401320625 0.2819190296875 0.53807373125 0.28811935625 0.5454705140625 0.292044725 0.5711348546874999 0.3016695640625 0.5886116828125 0.31229611875 0.6372570984375 0.35342345000000003 0.7073021421875 0.3941977671875 0.758941903125 0.42469854375000005 0.7803415296875 0.46863486718749997 0.7967878109375001 0.5157905296874999 0.802087871875 0.5664612140624999 0.7905997328125001 0.5990317765625 0.7725055359375 0.6197025421875 0.7552020625 0.6506800203124999 0.7172232281250001 0.6895414203125 0.6796575703125 0.7219973171875 0.6134688625 0.724362784375 0.5683330640625
9 0.45080016718750004 0.3828577609375 0.45838840156250005 0.3889129140625 0.4741562359375 0.3897392703125 0.49196067499999996 0.40198730468750005 0.4959765546875 0.4007834 0.5018238671875 0.3897749015625 0.495623540625 0.38237811875 0.475191128125 0.36999235937499997 0.433734934375 0.35650479062499996 0.402199265625 0.3548520765625 0.37810398749999996 0.3620755015625 0.35728538125 0.3821999609375 0.45080016718750004 0.3828577609375
9 0.4813582765625 0.42830464218750003 0.47267781875 0.41794914531250005 0.45224540468749996 0.40556338593749997 0.417933921875 0.40659393125000004 0.3921550546875 0.4208009640625 0.42448726406250004 0.4323959984375 0.457410840625 0.43270708124999996 0.4813582765625 0.42830464218750003
9 0.6543609328125 0.445857534375 0.6715166765625 0.4453422609375 0.686340128125 0.43904728593750003 0.6623353609375 0.41940246875 0.6360556359375 0.41802520625 0.6199921171875 0.42284082500000003 0.599321353125 0.44014429687499995 0.618809384375 0.44540872499999995 0.6543609328125 0.445857534375
9 0.5329733437499999 0.4239378359375 0.5073423171875 0.43532387968749997 0.4897672046875 0.5192648703125 0.47544460937500005 0.5411441375 0.4714860609375 0.5663952984375 0.5007467734375 0.5863155671875 0.535854796875 0.5952273406249999 0.563670271875 0.592441984375 0.5906892046875 0.579714309375 0.5980722640625 0.56454319375 0.59370336875 0.5473418171875 0.5837828468749999 0.5355069640625 0.5756696 0.43890476093749997 0.5643611703125 0.4284115359375 0.5329733437499999 0.4239378359375
9 0.4444912828125 0.654085728125 0.46973611562500006 0.6752099015625 0.490168528125 0.6875956609375 0.521260671875 0.6977113390625 0.5384164140625 0.6971960640625 0.5745593296875 0.6863609234375 0.6174366078125 0.6475913640625001 0.608460465625 0.642877840625 0.545389128125 0.6395724125 0.5240696640625 0.644112578125 0.511373328125 0.6349609843749999 0.431146246875 0.632170828125 0.4444912828125 0.654085728125
1 0.2825194203125 0.40091152656249995 0.2890154296875 0.4026663359375 0.30153977187500003 0.3396761625 0.2951916015625 0.335100365625 0.2583999875 0.3331721984375 0.2423364703125 0.337987815625 0.2406528796875 0.344971421875 0.27333810468749997 0.3749717359375 0.2825194203125 0.40091152656249995
4 0.35728538125 0.3821999609375 0.45080016718750004 0.3828577609375 0.45838840156250005 0.3889129140625 0.4741562359375 0.3897392703125 0.49458864843750006 0.40212503125000004 0.5018238671875 0.3897749015625 0.495623540625 0.38237811875 0.46745505156249995 0.3667581921875 0.433734934375 0.35650479062499996 0.402199265625 0.3548520765625 0.37810398749999996 0.3620755015625 0.35728538125 0.3821999609375
3 0.45602293437499997 0.4340487125 0.4813582765625 0.42830464218750003 0.47267781875 0.41794914531250005 0.45224540468749996 0.40556338593749997 0.417933921875 0.40659393125000004 0.3921550546875 0.4208009640625 0.42448726406250004 0.4323959984375 0.45602293437499997 0.4340487125
2 0.56413795 0.6589417765625 0.495810665625 0.6553608953125 0.5442063953125 0.6621403124999999 0.56413795 0.6589417765625
5 0.490168528125 0.6875956609375 0.53702850625 0.6985376953125 0.5745593296875 0.6863609234375 0.6174366078125 0.6475913640625001 0.5786657187500001 0.6582887765625001 0.515298696875 0.6606253234375 0.4309984046875 0.6349918171875 0.4444912828125 0.654085728125 0.490168528125 0.6875956609375
10 0.4555945390625 0.643352684375 0.4713623734375 0.644179040625 0.4971985734375 0.6540192640625 0.562897884375 0.65746241875 0.6121806624999999 0.6473159109375 0.608460465625 0.642877840625 0.545389128125 0.6395724125 0.5240696640625 0.644112578125 0.511373328125 0.6349609843749999 0.4364021921875 0.63244628125 0.4555945390625 0.643352684375
6 0.5329733437499999 0.4239378359375 0.5073423171875 0.43532387968749997 0.4897672046875 0.5192648703125 0.47544460937500005 0.5411441375 0.4714860609375 0.5663952984375 0.5007467734375 0.5863155671875 0.534466890625 0.5965689703125 0.563670271875 0.592441984375 0.5906892046875 0.579714309375 0.5980722640625 0.56454319375 0.581746240625 0.5240852859375 0.5756696 0.43890476093749997 0.5643611703125 0.4284115359375 0.5329733437499999 0.4239378359375
8 0.6049634921875 0.40790953124999996 0.6424943140625 0.3957327609375 0.7306053125 0.39893609531249996 0.7144844640625 0.37970445625 0.6197296125 0.3775673 0.59117493125 0.3944575921875 0.5921193125 0.40157892500000003 0.6049634921875 0.40790953124999996
7 0.686340128125 0.43904728593750003 0.6623353609375 0.41940246875 0.6360556359375 0.41802520625 0.6199921171875 0.42284082500000003 0.599321353125 0.44014429687499995 0.6529730265625 0.447199165625 0.686340128125 0.43904728593750003