0 0.4781695265625 0 0 0.0418344125 0 0.5218304734375 0.0418344125 1 0.5218304734375 1 1 0.9581655874999999 1 0.4781695265625 0.9581655874999999 0 0.4781695265625 0
0 0.7540799609375 0.47777088437500004 0.7401265078125 0.4341782671875 0.743601440625 0.4159488953125 0.7559851125 0.41262479687500003 0.772635325 0.4290934453125 0.782697896875 0.428213084375 0.7943033921875 0.41599438906249997 0.8082165578125 0.372204428125 0.9065346156249999 0.39497208281249996 0.928591771875 0.386320321875 0.8836724234375 0.33647419375 0.8240483031249999 0.2923959046875 0.800810453125 0.2585782453125 0.7520270828125 0.22251418906249998 0.7280110546875 0.179801934375 0.6660524078125001 0.1090398578125 0.54951435625 0.0228868375 0.5127390000000001 0.008178909375 0.401272521875 0.008968284375 0.25692157187500003 0.0395227125 0.194238465625 0.0763761421875 0.13195787812499998 0.146804396875 0.091734446875 0.2085808921875 0.0801423796875 0.24992711406249998 0.10457435468750001 0.35534171875 0.14176565937500002 0.43275199531249997 0.1750660828125 0.46568929375 0.233549796875 0.5546807421875 0.258344 0.6062875921875001 0.310240075 0.6779300312500001 0.4093497390625 0.73871980625 0.5254852734375 0.791298003125 0.55141988125 0.7979916968749999 0.5990225578125 0.79158633125 0.635784484375 0.777166734375 0.673700246875 0.746961503125 0.7266964375 0.6863082046875 0.76691986875 0.624531709375 0.7773446703125 0.5698435953125001 0.756803578125 0.50890196875 0.745573740625 0.4964404359375 0.7540799609375 0.47777088437500004
1 0.576334578125 0.27149533125 0.6375016203125 0.30423528593750004 0.69094061875 0.3645393875 0.7025461140625 0.3523206921875 0.6990443203125001 0.3122950125 0.72417389375 0.251839059375 0.7353902999999999 0.235173065625 0.75744745625 0.22652130625 0.7051622921875 0.150431571875 0.6660524078125001 0.1090398578125 0.570806765625 0.0344680078125 0.5336423203125 0.0153127828125 0.487193478125 0.0059325140625 0.381147378125 0.010729006250000001 0.2963936859375 0.027106671875 0.2422168 0.045290551562499996 0.194238465625 0.0763761421875 0.13195787812499998 0.146804396875 0.091734446875 0.2085808921875 0.0801423796875 0.24992711406249998 0.10457435468750001 0.35534171875 0.14176565937500002 0.43275199531249997 0.1669355203125 0.45967861875000005 0.149104615625 0.40074055 0.14365738125 0.33847838124999996 0.182726978125 0.29248751875 0.2411569734375 0.2649688640625 0.295333859375 0.246784984375 0.3607405828125 0.2410626375 0.576334578125 0.27149533125
1 0.8012264 0.32128059375 0.80511728125 0.3657535703125 0.8186682171875 0.375771365625 0.921628475 0.39365154062499996 0.928591771875 0.386320321875 0.905743009375 0.35694996093750003 0.8240483031249999 0.2923959046875 0.800810453125 0.2585782453125 0.7818391421875 0.24455333437500001 0.781852571875 0.27368085937500003 0.8012264 0.32128059375
9 0.745573740625 0.4964404359375 0.7525236078125 0.45998169375 0.73934833125 0.42528367187500005 0.745922540625 0.4135051578125 0.7559851125 0.41262479687500003 0.772635325 0.4290934453125 0.782697896875 0.428213084375 0.7943033921875 0.41599438906249997 0.81053765625 0.3697606875 0.7737085796875001 0.23854265937500002 0.7601576437500001 0.2285248640625 0.745063784375 0.22984540625 0.72417389375 0.251839059375 0.6990443203125001 0.3122950125 0.7025461140625 0.3523206921875 0.6959719062499999 0.3640992078125 0.67738968125 0.3545215953125 0.6375016203125 0.30423528593750004 0.5972378984375 0.27862920468749997 0.42731456874999996 0.248682184375 0.3607405828125 0.2410626375 0.295333859375 0.246784984375 0.182726978125 0.29248751875 0.14365738125 0.33847838124999996 0.149104615625 0.40074055 0.169645709375 0.4616821765625 0.204891571875 0.5168559640625 0.213022134375 0.522866640625 0.23081274999999998 0.49442213125 0.2505488078125 0.4882141125 0.326018103125 0.48161140468749997 0.3341486640625 0.48762208124999995 0.3275744546875 0.4994005953125 0.2327581921875 0.516658621875 0.2161214078125 0.529317496875 0.2990102390625 0.665468496875 0.3880573296875 0.7271386359374999 0.5254852734375 0.791298003125 0.55141988125 0.7979916968749999 0.5967014578125001 0.794030071875 0.635784484375 0.777166734375 0.673700246875 0.746961503125 0.7266964375 0.6863082046875 0.76691986875 0.624531709375 0.7773446703125 0.5698435953125001 0.756803578125 0.50890196875 0.745573740625 0.4964404359375
9 0.41734600468750005 0.453455225 0.47615165781249996 0.4012563421875 0.5469653250000001 0.3704135875 0.5233518171875 0.36127615468749996 0.49819538437500005 0.3634770578125 0.44982796093750005 0.3901153515625 0.3964426828125 0.4463213515625 0.3995419578125 0.45277220781249994 0.41734600468750005 0.453455225
9 0.5025022124999999 0.47065238281250005 0.5423499875 0.43355611562499996 0.5241568515624999 0.42842580156250004 0.48429564999999997 0.43639454375 0.464183934375 0.467282790625 0.46070900000000004 0.4855121640625 0.470771571875 0.484631803125 0.5025022124999999 0.47065238281250005
9 0.3674490875 0.5205593796875 0.3891574453125 0.5948428984375 0.38259666718749996 0.635748940625 0.401957065625 0.6542211484375 0.4646536 0.6464952421875 0.49599515156249996 0.6280685265625 0.526169440625 0.59629991875 0.5253912640625 0.5874053234375001 0.48744864374999997 0.559355503125 0.4463933171875 0.4957273 0.4382627546875 0.4897166234375 0.3980124640625 0.49323806875000004 0.3674490875 0.5205593796875
9 0.3287417203125 0.5127424890625 0.298943090625 0.51983086875 0.2784422859375 0.54627181875 0.2966354203125 0.551402134375 0.3291442375 0.5463173125 0.357775603125 0.5258870390625 0.3287417203125 0.5127424890625
9 0.449962259375 0.6813906078125 0.4383567640625 0.6936093046875 0.4553960640625 0.71452525 0.48481903437499996 0.7321170984375 0.537842084375 0.729718853125 0.5738258375 0.7064046578125 0.6128954328125 0.6604137953125 0.6213882234375 0.6126167171875 0.5962317921875 0.6148176203125 0.5625691390625 0.635688075 0.5374127078125001 0.6378889765625 0.4894343734375 0.66897456875 0.449962259375 0.6813906078125
4 0.2184425078125 0.5268737578125 0.257525534375 0.5100104203125 0.3275744546875 0.4994005953125 0.3341486640625 0.48762208124999995 0.326018103125 0.48161140468749997 0.23081274999999998 0.49442213125 0.21070103437499998 0.5253103796875 0.2184425078125 0.5268737578125
3 0.3287417203125 0.5127424890625 0.298943090625 0.51983086875 0.2784422859375 0.54627181875 0.3268231390625 0.54876105 0.357775603125 0.5258870390625 0.3287417203125 0.5127424890625
6 0.3674490875 0.5205593796875 0.3891574453125 0.5948428984375 0.38259666718749996 0.635748940625 0.401957065625 0.6542211484375 0.46233250156250005 0.6489389828125 0.49599515156249996 0.6280685265625 0.526169440625 0.59629991875 0.5253912640625 0.5874053234375001 0.48744864374999997 0.559355503125 0.4382627546875 0.4897166234375 0.3980124640625 0.49323806875000004 0.3674490875 0.5205593796875
8 0.41502490468750003 0.45589896406249997 0.47615165781249996 0.4012563421875 0.5469653250000001 0.3704135875 0.5233518171875 0.36127615468749996 0.49819538437500005 0.3634770578125 0.44982796093750005 0.3901153515625 0.3964426828125 0.4463213515625 0.41502490468750003 0.45589896406249997
5 0.4437771375 0.6976164218750001 0.4553960640625 0.71452525 0.48481903437499996 0.7321170984375 0.5355209875 0.732162590625 0.5738258375 0.7064046578125 0.6128954328125 0.6604137953125 0.6213882234375 0.6126167171875 0.5563974484374999 0.6810414140625001 0.5130613125 0.7072395265625 0.4778423078125 0.710320790625 0.4437771375 0.6976164218750001
10 0.46930922812500003 0.6707352906249999 0.4429989609375 0.688721825 0.4611920953125 0.693852140625 0.5540629203125 0.654357625 0.6190671234375 0.6150604562499999 0.5962317921875 0.6148176203125 0.5625691390625 0.635688075 0.5374127078125001 0.6378889765625 0.4894343734375 0.66897456875 0.46930922812500003 0.6707352906249999
2 0.4778423078125 0.710320790625 0.5130613125 0.7072395265625 0.5563974484374999 0.6810414140625001 0.609782728125 0.6248354125 0.6020412546875 0.623272034375 0.5103376953125001 0.6761084421875 0.4611920953125 0.693852140625 0.44338805 0.6931691234375 0.4778423078125 0.710320790625
7 0.4684504734375 0.48707554062499997 0.516817896875 0.46043724687500004 0.5423499875 0.43355611562499996 0.5241568515624999 0.42842580156250004 0.48429564999999997 0.43639454375 0.464183934375 0.467282790625 0.46070900000000004 0.4855121640625 0.4684504734375 0.48707554062499997