0 0.49127245156250005 0 0 0.0171556125 0 0.5087275484375 0.0171556125 1 0.5087275484375 1 1 0.9828443874999999 1 0.49127245156250005 0.9828443874999999 0 0.49127245156250005 0
0 0.4912724546875 0 0.15015258125 0.01191216875 0.10425180781250001 0.058587560937500005 0.060405078125 0.118712975 0.0465231234375 0.1597629953125 0.06559284062500001 0.26727107031249997 0.0990161265625 0.3472344078125 0.1308673625 0.38218013906250003 0.18515799375 0.47493652343750004 0.207440184375 0.528245415625 0.2560030640625 0.603172815625 0.3527699953125 0.6696560171875 0.4671473875 0.728763375 0.4929564609375 0.7368766 0.5413177203124999 0.7329341640625 0.5791667046875 0.7203443234375 0.6190149375 0.6919092906250001 0.6756876015625 0.633589609375 0.7195343328125 0.5734641953125 0.732944671875 0.51890889375 0.715447003125 0.45641842343750005 0.7047775234375 0.44326925937499995 0.71434656875 0.4249061 0.7025766546875001 0.38024461249999997 0.7070467671875 0.3620595109375 0.7197154968749999 0.359363484375 0.735641115625 0.37683635 0.74583898125 0.3764802328125 0.7581933000000001 0.3647806859375 0.77454611875 0.32139075625 0.872526275 0.3495199640625 0.8952356671875 0.34196606093750004 0.8525577453125001 0.289369403125 0.794740228125 0.24180868281249998 0.773086859375 0.2065068328125 0.7257816203125 0.16759351718749999 0.7038138375 0.1232881484375 0.64505309375 0.048716865625 0.585830103125 0 0.4912724546875 0
1 0.491272471875 0 0.15015258125 0.01191216875 0.10425180781250001 0.058587560937500005 0.060405078125 0.118712975 0.0465231234375 0.1597629953125 0.06559284062500001 0.26727107031249997 0.0990161265625 0.3472344078125 0.12298315625 0.3756945875 0.10811355781250001 0.3153659671875 0.1059126875 0.2523413203125 0.1477601703125 0.208061096875 0.2081613375 0.18341559062499999 0.263777984375 0.1679516640625 0.3300641109375 0.1656369015625 0.5459485421875 0.207677803125 0.6059225109375 0.24389509375 0.65664184375 0.3074790625 0.6689961640625001 0.295779515625 0.66758131875 0.2552636703125 0.6961312515625 0.1956724328125 0.708328365625 0.179471125 0.7310377578125 0.17191721875 0.6823176734375 0.0924880578125 0.64505309375 0.048716865625 0.589060246875 0 0.491272471875 0
1 0.7701887953125001 0.26970954062499997 0.7717608453125 0.3147271453125 0.7849011890625001 0.3255364 0.8878230734375 0.3489857890625 0.8952356671875 0.34196606093750004 0.8737394999999999 0.311165971875 0.794740228125 0.24180868281249998 0.773086859375 0.2065068328125 0.7546903765625 0.191373878125 0.7531627421875 0.22072435 0.7701887953125001 0.26970954062499997
9 0.7047775234375 0.44326925937499995 0.71371775 0.40689905781249996 0.7022622453125 0.371241090625 0.70951763125 0.3597196015625 0.7197154968749999 0.359363484375 0.735641115625 0.37683635 0.74583898125 0.3764802328125 0.7581933000000001 0.3647806859375 0.7770169828125 0.3190508453125 0.7468061703125 0.18488832500000002 0.7336658265625 0.1740790703125 0.7183690281249999 0.174613246875 0.6961312515625 0.1956724328125 0.66758131875 0.2552636703125 0.6689961640625001 0.295779515625 0.6617407765625 0.30730100312499997 0.6435015 0.29666980781249996 0.6059225109375 0.24389509375 0.5666586828125 0.21596909062499997 0.3968218515625 0.1768274203125 0.3300641109375 0.1656369015625 0.263777984375 0.1679516640625 0.1477601703125 0.208061096875 0.1059126875 0.2523413203125 0.10811355781250001 0.3153659671875 0.125611225 0.3778564390625 0.15824848593750002 0.435310971875 0.1661326921875 0.441796525 0.18558519375 0.414073728125 0.2058237203125 0.4088597328125 0.28230771250000003 0.406188853125 0.29019191875 0.41267440468750005 0.28293653124999996 0.42419589531249996 0.18637121875 0.4365825296875 0.168917965625 0.44846013749999997 0.2453335828125 0.5900236515625 0.3319026515625 0.656862971875 0.4671473875 0.728763375 0.4929564609375 0.7368766 0.53884685625 0.7352740734375 0.5791667046875 0.7203443234375 0.6190149375 0.6919092906250001 0.6756876015625 0.633589609375 0.7195343328125 0.5734641953125 0.732944671875 0.51890889375 0.715447003125 0.45641842343750005 0.7047775234375 0.44326925937499995
9 0.37593054531250003 0.38263684531250003 0.4380165546875 0.33314262656250004 0.5110864515625 0.30580109375000003 0.4877482421875 0.29534795625 0.462253578125 0.29623825 0.412050275 0.3205276390625 0.35522040625 0.3743455578125 0.3580056796875 0.3810091703125 0.37593054531250003 0.38263684531250003
9 0.4609275640625 0.4044585609375 0.50308945625 0.3691818578125 0.48500738437499996 0.36305242187500003 0.4443731265625 0.368978653125 0.4224497609375 0.399041359375 0.4179796484375 0.41722645937499997 0.4281775125 0.41687034218749996 0.4609275640625 0.4044585609375
9 0.3220431546875 0.44762013749999996 0.34001243593749997 0.523615890625 0.331229415625 0.56448785 0.34978310156250003 0.5841225671875 0.41344116093750005 0.5796459546875 0.44603400625 0.5627324125000001 0.4781552359375 0.5323135875 0.4778408265625 0.523310065625 0.44104786406249996 0.49304415312499994 0.402997259375 0.42676415624999997 0.395113053125 0.42027860468749995 0.354321590625 0.4217030734375 0.3220431546875 0.44762013749999996
9 0.283408146875 0.43770117500000005 0.2529717546875 0.4432712875 0.23089118437499997 0.46883223437500005 0.24897325625 0.4749616703125 0.28203771718750004 0.47155340937499995 0.3120024953125 0.45247801406250004 0.283408146875 0.43770117500000005
9 0.39677393125 0.6140323640625 0.3844196125 0.6257319109374999 0.400502434375 0.6477065375 0.4292539875 0.6669851375 0.482871384375 0.6673664015624999 0.5204059578125 0.645773040625 0.5622534406249999 0.601492815625 0.573350121875 0.553779184375 0.54785545625 0.554669478125 0.512791746875 0.57392293125 0.487297084375 0.574813225 0.437250984375 0.6036043734375001 0.39677393125 0.6140323640625
4 0.1713888296875 0.44612022656250006 0.21170867656249998 0.4311904765625 0.28293653124999996 0.42419589531249996 0.29019191875 0.41267440468750005 0.28230771250000003 0.406188853125 0.18558519375 0.414073728125 0.16366182812500002 0.4441364359375 0.1713888296875 0.44612022656250006
3 0.283408146875 0.43770117500000005 0.2529717546875 0.4432712875 0.23089118437499997 0.46883223437500005 0.279566853125 0.47389331874999996 0.3120024953125 0.45247801406250004 0.283408146875 0.43770117500000005
6 0.3220431546875 0.44762013749999996 0.34001243593749997 0.523615890625 0.331229415625 0.56448785 0.34978310156250003 0.5841225671875 0.410970296875 0.5819858640625 0.44603400625 0.5627324125000001 0.4781552359375 0.5323135875 0.4778408265625 0.523310065625 0.44104786406249996 0.49304415312499994 0.395113053125 0.42027860468749995 0.354321590625 0.4217030734375 0.3220431546875 0.44762013749999996
8 0.37345968281249997 0.38497675625 0.4380165546875 0.33314262656250004 0.5110864515625 0.30580109375000003 0.4877482421875 0.29534795625 0.462253578125 0.29623825 0.412050275 0.3205276390625 0.35522040625 0.3743455578125 0.37345968281249997 0.38497675625
5 0.38967575 0.6300556140625 0.400502434375 0.6477065375 0.4292539875 0.6669851375 0.48040052031249997 0.6697063109375 0.5204059578125 0.645773040625 0.5622534406249999 0.601492815625 0.573350121875 0.553779184375 0.50416593125 0.6192966515625 0.4590615609375 0.6434079828125 0.42336903125 0.64465439375 0.38967575 0.6300556140625
10 0.41685525312499994 0.6043166078125 0.389361340625 0.6210520921875 0.40744341406249995 0.6271815265625 0.5032227015624999 0.5922860890625 0.5708792578125 0.55611909375 0.54785545625 0.554669478125 0.512791746875 0.57392293125 0.487297084375 0.574813225 0.437250984375 0.6036043734375001 0.41685525312499994 0.6043166078125
2 0.42336903125 0.64465439375 0.4590615609375 0.6434079828125 0.50416593125 0.6192966515625 0.5609957999999999 0.5654787328124999 0.5532687984375 0.5634949406249999 0.4579611265625 0.6118956609375 0.40744341406249995 0.6271815265625 0.38951854531249996 0.625553853125 0.42336903125 0.64465439375
7 0.42570664843749995 0.419210253125 0.47590995312500006 0.39492086249999997 0.50308945625 0.3691818578125 0.48500738437499996 0.36305242187500003 0.4443731265625 0.368978653125 0.4224497609375 0.399041359375 0.4179796484375 0.41722645937499997 0.42570664843749995 0.419210253125