0 0.0729596578125 0 0 0.46064914687499997 0 0.699448478125 0.012879798437500001 0.683195915625 0.059264532812500006 0.59291196875 0.0734831140625 0.5481566609375 0.102171490625 0.5020771984375 0.13936589531250002 0.4248014359375 0.16556827968750001 0.349400653125 0.1981675203125 0.27862898125 0.2774027125 0.161004515625 0.361917371875 0.055064076562499994 0.39274959531250003 0.029211871875 0.41988749687500004 0.015430359375 0.46845074999999997 0.001426340625 0.487996065625 0 0.0729596578125 0
0 0.527935759375 0 0.5814156609375 0.008470384374999999 0.67891899375 0.0456090765625 0.7399684843750001 0.0878218875 0.7857729390625 0.14750783125 0.8150893609375001 0.2100062453125 0.8292516828125001 0.2556407 0.8468355187500001 0.39221573906249996 0.841569140625 0.5830268125 0.86219766875 0.7453957124999999 0.869906871875 0.87679081875 0.8533462609375 1 0.9270403421875001 1 1 0.5393508546875 1 0.0729596578125 0.5393508546875 0 0.527935759375 0
0 0.5204973484375001 1 0.5397131234375 0.9582833015625001 0.5833606453125 0.7952468859375 0.578423328125 0.7926569171875 0.558240978125 0.8075400828125 0.5021634781250001 0.8239699078125 0.428571490625 0.8159300281249999 0.36584591718750004 0.7842995921875 0.344294959375 0.762806521875 0.31038337031249996 0.706812196875 0.30737335625 0.73707100625 0.31911903124999996 0.865489478125 0.354399225 0.9578600375 0.37483279375 0.986408025 0.4606491453125 1 0.5204973484375001 1
1 0.487996065625 0 0.46845074999999997 0.001426340625 0.41988749687500004 0.015430359375 0.39274959531250003 0.029211871875 0.361917371875 0.055064076562499994 0.2774027125 0.161004515625 0.1981675203125 0.27862898125 0.16556827968750001 0.349400653125 0.13936589531250002 0.4248014359375 0.102171490625 0.5020771984375 0.0734831140625 0.5481566609375 0.059264532812500006 0.59291196875 0.012879798437500001 0.683195915625 0 0.699448478125 0 0.9270403421875001 0.37483279375 0.986408025 0.354399225 0.9578600375 0.3332813515625 0.9111239328125 0.31495695156250003 0.8467505359375 0.3158231234375 0.79626446875 0.30930065625 0.7699197828125001 0.30948252656249997 0.701245596875 0.30283445000000003 0.6531853359375 0.30885448125 0.59266771875 0.32518223125 0.5120870015625 0.3377247296875 0.47791406875 0.35902446875 0.4559759875 0.3847028328125 0.440155334375 0.4367438609375 0.4267021421875 0.5114532374999999 0.42768710312499997 0.52995950625 0.423386315625 0.543870609375 0.42558961718750005 0.549708771875 0.433746184375 0.577530978125 0.4381527890625 0.5868469171874999 0.446860184375 0.6320580031249999 0.454020915625 0.7036664296875 0.5196017796875 0.7109641328125 0.5297974890625 0.7169279046875 0.5596696328124999 0.703952321875 0.6190856 0.67762433125 0.6727708046875 0.6311139875 0.741339175 0.584478034375 0.78819196875 0.5397131234375 0.9582833015625001 0.5204973484375001 1 0.8539574734375 1 0.8694737859374999 0.9020338515624999 0.86219766875 0.7453957124999999 0.841569140625 0.5830268125 0.8468355187500001 0.39221573906249996 0.822729215625 0.2292960140625 0.7857729390625 0.14750783125 0.7399684843750001 0.0878218875 0.6887936265625 0.050789010937500004 0.6353839906250001 0.027865968749999998 0.6145173359375 0.024561015624999998 0.5814156609375 0.008470384374999999 0.527935759375 0 0.487996065625 0
9 0.356529978125 0.7755921984375 0.37863963125 0.7935578109375 0.428571490625 0.8159300281249999 0.48769367968750005 0.8252940625 0.558240978125 0.8075400828125 0.583919340625 0.791719428125 0.6311139875 0.741339175 0.67762433125 0.6727708046875 0.710782265625 0.598471675 0.71568490625 0.5450089734375 0.7109641328125 0.5297974890625 0.6885123296875 0.50273781875 0.6734838359374999 0.50758943125 0.6247949734375 0.49987787343749995 0.605045709375 0.48951800468749995 0.6096408734375001 0.4830139125 0.6321836125 0.475736490625 0.662024053125 0.47865477968750003 0.6320580031249999 0.454020915625 0.5868469171874999 0.446860184375 0.577530978125 0.4381527890625 0.549708771875 0.433746184375 0.543870609375 0.42558961718750005 0.4691612328125 0.4246046546875 0.48263924999999996 0.452050990625 0.43686946875 0.4484177171875 0.40724557031249997 0.43287791249999996 0.373152115625 0.44555777343749997 0.3377247296875 0.47791406875 0.32518223125 0.5120870015625 0.30438492500000003 0.620887384375 0.3065634453125 0.6971673125 0.3194827671875 0.7281411062500001 0.356529978125 0.7755921984375
9 0.46553626406250004 0.5487806828124999 0.45522854375 0.5688437828125 0.46085016406249996 0.58962186875 0.515160646875 0.6181115109374999 0.551956640625 0.62213145 0.5799953890625 0.6139165375 0.585023640625 0.5821694109375 0.576825090625 0.5664071015625 0.57669948125 0.5446915265625 0.5827195125 0.48417390937500004 0.5637454843749999 0.4576650640625 0.539401053125 0.453809284375 0.5148400796875 0.46257502187500005 0.485718615625 0.5338975203125 0.46553626406250004 0.5487806828124999
9 0.42408884531249996 0.641654596875 0.4070421171875 0.647994528125 0.4324130046875 0.6791324828125 0.47629015781249995 0.70596965 0.5194830078125 0.7146186984375 0.5455035234375 0.7078921015625 0.557612934375 0.698962203125 0.5700644968749999 0.6991263640625001 0.5214665703125 0.6570777125 0.49656344375000006 0.6567493921875001 0.48376972812499996 0.6474911734375 0.45594752187500004 0.64308456875 0.42408884531249996 0.641654596875
3 0.6321836125 0.475736490625 0.6035861671875 0.4874788625 0.6247949734375 0.49987787343749995 0.6734838359374999 0.50758943125 0.68649409375 0.504226134375 0.6634835953125 0.4806939203125 0.6321836125 0.475736490625
10 0.4145563640625 0.6455687203125 0.41893498593749995 0.6516861453125 0.5378636671875 0.6886023328124999 0.560748559375 0.6904189703125 0.5214665703125 0.6570777125 0.49656344375000006 0.6567493921875001 0.48376972812499996 0.6474911734375 0.45594752187500004 0.64308456875 0.4145563640625 0.6455687203125
10 0.5700644968749999 0.6991263640625001 0.5656858734375 0.6930089374999999 0.5610907093749999 0.6995130281249999 0.5700644968749999 0.6991263640625001
6 0.45522854375 0.5688437828125 0.46085016406249996 0.58962186875 0.5166201859374999 0.6201506515624999 0.5664264375 0.62080729375 0.5799953890625 0.6139165375 0.585023640625 0.5821694109375 0.576825090625 0.5664071015625 0.57669948125 0.5446915265625 0.5827195125 0.48417390937500004 0.5637454843749999 0.4576650640625 0.539401053125 0.453809284375 0.5148400796875 0.46257502187500005 0.485718615625 0.5338975203125 0.46553626406250004 0.5487806828124999 0.45522854375 0.5688437828125
5 0.4070421171875 0.647994528125 0.4324130046875 0.6791324828125 0.477749696875 0.708008790625 0.5194830078125 0.7146186984375 0.5455035234375 0.7078921015625 0.5636676390625001 0.6944972546875 0.4070421171875 0.647994528125
7 0.41621935781249997 0.432491246875 0.4171202046875 0.43805784687499993 0.43686946875 0.4484177171875 0.471647228125 0.4539259734375 0.4846574859375 0.450562675 0.46860253749999997 0.42813211406249996 0.451213659375 0.42537798593750004 0.41621935781249997 0.432491246875