0 0.080450184375 0 0 0.4562556671875 0 0.919549815625 0.4562556671875 1 0.919549815625 1 1 0.5437443328125 1 0.080450184375 0.5437443328125 0 0.080450184375 0
0 0.648807475 0.7316059515625 0.6667345328125001 0.6976867921875 0.7141143015625 0.666108615625 0.72283394375 0.6505321921875 0.752346975 0.6186559500000001 0.7775303484375 0.5774593078125 0.8037194328125 0.5136214234375001 0.8110662328125 0.4550181015625 0.8106689406250001 0.406458575 0.8001188406249999 0.3646658015625 0.7808792609374999 0.32134083593749996 0.7276285046875001 0.25918333437499996 0.6644537484375 0.2109637359375 0.621036509375 0.1861941734375 0.573747225 0.166446509375 0.5129208625 0.15572118125 0.4346853796875 0.15904008593750002 0.387335771875 0.1735096484375 0.3590572609375 0.1899157984375 0.34356908124999996 0.210003390625 0.3372581578125 0.22885685625000002 0.3053364078125 0.2574560546875 0.2709757796875 0.29988682187500004 0.23707276406250002 0.3566598875 0.22246965156249998 0.4225406921875 0.19826183125000002 0.4582047078125 0.1735360734375 0.51374365 0.1685979921875 0.575624015625 0.171891778125 0.6246942718749999 0.1925042015625 0.711046134375 0.2126891703125 0.765947084375 0.24185275 0.7953341468749999 0.3009869765625 0.8071872671874999 0.347589840625 0.8054214828124999 0.50607223125 0.753501190625 0.5713187359375 0.7222210796875 0.609033471875 0.6946433421875 0.633409778125 0.700367703125 0.6222512578125 0.729775696875 0.6173735 0.7574388359374999 0.621474353125 0.7595880890625 0.63331929375 0.7516935453125 0.648807475 0.7316059515625
1 0.573747225 0.166446509375 0.5129208625 0.15572118125 0.4530398921875 0.1565718375 0.4129466 0.16376391875000001 0.3590572609375 0.1899157984375 0.34356908124999996 0.210003390625 0.3389502921875 0.227729065625 0.404166634375 0.21355756874999998 0.45727906718750005 0.2172180796875 0.5195385953125 0.2367530796875 0.5764627499999999 0.2696089203125 0.6053975234375 0.2918248328125 0.6273047890625 0.3284893765625 0.6229148062500001 0.3533862015625 0.6137073890625 0.3717289390625 0.6131894531250001 0.3916038671875 0.6305080890625 0.42888547343749994 0.6265154 0.502341825 0.6332537765625 0.5149392703125 0.633711390625 0.5292815703125 0.6373244671875 0.5341971359375 0.648910440625 0.53624005625 0.7218407140624999 0.5291333765624999 0.7363231796874999 0.531687025 0.7522388125 0.5430503484375 0.7601815484375 0.5572863140625001 0.75963345 0.5942698562500001 0.7637343015625 0.59641910625 0.7775303484375 0.5774593078125 0.8037194328125 0.5136214234375001 0.8110662328125 0.4550181015625 0.8106689406250001 0.406458575 0.8001188406249999 0.3646658015625 0.7808792609374999 0.32134083593749996 0.7276285046875001 0.25918333437499996 0.6456416218750001 0.19908968437500002 0.573747225 0.166446509375
1 0.63331929375 0.7516935453125 0.648807475 0.7316059515625 0.6650423984375 0.6988145828125 0.65055993125 0.6962609328125 0.633409778125 0.700367703125 0.6222512578125 0.729775696875 0.6173735 0.7574388359374999 0.621474353125 0.7595880890625 0.63331929375 0.7516935453125
9 0.7601815484375 0.5572863140625001 0.744524884375 0.5359855296875 0.7218407140624999 0.5291333765624999 0.648910440625 0.53624005625 0.6373244671875 0.5341971359375 0.633711390625 0.5292815703125 0.6332537765625 0.5149392703125 0.6265154 0.502341825 0.6305080890625 0.42888547343749994 0.6131894531250001 0.3916038671875 0.6253838468749999 0.32244601875 0.6053975234375 0.2918248328125 0.5764627499999999 0.2696089203125 0.49444570624999995 0.2266238828125 0.45148608125 0.2161966203125 0.404166634375 0.21355756874999998 0.34233456093750003 0.22547348125000002 0.3198490359375 0.24290109062499998 0.2709757796875 0.29988682187500004 0.23707276406250002 0.3566598875 0.22246965156249998 0.4225406921875 0.19826183125000002 0.4582047078125 0.173048296875 0.5165099640624999 0.1685979921875 0.575624015625 0.171891778125 0.6246942718749999 0.20595079218749998 0.7533496390625001 0.2211196828125 0.7774167390625 0.24185275 0.7953341468749999 0.2992948421875 0.808315059375 0.347589840625 0.8054214828124999 0.50607223125 0.753501190625 0.5713187359375 0.7222210796875 0.602752709375 0.696388196875 0.63799840625 0.6997506421875 0.6713231609375 0.697069728125 0.7141143015625 0.666108615625 0.7610666171875 0.6030795265625 0.7601815484375 0.5572863140625001
9 0.382126240625 0.3893675359375 0.3920200796875 0.392538246875 0.42993346250000003 0.389240271875 0.4868877796875 0.40498749843750004 0.5192369828125 0.40783921406249996 0.5286430453125 0.41377623906250005 0.51347415625 0.389709140625 0.49225331250000004 0.37455804531250003 0.4314269515625 0.3638327171875 0.404382959375 0.364768775 0.3770799984375 0.375642296875 0.382126240625 0.3893675359375
9 0.32663525312499997 0.365321365625 0.3025179140625 0.349659540625 0.26099145468749996 0.34804195 0.2409146484375 0.3687466046875 0.3068174125 0.3760885578125 0.319836553125 0.3869411484375 0.3273216734375 0.386834815625 0.3350657640625 0.37679101875 0.32663525312499997 0.365321365625
9 0.399643525 0.45092890468749997 0.425452996875 0.4654629375 0.453213571875 0.46893171562499997 0.481233115625 0.462463028125 0.46170440625 0.4461841421875 0.436123740625 0.4388212578125 0.399643525 0.45092890468749997
9 0.2546680484375 0.5109354734375 0.24594840625 0.5265118984375 0.246406021875 0.540854196875 0.252427815625 0.5490468078124999 0.27123994218749997 0.560920859375 0.2927197546875 0.566134490625 0.3557260265625 0.5729657125000001 0.36757096875 0.5650711687500001 0.36568018750000003 0.5419191984375 0.35942958593749996 0.5265554390625 0.3687274875 0.45688685937500007 0.3443813421875 0.4340538859375 0.3270023828125 0.43098950625 0.305492409375 0.4428844890625 0.2720771703125 0.4968912421875 0.2546680484375 0.5109354734375
9 0.2388730609375 0.4311377 0.255993053125 0.44413954218749996 0.27796064062500003 0.4465868609375 0.296315153125 0.44411861249999995 0.2772742203125 0.4250734109375 0.250718003125 0.42324315625000003 0.2388730609375 0.4311377
9 0.2632847234375 0.6907249484375 0.27656283125000003 0.6916400765625 0.3207569765625 0.6865972484375 0.3603926546875 0.6650628671875001 0.3741585390625 0.66321168125 0.35511760468750003 0.6441664796875 0.3203898453125 0.6209291078125 0.2600512609375 0.6074374640625 0.2351570171875 0.6215880312500001 0.22881593281249998 0.6575501109374999 0.2439848203125 0.6816172109374999 0.2632847234375 0.6907249484375
4 0.32663525312499997 0.365321365625 0.3025179140625 0.349659540625 0.26099145468749996 0.34804195 0.2409146484375 0.3687466046875 0.3068174125 0.3760885578125 0.32562953906250003 0.38796260781249997 0.3350657640625 0.37679101875 0.32663525312499997 0.365321365625
3 0.250718003125 0.42324315625000003 0.2388730609375 0.4311377 0.255993053125 0.44413954218749996 0.2762685078125 0.4477146515625 0.296315153125 0.44411861249999995 0.2772742203125 0.4250734109375 0.250718003125 0.42324315625000003
6 0.2720771703125 0.4968912421875 0.2546680484375 0.5109354734375 0.24594840625 0.5265118984375 0.246406021875 0.540854196875 0.252427815625 0.5490468078124999 0.2910276203125 0.5672622828125 0.3557260265625 0.5729657125000001 0.36757096875 0.5650711687500001 0.36568018750000003 0.5419191984375 0.35942958593749996 0.5265554390625 0.3687274875 0.45688685937500007 0.3443813421875 0.4340538859375 0.3270023828125 0.43098950625 0.305492409375 0.4428844890625 0.2720771703125 0.4968912421875
10 0.2430997546875 0.6358239984375 0.279808778125 0.6308875015625001 0.36403589375 0.6528698203125 0.3203898453125 0.6209291078125 0.2600512609375 0.6074374640625 0.2351570171875 0.6215880312500001 0.22835831718750002 0.6432078125 0.2324591703125 0.6453570656250001 0.2430997546875 0.6358239984375
5 0.3207569765625 0.6865972484375 0.3717498203125 0.6599346374999999 0.27444324375 0.6613169546875 0.2541677890625 0.6577418453125 0.22787054218749997 0.6459741265625001 0.2307368734375 0.6635934703124999 0.2439848203125 0.6816172109374999 0.274870696875 0.6927678687500001 0.3207569765625 0.6865972484375
2 0.27444324375 0.6613169546875 0.3338364390625 0.6632326125 0.36136820625 0.6595302390625 0.3635481171875 0.655636134375 0.3116702046875 0.63650553125 0.279808778125 0.6308875015625001 0.255661278125 0.632334290625 0.23463907968750003 0.6414629578125 0.23727660625000002 0.6519111515625 0.27444324375 0.6613169546875
8 0.3770799984375 0.375642296875 0.382126240625 0.3893675359375 0.390327946875 0.3936660375 0.3999929765625 0.3896656015625 0.42993346250000003 0.389240271875 0.4868877796875 0.40498749843750004 0.5262343265625 0.4104991953125 0.51347415625 0.389709140625 0.49225331250000004 0.37455804531250003 0.4314269515625 0.3638327171875 0.404382959375 0.364768775 0.3770799984375 0.375642296875
7 0.436123740625 0.4388212578125 0.399643525 0.45092890468749997 0.425452996875 0.4654629375 0.4515214375 0.47005950625 0.481233115625 0.462463028125 0.45350270156250005 0.4418856375 0.436123740625 0.4388212578125