0 0 0 0 1 1 1 1 0 0 0
0 0.363387978125 0.6426701578125 0.41803278749999995 0.6819371734375 0.5546448093749999 0.7552356015624999 0.5969945359375 0.7643979062499999 0.6530054640625 0.7630890046875 0.6844262296875 0.740837696875 0.711748634375 0.6937172781250001 0.74453551875 0.617801046875 0.75546448125 0.5732984296875 0.7609289625 0.51570680625 0.747267759375 0.460732984375 0.7308743171875001 0.4240837703125 0.7281420765625 0.36125654375 0.706284153125 0.303664921875 0.6816939890625 0.259162303125 0.657103825 0.227748690625 0.654371584375 0.209424084375 0.6434426234374999 0.188481675 0.6202185796874999 0.1688481671875 0.5792349734375 0.147905759375 0.508196721875 0.13219895312500002 0.450819671875 0.13219895312500002 0.40437158437500004 0.1426701578125 0.3606557375 0.1583769640625 0.2950819671875 0.1924083765625 0.2363387984375 0.24083769687499998 0.211748634375 0.2774869109375 0.195355190625 0.314136125 0.1871584703125 0.35863874375 0.1844262296875 0.413612565625 0.19808743125 0.476439790625 0.21448087500000002 0.5183246078125 0.2363387984375 0.5523560203125 0.241803278125 0.5680628265625 0.2800546453125 0.6047120421875001 0.29098360625 0.6387434562500001 0.30191256875 0.6596858640625001 0.31147540937499996 0.6688481671875001 0.3155737703125 0.6675392671875 0.3155737703125 0.64136125625 0.3101092890625 0.6125654453125 0.3333333328125 0.6112565437499999 0.363387978125 0.6426701578125
1 0.1844262296875 0.413612565625 0.19808743125 0.476439790625 0.2076502734375 0.49607329843750003 0.211748634375 0.49476439843750003 0.2172131140625 0.460732984375 0.22677595625000002 0.4489528796875 0.2431693984375 0.44109947656250004 0.25683060156250004 0.44109947656250004 0.322404371875 0.459424084375 0.3333333328125 0.459424084375 0.33743169375000004 0.4554973828125 0.340163934375 0.44240837656250004 0.34836065625 0.43193717343750004 0.3565573765625 0.3638743453125 0.3784153 0.3324607328125 0.381147540625 0.314136125 0.375683059375 0.29581151875 0.375683059375 0.272251309375 0.40163934375 0.242146596875 0.4316939890625 0.22643979062500003 0.4890710375 0.20549738281250002 0.5491803281250001 0.1976439796875 0.59836065625 0.20287958125 0.6557377046874999 0.22643979062500003 0.654371584375 0.209424084375 0.6434426234374999 0.188481675 0.59836065625 0.1557591625 0.5628415296875 0.1426701578125 0.508196721875 0.13219895312500002 0.450819671875 0.13219895312500002 0.3797814203125 0.1505235609375 0.2950819671875 0.1924083765625 0.2363387984375 0.24083769687499998 0.211748634375 0.2774869109375 0.195355190625 0.314136125 0.1871584703125 0.35863874375 0.1844262296875 0.413612565625
1 0.29098360625 0.6387434562500001 0.30191256875 0.6596858640625001 0.31147540937499996 0.6688481671875001 0.3155737703125 0.6675392671875 0.3155737703125 0.64136125625 0.3101092890625 0.6125654453125 0.2950819671875 0.6060209421875 0.28142076562499996 0.6060209421875 0.29098360625 0.6387434562500001
9 0.41803278749999995 0.6819371734375 0.5546448093749999 0.7552356015624999 0.59836065625 0.76570680625 0.6530054640625 0.7630890046875 0.6748633875000001 0.75 0.6926229515625 0.7303664921874999 0.74453551875 0.617801046875 0.75546448125 0.5732984296875 0.7609289625 0.5183246078125 0.747267759375 0.460732984375 0.7308743171875001 0.4240837703125 0.7281420765625 0.36125654375 0.706284153125 0.303664921875 0.6707650265625 0.243455496875 0.6530054640625 0.2238219890625 0.59836065625 0.20287958125 0.5546448093749999 0.1976439796875 0.5136612015625001 0.2002617796875 0.4316939890625 0.22643979062500003 0.40163934375 0.242146596875 0.3784153 0.26701570625 0.3784153 0.3324607328125 0.3565573765625 0.3638743453125 0.34836065625 0.43193717343750004 0.340163934375 0.44240837656250004 0.33743169375000004 0.4554973828125 0.3333333328125 0.459424084375 0.322404371875 0.459424084375 0.25683060156250004 0.44109947656250004 0.23497267812499997 0.443717278125 0.2172131140625 0.460732984375 0.20901639374999997 0.5026178015625 0.241803278125 0.5680628265625 0.27595628437499997 0.603403140625 0.3060109296875 0.6112565437499999 0.3387978140625 0.6138743453125 0.363387978125 0.6426701578125 0.41803278749999995 0.6819371734375
9 0.461748634375 0.3625654453125 0.491803278125 0.3651832453125 0.5464480875 0.35994764375 0.5806010921875 0.369109946875 0.590163934375 0.36780104687500004 0.5969945359375 0.35602094218749997 0.5737704921875 0.3416230359375 0.5491803281250001 0.336387434375 0.491803278125 0.336387434375 0.4699453546875 0.34685863906250003 0.4521857921875 0.366492146875 0.461748634375 0.3625654453125
9 0.6693989078125 0.3442408375 0.64480874375 0.35471204218749997 0.6352459015624999 0.3638743453125 0.6407103828125 0.37434555 0.647540984375 0.37565445 0.6612021859375 0.36780104687500004 0.7226775953125 0.3717277484375 0.7076502734375001 0.3494764390625 0.6693989078125 0.3442408375
9 0.5327868859375 0.4044502625 0.508196721875 0.40706806249999994 0.48770491875 0.41884816718750006 0.51229508125 0.429319371875 0.538251365625 0.430628271875 0.56420765 0.42146596875000003 0.5327868859375 0.4044502625
9 0.5806010921875 0.5104712046875 0.5751366124999999 0.5314136125 0.584699453125 0.5405759156250001 0.6434426234374999 0.5445026171875 0.6639344265625 0.5431937171875 0.6830601093750001 0.5353403140624999 0.6898907109375 0.5287958109375 0.6926229515625 0.51570680625 0.6871584703125 0.5 0.6734972671875 0.48429319375 0.65163934375 0.429319371875 0.63387978125 0.414921465625 0.6174863390625001 0.414921465625 0.5915300546875 0.43193717343750004 0.5887978140625 0.49738219843750003 0.5806010921875 0.5104712046875
9 0.7049180328125 0.42015706875000003 0.68032786875 0.41753926718749995 0.659836065625 0.43193717343750004 0.6762295078125 0.43717277499999996 0.6967213109375 0.43848167499999996 0.714480875 0.429319371875 0.7049180328125 0.42015706875000003
9 0.5532786890625 0.6204188484375 0.5655737703125 0.6243455499999999 0.59836065625 0.6505235609375 0.6379781421875 0.662303665625 0.6502732234375 0.663612565625 0.6693989078125 0.6583769640625 0.6871584703125 0.6387434562500001 0.6871584703125 0.6047120421875001 0.6666666671875 0.587696334375 0.6092896171875 0.5903141359374999 0.5737704921875 0.6060209421875 0.5532786890625 0.6204188484375
4 0.64480874375 0.35471204218749997 0.6352459015624999 0.3638743453125 0.642076503125 0.37565445 0.6612021859375 0.36780104687500004 0.7226775953125 0.3717277484375 0.7076502734375001 0.3494764390625 0.6693989078125 0.3442408375 0.64480874375 0.35471204218749997
3 0.68032786875 0.41753926718749995 0.659836065625 0.43193717343750004 0.677595628125 0.43848167499999996 0.6967213109375 0.43848167499999996 0.714480875 0.429319371875 0.7049180328125 0.42015706875000003 0.68032786875 0.41753926718749995
6 0.5751366124999999 0.5314136125 0.584699453125 0.5405759156250001 0.64480874375 0.54581151875 0.6830601093750001 0.5353403140624999 0.6898907109375 0.5287958109375 0.6926229515625 0.51570680625 0.6871584703125 0.5 0.6734972671875 0.48429319375 0.65163934375 0.429319371875 0.63387978125 0.414921465625 0.6174863390625001 0.414921465625 0.5915300546875 0.43193717343750004 0.5887978140625 0.49738219843750003 0.5806010921875 0.5104712046875 0.5751366124999999 0.5314136125
10 0.64480874375 0.6060209421875 0.677595628125 0.616492146875 0.68579235 0.6269633515625 0.6898907109375 0.6256544500000001 0.6871584703125 0.6047120421875001 0.6666666671875 0.587696334375 0.6092896171875 0.5903141359374999 0.56420765 0.6125654453125 0.64480874375 0.6060209421875
5 0.5560109296875 0.617801046875 0.59836065625 0.6505235609375 0.6393442625 0.663612565625 0.6693989078125 0.6583769640625 0.6844262296875 0.6439790578125 0.6898907109375 0.6282722515625 0.6639344265625 0.6348167546875 0.64480874375 0.6348167546875 0.5560109296875 0.617801046875
2 0.5655737703125 0.619109946875 0.590163934375 0.6269633515625 0.64480874375 0.6348167546875 0.68032786875 0.632198953125 0.6844262296875 0.6230366484375 0.6666666671875 0.6112565437499999 0.64480874375 0.6060209421875 0.6147540984375001 0.6060209421875 0.56420765 0.6151832453125 0.5655737703125 0.619109946875
8 0.5464480875 0.35994764375 0.5737704921875 0.3651832453125 0.5819672125 0.3704188484375 0.590163934375 0.36780104687500004 0.5969945359375 0.35602094218749997 0.5737704921875 0.3416230359375 0.5491803281250001 0.336387434375 0.491803278125 0.336387434375 0.4699453546875 0.34685863906250003 0.4549180328125 0.3638743453125 0.491803278125 0.3651832453125 0.5464480875 0.35994764375
7 0.5163934421875 0.4044502625 0.48770491875 0.41884816718750006 0.5136612015625001 0.430628271875 0.538251365625 0.430628271875 0.56420765 0.42146596875000003 0.5327868859375 0.4044502625 0.5163934421875 0.4044502625