0 0.0337424578125 0 0 0.48253961562500003 0 0.9662575421874999 0.48253961562500003 1 0.9662575421874999 1 1 0.517460384375 1 0.0337424578125 0.517460384375 0 0.0337424578125 0
0 0.7955291375 0.5281687171875 0.8371536171875 0.5340807078124999 0.8392847203124999 0.5267264218750001 0.759002271875 0.49560128125 0.7017057531249999 0.48259074843749994 0.518073834375 0.4727512765625 0.4384605265625 0.4551788796875 0.40628104218749994 0.45292867187499997 0.33653043125000004 0.4330446171875 0.3244940453125 0.42019766093750005 0.3056040578125 0.412874096875 0.286296365625 0.411523971875 0.22941755000000003 0.3925400015625 0.20668305937499998 0.393951575 0.1803555015625 0.42362446406250004 0.175134209375 0.49829243281249996 0.1708720015625 0.5130010046875 0.1454224375 0.5532399203125 0.13969826875 0.5888555234374999 0.129209015625 0.6001273359375 0.1241114015625 0.626782784375 0.13230328593750001 0.648364878125 0.1330150140625 0.6844305234375 0.1388243546875 0.693840721875 0.1523652921875 0.7082935499999999 0.16201913750000002 0.7089686125 0.1710464265625 0.71860383125 0.18755387343750002 0.7137554984375 0.20339217812500002 0.6953544203125 0.2187701921875 0.6604138796875 0.2376175953125 0.6452245421875 0.264196590625 0.6350778328125 0.276190390625 0.625411890625 0.2804100109375 0.5881904171875 0.28814160625 0.5932330484375 0.2982983265625 0.632960475 0.32650963125 0.6919583390625 0.3731932171875 0.764253203125 0.413607171875 0.8105984078124999 0.45978788281250005 0.84384090625 0.507012853125 0.8621498140625 0.5439148359375 0.8662309125000001 0.5782254250000001 0.8611268359375 0.6015864718749999 0.8507551078125 0.651483928125 0.8077237703125 0.6977031453125 0.7479279484375 0.7306328640624999 0.6932054796875 0.7312594203125 0.684245325 0.7599269328125 0.6442314296875 0.7680336421875 0.620787721875 0.7766817359375 0.54335805625 0.7955291375 0.5281687171875
1 0.3056040578125 0.412874096875 0.2719200234375 0.40901801718749997 0.2946971015625 0.43011934687500003 0.3140047921875 0.431469471875 0.3320167875 0.428227009375 0.3244940453125 0.42019766093750005 0.3056040578125 0.412874096875
1 0.19414787656250002 0.45760347343749996 0.19619380625 0.40522338593749996 0.1803555015625 0.42362446406250004 0.175134209375 0.49829243281249996 0.1708720015625 0.5130010046875 0.1454224375 0.5532399203125 0.13969826875 0.5888555234374999 0.129209015625 0.6001273359375 0.1241114015625 0.626782784375 0.13230328593750001 0.648364878125 0.1330150140625 0.6844305234375 0.1523652921875 0.7082935499999999 0.16201913750000002 0.7089686125 0.1742643765625 0.7188288515625 0.1961208734375 0.706851253125 0.2187701921875 0.6604138796875 0.2376175953125 0.6452245421875 0.264196590625 0.6350778328125 0.276190390625 0.625411890625 0.2786966109375 0.589571265625 0.22691540937500002 0.54393185 0.204304596875 0.49733090156250004 0.19414787656250002 0.45760347343749996
1 0.8392847203124999 0.5267264218750001 0.8064360921875 0.5109234687499999 0.7714563625 0.5024748015625 0.7783951359375 0.54197720625 0.7955291375 0.5281687171875 0.8371536171875 0.5340807078124999 0.8392847203124999 0.5267264218750001
9 0.772752059375 0.5070673890624999 0.759002271875 0.49560128125 0.74312138125 0.4914894578125 0.684780603125 0.49341251875000003 0.677049009375 0.4883698890625 0.6791801125 0.481015603125 0.518073834375 0.4727512765625 0.4384605265625 0.4551788796875 0.40628104218749994 0.45292867187499997 0.3554204203125 0.44036818125000005 0.333521334375 0.42983287968750006 0.2946971015625 0.43011934687500003 0.2674063765625 0.404200409375 0.22941755000000003 0.3925400015625 0.20668305937499998 0.393951575 0.19811605937500001 0.4008558203125 0.1926007421875 0.4334847046875 0.196321565625 0.47276208906250006 0.204304596875 0.49733090156250004 0.22691540937500002 0.54393185 0.2709650171875 0.5845286359374999 0.28814160625 0.5932330484375 0.30929045624999996 0.6607410265625 0.3731932171875 0.764253203125 0.413607171875 0.8105984078124999 0.45978788281250005 0.84384090625 0.507012853125 0.8621498140625 0.5422014359375 0.8676117624999999 0.5782254250000001 0.8611268359375 0.6015864718749999 0.8507551078125 0.640994675 0.8189955812499999 0.6977031453125 0.7479279484375 0.7306328640624999 0.6932054796875 0.7312594203125 0.684245325 0.7637714359375 0.6354962953125 0.7775171421875 0.53141118125 0.772752059375 0.5070673890624999
9 0.48313668906249996 0.48681550937500007 0.51276736875 0.5023934437500001 0.5530961515625 0.5037128453124999 0.5728215453125001 0.4990895328125 0.546408815625 0.4837366203125 0.504575484375 0.4808113484375 0.48313668906249996 0.48681550937500007
9 0.5979385796875001 0.50984985625 0.5869079453125 0.575107625 0.5828545890625 0.5868294796875 0.5689385359375 0.6008629890625 0.5640497734375 0.62453171875 0.5713636640625 0.6355477859375 0.5838177546875001 0.6424213078125 0.639192021875 0.65979940625 0.6569951656249999 0.6595436609374999 0.6801473609375 0.6521586515625 0.6921411609375 0.6424927109375 0.6933942703125 0.6245723984375 0.6824021421875 0.596791846875 0.6687334468749999 0.514800315625 0.6519745625 0.500122465625 0.6358848187499999 0.4989973609375 0.609723528125 0.5031706328125 0.5979385796875001 0.50984985625
9 0.6816052406249999 0.5157003984374999 0.7050088734375 0.5278415703125 0.7356838109375 0.5284859109375 0.75540920625 0.523862596875 0.7324232765625001 0.5057479875 0.7066796875 0.5039478203125001 0.6816052406249999 0.5157003984374999
9 0.49944344531249996 0.7160563421874999 0.5185848703125 0.7429060859375001 0.5495112468750001 0.7630766078125 0.584282125 0.77451199375 0.5988673203125 0.7740312281249999 0.633386759375 0.76594043125 0.649225065625 0.7475393546875 0.6684475828124999 0.7038636781250001 0.661551396875 0.686874171875 0.6426614078124999 0.679550609375 0.610273071875 0.6802871203125 0.5913830828125 0.67296355625 0.507716421875 0.6671130140625 0.48305967812499995 0.6728921546875 0.49944344531249996 0.7160563421874999
9 0.5000274140625 0.684583284375 0.5004451171875 0.6786098468749999 0.486068775 0.67610389375 0.5000274140625 0.684583284375
3 0.504575484375 0.4808113484375 0.48313668906249996 0.48681550937500007 0.51276736875 0.5023934437500001 0.5513827515624999 0.50509369375 0.5728215453125001 0.4990895328125 0.546408815625 0.4837366203125 0.504575484375 0.4808113484375
10 0.5836940765625 0.6904338265625001 0.6639339375 0.69904606875 0.661551396875 0.686874171875 0.6426614078124999 0.679550609375 0.610273071875 0.6802871203125 0.5913830828125 0.67296355625 0.507716421875 0.6671130140625 0.48305967812499995 0.6728921546875 0.49400921875000003 0.6781598046874999 0.5103078140624999 0.6762981906250001 0.5836940765625 0.6904338265625001
5 0.49944344531249996 0.7160563421874999 0.5185848703125 0.7429060859375001 0.5495112468750001 0.7630766078125 0.5971539203125 0.7754120765625 0.638526959375 0.761797884375 0.65649636875 0.7360425203125 0.6671518859375001 0.6992710890625 0.6506870265625 0.7266323234375001 0.6251948765625001 0.7443583390625 0.58315269375 0.744419784375 0.5518086156249999 0.7302227015625 0.48285082656249995 0.675878871875 0.49944344531249996 0.7160563421874999
2 0.6506870265625 0.7266323234375001 0.6639339375 0.69904606875 0.54528754375 0.6847468578125 0.5103078140624999 0.6762981906250001 0.4983140125 0.6859641328125 0.5642627046875 0.737096221875 0.58315269375 0.744419784375 0.6185501265625 0.7468950140625 0.6506870265625 0.7266323234375001
6 0.5979385796875001 0.50984985625 0.5869079453125 0.575107625 0.5828545890625 0.5868294796875 0.5689385359375 0.6008629890625 0.5640497734375 0.62453171875 0.5713636640625 0.6355477859375 0.5838177546875001 0.6424213078125 0.6374786218749999 0.66118025625 0.6801473609375 0.6521586515625 0.6921411609375 0.6424927109375 0.6933942703125 0.6245723984375 0.6824021421875 0.596791846875 0.6687334468749999 0.514800315625 0.6519745625 0.500122465625 0.6358848187499999 0.4989973609375 0.609723528125 0.5031706328125 0.5979385796875001 0.50984985625
8 0.684780603125 0.49341251875000003 0.6944344499999999 0.49408758124999996 0.7255270890625 0.4887584828125 0.6823980609375 0.48124062343749996 0.6772578609375 0.48538317031249995 0.684780603125 0.49341251875000003
7 0.7066796875 0.5039478203125001 0.6816052406249999 0.5157003984374999 0.7050088734375 0.5278415703125 0.7339704109375 0.5298667578125 0.75540920625 0.523862596875 0.7324232765625001 0.5057479875 0.7066796875 0.5039478203125001