0 0.0171556125 0 0 0.49127245156250005 0 0.9828443874999999 0.49127245156250005 1 0.9828443874999999 1 1 0.5087275484375 1 0.0171556125 0.5087275484375 0 0.0171556125 0
0 0.7125447 0.5596518421875001 0.7179942984375 0.4883700375 0.7347839015625001 0.47383724374999997 0.77312613125 0.4779251109375 0.774844215625 0.4711127890625 0.700261346875 0.445142415625 0.647326984375 0.435047125 0.478694784375 0.4319072859375 0.4051588546875 0.4183436453125 0.3755910796875 0.417311115625 0.3110213609375 0.40131165468749996 0.2995777609375 0.38991632656249997 0.2820288515625 0.3838056515625 0.26428818593750003 0.383186134375 0.21154557812500002 0.367599684375 0.19075225625 0.36962249375 0.1675697078125 0.3976766765625 0.1651727640625 0.46631615625 0.1617365984375 0.47994079999999995 0.13969686718750002 0.5176561375000001 0.13558955625 0.5504998343749999 0.1263357125 0.5611723921875 0.1225160359375 0.585779353125 0.1307152234375 0.6053081671875 0.13252146874999998 0.6383583703125 0.1381473921875 0.6468016125 0.151021440625 0.6596213578125 0.1598917734375 0.6599311171875 0.168474471875 0.6684776125 0.183450115625 0.6635027203125 0.1973788203125 0.6461210921875 0.21035646406250003 0.6135871546875 0.22714606874999999 0.599054359375 0.2511838 0.588898065625 0.26186809375000003 0.579649925 0.26454495312500004 0.5453818109374999 0.27179308125 0.5497583125000001 0.28237378125 0.5858638546875 0.31011988125 0.6390623875 0.35522313437499997 0.7038627578125001 0.39374940468749997 0.7450675703125 0.43714229062500004 0.77407215625 0.4810145671875 0.7893488453125 0.5149695703125 0.79190904375 0.546255428125 0.786129253125 0.5673363828125 0.77586970625 0.6116957640625 0.734810396875 0.652147303125 0.6784955218750001 0.680579978125 0.62725879375 0.6808676124999999 0.6190220562500001 0.705864121875 0.5814099703125 0.7125447 0.5596518421875001
1 0.3067300109375 0.39703840625 0.2995777609375 0.38991632656249997 0.2820288515625 0.3838056515625 0.251030625 0.38134870625 0.2725832515625 0.3999693671875 0.2903239171875 0.400588884375 0.3067300109375 0.39703840625
1 0.214095696875 0.5065095656249999 0.1918796421875 0.464499853125 0.18129894062500002 0.42839431250000004 0.1814984125 0.3802950515625 0.1675697078125 0.3976766765625 0.1651727640625 0.46631615625 0.1617365984375 0.47994079999999995 0.13969686718750002 0.5176561375000001 0.13558955625 0.5504998343749999 0.1263357125 0.5611723921875 0.1225160359375 0.585779353125 0.1307152234375 0.6053081671875 0.13252146874999998 0.6383583703125 0.151021440625 0.6596213578125 0.1598917734375 0.6599311171875 0.17143124999999998 0.668580865625 0.1910817546875 0.656896903125 0.21035646406250003 0.6135871546875 0.22714606874999999 0.599054359375 0.2511838 0.588898065625 0.26186809375000003 0.579649925 0.26301862656249997 0.546702975 0.214095696875 0.5065095656249999
1 0.7347839015625001 0.47383724374999997 0.77312613125 0.4779251109375 0.774844215625 0.4711127890625 0.7442295 0.45767352656250004 0.7118967031250001 0.4510465859375 0.719520625 0.487048875 0.7347839015625001 0.47383724374999997
9 0.70910853125 0.5732764859375 0.718377809375 0.477387721875 0.7132312749999999 0.45521658125000003 0.700261346875 0.445142415625 0.6855733374999999 0.44188057187499996 0.632159584375 0.44551317656249995 0.624911459375 0.4411366765625 0.626629540625 0.43432435468749997 0.478694784375 0.4319072859375 0.4051588546875 0.4183436453125 0.3755910796875 0.417311115625 0.328570271875 0.40742233125 0.3081604609375 0.39846282187500004 0.2725832515625 0.3999693671875 0.246739275 0.37707545625 0.21154557812500002 0.367599684375 0.19075225625 0.36962249375 0.18312061875000002 0.3762283078125 0.1791091859375 0.40632642656250006 0.1837763296875 0.4422254609375 0.1918796421875 0.464499853125 0.214095696875 0.5065095656249999 0.2557705 0.5423264734375 0.27179308125 0.5497583125000001 0.2933379921875 0.6109870796875 0.35522313437499997 0.7038627578125001 0.39374940468749997 0.7450675703125 0.43714229062500004 0.77407215625 0.4810145671875 0.7893488453125 0.5134432421875 0.7932302078125 0.546255428125 0.786129253125 0.5673363828125 0.77586970625 0.6024419187500001 0.7454829546874999 0.652147303125 0.6784955218750001 0.680579978125 0.62725879375 0.6808676124999999 0.6190220562500001 0.70910853125 0.5732764859375
9 0.5050181484375 0.44107329999999995 0.46658004062499997 0.4397310109375 0.447121290625 0.44592381562499994 0.47477922968749997 0.4592598265625 0.5117868875 0.45917769843749995 0.529719309375 0.45430605625 0.5050181484375 0.44107329999999995
9 0.5875202890625 0.45220112031250004 0.5636743125 0.45686625468750003 0.553085896875 0.4633688171875 0.5450630296875 0.5235650546875 0.5417227421875 0.5344441171875001 0.52941624375 0.547759003125 0.52569244375 0.5696203828125 0.5327488140625001 0.5794880421874999 0.5443841703125 0.5853922125000001 0.5956963296875 0.599554246875 0.61200654375 0.5987493484375 0.6329916203125 0.5912353796875001 0.6436759140625 0.5819872375 0.64425118125 0.5655137640625 0.6332869703124999 0.5403905390625 0.618135003125 0.4656403828125 0.6023041765625 0.452717384375 0.5875202890625 0.45220112031250004
9 0.676223615625 0.4552987078125 0.6525693953125 0.45447268437500005 0.6299621140625 0.46605339375000004 0.6518023734375 0.4764373203125 0.6799397 0.4760454328125 0.6978721203125 0.471173790625 0.676223615625 0.4552987078125
9 0.4754195078125 0.6104731859375 0.4530039828125 0.6165627375 0.46940235937499997 0.6556203640625 0.487806453125 0.67962893125 0.5167989625 0.6971349359375 0.5490358828125 0.70650745625 0.5623893203125 0.7055993046875 0.5937710578125001 0.6970739328125 0.6076997609375 0.6796923078125 0.6239218156249999 0.639024884375 0.6170572 0.6236660656249999 0.5995082890625001 0.6175553890625001 0.5698446359375 0.619268440625 0.552295725 0.6131577625 0.4754195078125 0.6104731859375
9 0.4691224421875 0.621248996875 0.45586488281250004 0.61941156875 0.4689306875 0.62674015625 0.4691224421875 0.621248996875
3 0.529719309375 0.45430605625 0.5050181484375 0.44107329999999995 0.46658004062499997 0.4397310109375 0.447121290625 0.44592381562499994 0.47477922968749997 0.4592598265625 0.510260559375 0.4604988609375 0.529719309375 0.45430605625
10 0.4632088875 0.621042490625 0.47808865312500004 0.6188131765625 0.5458069046875 0.6294247328125 0.619630465625 0.6347516359375 0.6170572 0.6236660656249999 0.5995082890625001 0.6175553890625001 0.5698446359375 0.619268440625 0.552295725 0.6131577625 0.4754195078125 0.6104731859375 0.4530039828125 0.6165627375 0.4632088875 0.621042490625
5 0.5178536171875 0.6669335640625 0.4529081046875 0.619308315625 0.46940235937499997 0.6556203640625 0.487806453125 0.67962893125 0.5167989625 0.6971349359375 0.56086299375 0.7069204671875 0.598350040625 0.69311044375 0.6139968296875 0.6689164953125 0.62258724375 0.6348548890625 0.60837090625 0.6604732515625 0.58557186875 0.6775451203125 0.5470378828125 0.6789484109374999 0.5178536171875 0.6669335640625
2 0.5470378828125 0.6789484109374999 0.5795624375 0.6800841937500001 0.60837090625 0.6604732515625 0.619630465625 0.6347516359375 0.5104214515625001 0.62544011875 0.47808865312500004 0.6188131765625 0.46740435937499997 0.6280613203125001 0.529488971875 0.6728377359375 0.5470378828125 0.6789484109374999
6 0.5875202890625 0.45220112031250004 0.5636743125 0.45686625468750003 0.553085896875 0.4633688171875 0.5450630296875 0.5235650546875 0.5417227421875 0.5344441171875001 0.52941624375 0.547759003125 0.52569244375 0.5696203828125 0.5327488140625001 0.5794880421874999 0.5443841703125 0.5853922125000001 0.5941700015625 0.6008754078125 0.6329916203125 0.5912353796875001 0.6436759140625 0.5819872375 0.64425118125 0.5655137640625 0.6332869703124999 0.5403905390625 0.618135003125 0.4656403828125 0.6023041765625 0.452717384375 0.5875202890625 0.45220112031250004
8 0.62958631875 0.43442760781249995 0.6250073359375 0.43839109687500005 0.632159584375 0.44551317656249995 0.6410299187499999 0.4458229359375 0.669359 0.439939890625 0.62958631875 0.43442760781249995
7 0.6978721203125 0.471173790625 0.676223615625 0.4552987078125 0.6525693953125 0.45447268437500005 0.6299621140625 0.46605339375000004 0.6518023734375 0.4764373203125 0.678413371875 0.4773665953125 0.6978721203125 0.471173790625