0 0.48253961562500003 0 0 0.0337424578125 0 0.517460384375 0.0337424578125 1 0.517460384375 1 1 0.9662575421874999 1 0.48253961562500003 0.9662575421874999 0 0.48253961562500003 0
0 0.43619650312499997 0.8419313609374999 0.464378759375 0.8641673609374999 0.48506480312500005 0.8911993140625001 0.5145084953125 0.909075334375 0.5438264203125 0.9027534562499999 0.5721534859374999 0.8822616328124999 0.5919934812500001 0.8523958234375 0.6300880984375 0.7699922906250001 0.6535866359375 0.7028486484375 0.6809952484374999 0.646822971875 0.68524830625 0.6180471062499999 0.6832132265624999 0.544145409375 0.6880607984375 0.5238715109375 0.716387865625 0.5033796875000001 0.735164596875 0.48070784218749996 0.7454542578125001 0.4486620109375 0.7426798515625 0.40898616875 0.7110562703125 0.35993627031250003 0.702047090625 0.32069640625 0.69044263125 0.31154040625 0.6389790546875 0.29235632031250003 0.601768575 0.297806175 0.5650992484375 0.266196190625 0.5522333546875 0.26140016875 0.304176184375 0.25311539843749997 0.248261378125 0.2598731890625 0.2170150953125 0.2834169890625 0.197373271875 0.31611678906249996 0.1711003296875 0.3435845875 0.157495109375 0.373014421875 0.14587160625 0.43078414218749994 0.1541414609375 0.5042498609375 0.2043245578125 0.59471964375 0.217441984375 0.647911465625 0.232560175 0.662517453125 0.24874162812499997 0.6699294734375 0.258093790625 0.66927550625 0.2698964203125 0.68126549375 0.2763827296875 0.729225315625 0.2904376546875 0.7510252703125 0.331882146875 0.7837252671875 0.37399356093749997 0.8035633203125 0.43619650312499997 0.8419313609374999
9 0.464378759375 0.8641673609374999 0.48506480312500005 0.8911993140625001 0.516166275 0.9103833343750001 0.5438264203125 0.9027534562499999 0.5721534859374999 0.8822616328124999 0.5919934812500001 0.8523958234375 0.6300880984375 0.7699922906250001 0.6535866359375 0.7028486484375 0.6809952484374999 0.646822971875 0.68524830625 0.6180471062499999 0.6832132265624999 0.544145409375 0.6880607984375 0.5238715109375 0.716387865625 0.5033796875000001 0.735164596875 0.48070784218749996 0.7454542578125001 0.4486620109375 0.7426798515625 0.40898616875 0.7110562703125 0.35993627031250003 0.702047090625 0.32069640625 0.69044263125 0.31154040625 0.6389790546875 0.29235632031250003 0.601768575 0.297806175 0.5650992484375 0.266196190625 0.5522333546875 0.26140016875 0.304176184375 0.25311539843749997 0.248261378125 0.2598731890625 0.2170150953125 0.2834169890625 0.197373271875 0.31611678906249996 0.1711003296875 0.3435845875 0.157495109375 0.373014421875 0.14587160625 0.43078414218749994 0.1541414609375 0.5042498609375 0.2043245578125 0.59471964375 0.217441984375 0.647911465625 0.232560175 0.662517453125 0.24874162812499997 0.6699294734375 0.258093790625 0.66927550625 0.2698964203125 0.68126549375 0.2763827296875 0.729225315625 0.2904376546875 0.7510252703125 0.331882146875 0.7837252671875 0.37399356093749997 0.8035633203125 0.43619650312499997 0.8419313609374999 0.464378759375 0.8641673609374999
9 0.3214171296875 0.49967242343749996 0.2964056234375 0.52278024375 0.270727196875 0.5587500109375 0.27191622656250003 0.57575394375 0.2860435578125 0.5761899875000001 0.3296336234375 0.5275763328124999 0.36565507343750003 0.5051225421875001 0.3967031828125 0.4787447546875 0.382179509375 0.4726407328125 0.36659257031250003 0.4737306765625 0.3214171296875 0.49967242343749996
9 0.366844103125 0.522126475 0.35185168125 0.5317183875 0.33307495 0.55439023125 0.3311465921875 0.571612153125 0.35675261406250003 0.557006296875 0.38389065 0.5195105421874999 0.366844103125 0.522126475
9 0.271032090625 0.6527076187499999 0.2785092578125 0.7148373828125 0.2894467953125 0.7368553265625 0.30582642031249996 0.7471013359375 0.32307113906249996 0.747319390625 0.353452328125 0.733803546875 0.40142121875000003 0.680611925 0.40062853125000003 0.6692759703125 0.3900873375 0.6529260046875 0.372248103125 0.6442059812500001 0.3581207734375 0.6437699375 0.314892734375 0.585564040625 0.2993057953125 0.5866539859375 0.274961209375 0.596899865625 0.2647439546875 0.6075817859375 0.26964488750000004 0.6328696984375 0.2590312890625 0.6378836406249999 0.251931421875 0.6483475750000001 0.25749927499999997 0.6607735406249999 0.271032090625 0.6527076187499999
9 0.2533376671875 0.6012597765625001 0.2410662890625 0.6049657203125001 0.2279298171875 0.618699621875 0.2260014609375 0.63592154375 0.258509178125 0.6080177640625 0.2533376671875 0.6012597765625001
9 0.3832199578125 0.7787114546875 0.4106095265625 0.7896114984375 0.419492940625 0.8046534640624999 0.438989953125 0.8146814843750001 0.46519049062500006 0.8085775953125 0.487084609375 0.7856877625 0.502420015625 0.73620201875 0.500834640625 0.7135301078125 0.506745478125 0.6860622421875 0.46077735000000003 0.7006680328125 0.418521125 0.7235578 0.38203092656250004 0.761707521875 0.3832199578125 0.7787114546875
2 0.404248984375 0.7658495765625 0.39900506875 0.7804555 0.4236735921875 0.7972415078124999 0.43614314218750005 0.7963695515625 0.45843360468750005 0.779147696875 0.494203521875 0.708298109375 0.49778965781249995 0.6923841875 0.47072402812499997 0.7085160328125 0.404248984375 0.7658495765625
5 0.41226730624999997 0.7909194984375 0.419492940625 0.8046534640624999 0.44064773281249997 0.815989484375 0.46519049062500006 0.8085775953125 0.487084609375 0.7856877625 0.502420015625 0.73620201875 0.5007088734375 0.6893322093750001 0.45843360468750005 0.779147696875 0.43614314218750005 0.7963695515625 0.4236735921875 0.7972415078124999 0.41226730624999997 0.7909194984375
10 0.38203092656250004 0.761707521875 0.3832199578125 0.7787114546875 0.401059190625 0.7874314765625 0.398806896875 0.7776215109375 0.4144662390625 0.7551676546875 0.49321266250000007 0.694128165625 0.46077735000000003 0.7006680328125 0.40956530625000004 0.7298797453125 0.396825178125 0.7492816234374999 0.38203092656250004 0.761707521875
4 0.270727196875 0.5587500109375 0.2686006671875 0.57313794375 0.2735740078125 0.57706194375 0.2860435578125 0.5761899875000001 0.3296336234375 0.5275763328124999 0.36565507343750003 0.5051225421875001 0.3967031828125 0.4787447546875 0.382179509375 0.4726407328125 0.36659257031250003 0.4737306765625 0.3095420953125 0.50904634375 0.270727196875 0.5587500109375
6 0.2785092578125 0.7148373828125 0.2894467953125 0.7368553265625 0.3074842 0.7484093359374999 0.3353425171875 0.7436134453125 0.353452328125 0.733803546875 0.40142121875000003 0.680611925 0.40062853125000003 0.6692759703125 0.3900873375 0.6529260046875 0.372248103125 0.6442059812500001 0.3581207734375 0.6437699375 0.314892734375 0.585564040625 0.2809978125 0.5936298984375 0.2647439546875 0.6075817859375 0.2785092578125 0.7148373828125
3 0.338715209375 0.5454522875000001 0.33307495 0.55439023125 0.332804371875 0.572920153125 0.36988908593750003 0.5432723968750001 0.38223287031250003 0.5182025421875001 0.3608075 0.5253964421874999 0.338715209375 0.5454522875000001
7 0.2590312890625 0.6378836406249999 0.251931421875 0.6483475750000001 0.25749927499999997 0.6607735406249999 0.27083391875 0.6498736296875001 0.2681852796875 0.634395684375 0.2590312890625 0.6378836406249999
8 0.2410662890625 0.6049657203125001 0.2279298171875 0.618699621875 0.22765924062499998 0.6372295421875 0.258509178125 0.6080177640625 0.2533376671875 0.6012597765625001 0.2410662890625 0.6049657203125001