0 0.0255177171875 0 0 0.48690704218749997 0 0.9744822828125 0.48690704218749997 1 0.9744822828125 1 1 0.5130929578125001 1 0.0255177171875 0.5130929578125001 0 0.0255177171875 0
0 0.7137653671875 0.6520209546875 0.7243649750000001 0.6408416234375001 0.73292465625 0.6412902171875 0.7475996671875 0.63423608125 0.7611887937499999 0.620605684375 0.772338015625 0.571642921875 0.8167808171875001 0.487916634375 0.8231776249999999 0.42045062343749995 0.8116373203125 0.3676910125 0.7987340984375 0.34093737812499997 0.774281678125 0.31618621562500004 0.75580829375 0.286532921875 0.7268715953125 0.26545836093749997 0.6756497953125 0.2601661984375 0.44901822031250005 0.27175860625000003 0.437332728125 0.2763616765625 0.40431172968749995 0.30592400625 0.37020929375 0.30152903124999997 0.323467325 0.3199413125 0.313004009375 0.3285200453125 0.3053894734375 0.3646293515625 0.27725717968749997 0.41009432968750004 0.2753490984375 0.446502696875 0.28526280000000004 0.47570739843750004 0.302786590625 0.496183834375 0.3290063546875 0.5145082671875 0.33375876875 0.5330115140625 0.333068415625 0.6007765859374999 0.33741195468749996 0.6270816265625 0.3633546875 0.677988296875 0.3858990265625 0.739147828125 0.42202804374999997 0.8140580015625 0.44063772031250004 0.8411106984375 0.466857484375 0.85943513125 0.49375870468749994 0.864756575 0.520391790625 0.8478981734375 0.5388740703125 0.8227893828124999 0.5642849796875 0.8019553187499999 0.6205406703125 0.765787446875 0.6587229578125 0.746926571875 0.69609194375 0.7162882421875 0.7085951828125 0.696081584375 0.7137653671875 0.6520209546875
9 0.7085951828125 0.696081584375 0.7137653671875 0.6520209546875 0.7243649750000001 0.6408416234375001 0.73292465625 0.6412902171875 0.7475996671875 0.63423608125 0.7611887937499999 0.620605684375 0.772338015625 0.571642921875 0.8167808171875001 0.487916634375 0.8231776249999999 0.42045062343749995 0.8116373203125 0.3676910125 0.7987340984375 0.34093737812499997 0.774281678125 0.31618621562500004 0.75580829375 0.286532921875 0.7268715953125 0.26545836093749997 0.6756497953125 0.2601661984375 0.44901822031250005 0.27175860625000003 0.437332728125 0.2763616765625 0.40431172968749995 0.30592400625 0.37020929375 0.30152903124999997 0.323467325 0.3199413125 0.313004009375 0.3285200453125 0.3053894734375 0.3646293515625 0.27725717968749997 0.41009432968750004 0.2753490984375 0.446502696875 0.28526280000000004 0.47570739843750004 0.302786590625 0.496183834375 0.3290063546875 0.5145082671875 0.33375876875 0.5330115140625 0.333068415625 0.6007765859374999 0.33741195468749996 0.6270816265625 0.3633546875 0.677988296875 0.3858990265625 0.739147828125 0.42202804374999997 0.8140580015625 0.44063772031250004 0.8411106984375 0.466857484375 0.85943513125 0.49226394687499997 0.8659821093750001 0.520391790625 0.8478981734375 0.5388740703125 0.8227893828124999 0.5642849796875 0.8019553187499999 0.6205406703125 0.765787446875 0.6587229578125 0.746926571875 0.69609194375 0.7162882421875 0.7085951828125 0.696081584375
9 0.6567230609375 0.51212511875 0.6973408046875 0.5559776515625 0.7102484718750001 0.55535024375 0.711066221875 0.53974665625 0.6870226765624999 0.5071937015625 0.6637924296875 0.48641820312500006 0.6220843546875 0.4633704515625 0.6078182187500001 0.46262279531250006 0.5946379671875001 0.4684514 0.623438375 0.49212655781250003 0.6567230609375 0.51212511875
9 0.6364778875 0.51627959375 0.6226206249999999 0.50773014375 0.606996021875 0.5056074234375 0.6323980359375 0.5395354421875 0.6560371546875 0.5525091484375 0.654001678125 0.53675603125 0.6364778875 0.51627959375
9 0.7173089484374999 0.5844054140625 0.7077996734374999 0.5747799609375 0.6853827296875 0.5657819171875 0.67111659375 0.5650342609375001 0.6325209843749999 0.619077971875 0.619613315625 0.6197053796875001 0.6034435453125 0.6279850484375 0.594066115625 0.643140040625 0.5935209484375 0.6535424328125 0.6382140953125 0.7015201609374999 0.666201203125 0.7134178640625 0.681962096875 0.7129399875 0.6967734015625 0.7032852515625 0.7064234140625001 0.6829290640625 0.7122750546875001 0.6258654453125 0.7247738499999999 0.63303983125 0.729667003125 0.6215614375 0.7230109546875 0.6120855187500001 0.7132290968749999 0.6076612625 0.7173089484374999 0.5844054140625
9 0.7276359718750001 0.578427278125 0.723015403125 0.5847044765625 0.753174278125 0.6097547 0.7511388 0.5940015828125 0.7389125890625 0.5816260015625 0.7276359718750001 0.578427278125
9 0.5031628218749999 0.6853153296875 0.5020724890625 0.7061201140625 0.516874896875 0.7512274624999999 0.537251915625 0.7718534296875 0.561299909375 0.7770253421875 0.5789644375 0.7675201390625 0.5868471109375 0.7535906812500001 0.611712853125 0.7431590078125 0.612530603125 0.7275554203125 0.57856890625 0.69317880625 0.539577765625 0.672881184375 0.4973245234375 0.6602358234375 0.5031628218749999 0.6853153296875
2 0.56361241875 0.7601962234374999 0.5750253265625 0.7607943484375 0.5973104265625 0.7450119468749999 0.5922854296875 0.731709896875 0.530609209375 0.6802343843750001 0.505611621875 0.6658856125 0.509141859375 0.6804131984375 0.5429628171875 0.7447714515625 0.56361241875 0.7601962234374999
5 0.5020724890625 0.7061201140625 0.516874896875 0.7512274624999999 0.537251915625 0.7718534296875 0.5598051500000001 0.778250875 0.5789644375 0.7675201390625 0.58535235 0.7548162140625 0.5750253265625 0.7607943484375 0.56361241875 0.7601962234374999 0.5429628171875 0.7447714515625 0.5028946875 0.6631354843749999 0.5020724890625 0.7061201140625
10 0.5827761546875 0.7220844453125 0.5974467171875 0.74241135 0.5955430828125 0.7514386765625 0.611712853125 0.7431590078125 0.612530603125 0.7275554203125 0.5988096328125 0.7164053734375 0.58685600625 0.698828596875 0.539577765625 0.672881184375 0.5098233171875 0.6674102093750001 0.5827761546875 0.7220844453125
4 0.623438375 0.49212655781250003 0.6567230609375 0.51212511875 0.6973408046875 0.5559776515625 0.7087537140625 0.556575778125 0.7132379921875 0.552899178125 0.711066221875 0.53974665625 0.674796465625 0.494818121875 0.6220843546875 0.4633704515625 0.6078182187500001 0.46262279531250006 0.5946379671875001 0.4684514 0.623438375 0.49212655781250003
6 0.619613315625 0.6197053796875001 0.6034435453125 0.6279850484375 0.594066115625 0.643140040625 0.5935209484375 0.6535424328125 0.6382140953125 0.7015201609374999 0.654924584375 0.7102191421875 0.6804673390625 0.7141655203124999 0.6967734015625 0.7032852515625 0.7064234140625001 0.6829290640625 0.7173089484374999 0.5844054140625 0.7022295093750001 0.5718803015625 0.67111659375 0.5650342609375001 0.6325209843749999 0.619077971875 0.619613315625 0.6197053796875001
3 0.654001678125 0.53675603125 0.6487040984375 0.528655175 0.6281907875 0.5106298046875 0.60849078125 0.504381890625 0.6201718265625 0.5271598625 0.6545423968749999 0.5537346828125 0.654001678125 0.53675603125
7 0.7230109546875 0.6120855187500001 0.7145875640625 0.6090363265625001 0.712411346875 0.6232648484375 0.7247738499999999 0.63303983125 0.729667003125 0.6215614375 0.7230109546875 0.6120855187500001
8 0.7389125890625 0.5816260015625 0.7276359718750001 0.578427278125 0.723015403125 0.5847044765625 0.7516795187499999 0.6109802328125 0.7511388 0.5940015828125 0.7389125890625 0.5816260015625