0 0.473796109375 0 0 0.049797978124999996 0 0.526203890625 0.049797978124999996 1 0.526203890625 1 1 0.9502020218749999 1 0.473796109375 0.9502020218749999 0 0.473796109375 0
0 0.45351495937499997 0.8911931828125 0.4861119953125 0.8933121796875 0.5296261203125 0.8905870203124999 0.5736787734375 0.8748667359375 0.6477926234375 0.8190196750000001 0.6876180234375 0.7630797546875 0.7249050109375 0.7554640125 0.7521219046875001 0.70639438125 0.7535832578125 0.6840604578125 0.7629631640625 0.66459098125 0.7625030390624999 0.6239754046875 0.7954869421875 0.53918078125 0.7995625359375 0.505481925 0.7926452125 0.43966797656249995 0.7850351265625 0.40350061249999997 0.759282159375 0.33966636875 0.7373721515625 0.3123954296875 0.6618779234375001 0.2463957625 0.6198251531250001 0.2267869953125 0.5542467859375 0.218892671875 0.4939727328125 0.2252277296875 0.4062517203125 0.2603246328125 0.36711908437499996 0.28661796875 0.334982175 0.3251145484375 0.309456696875 0.37215804375 0.28100851250000003 0.46386938593749993 0.281852934375 0.50814129375 0.2649387703125 0.5284026515625 0.25632745625000003 0.5551847890625 0.2500219171875 0.603904909375 0.2546334671875 0.647780875 0.280310603125 0.674655871875 0.30721645937500003 0.74945910625 0.34465510625 0.81576185625 0.3707165390625 0.8462931843750001 0.40600364375 0.87400649375 0.45351495937499997 0.8911931828125
1 0.7480488828125 0.6495232890625 0.7632716296875001 0.6312880671875 0.7902584609375001 0.561910646875 0.7995625359375 0.505481925 0.7850351265625 0.40350061249999997 0.7759636859375 0.389667171875 0.7687378953125 0.3571561390625 0.7373721515625 0.3123954296875 0.6556507859375 0.241505178125 0.6198251531250001 0.2267869953125 0.5542467859375 0.218892671875 0.4939727328125 0.2252277296875 0.46083716875 0.23610386249999998 0.4062517203125 0.2603246328125 0.36711908437499996 0.28661796875 0.334982175 0.3251145484375 0.29746255 0.40299245156249996 0.28100851250000003 0.46386938593749993 0.281852934375 0.50814129375 0.30145716875 0.51347425 0.3359782546875 0.443304946875 0.41170769218750003 0.3484725046875 0.436924703125 0.334731925 0.5035801281250001 0.31663599375 0.53410145 0.3171247953125 0.54694001875 0.33056229375 0.5612399406249999 0.3216658671875 0.606137015625 0.3502174890625 0.6328912109375 0.35110223125 0.6607982921875 0.362955965625 0.6923182703124999 0.3910652171875 0.71914829375 0.42890920625 0.735445525 0.47525367812499997 0.7450529203125 0.566661940625 0.7369017312499999 0.6340596546875 0.7480488828125 0.6495232890625
9 0.4881877078125 0.8949423734374999 0.5296261203125 0.8905870203124999 0.5736787734375 0.8748667359375 0.6477926234375 0.8190196750000001 0.6876180234375 0.7630797546875 0.7249050109375 0.7554640125 0.7521219046875001 0.70639438125 0.7648088140625 0.6459133875 0.7615802140625 0.6333142015625 0.7480488828125 0.6495232890625 0.7376703234375 0.641372315625 0.7450529203125 0.566661940625 0.735445525 0.47525367812499997 0.724068309375 0.4394822546875 0.705541134375 0.408159046875 0.6794797 0.37762771875 0.6487283140625 0.356831128125 0.621205528125 0.348633725 0.606137015625 0.3502174890625 0.5612399406249999 0.3216658671875 0.54694001875 0.33056229375 0.53410145 0.3171247953125 0.5148815124999999 0.3154481703125 0.436924703125 0.334731925 0.394409234375 0.365077534375 0.3359782546875 0.443304946875 0.30145716875 0.51347425 0.2801615171875 0.5101674296875001 0.2649387703125 0.5284026515625 0.2500219171875 0.603904909375 0.2546334671875 0.647780875 0.280310603125 0.674655871875 0.30721645937500003 0.74945910625 0.34465510625 0.81576185625 0.3707165390625 0.8462931843750001 0.40600364375 0.87400649375 0.45351495937499997 0.8911931828125 0.4881877078125 0.8949423734374999
9 0.466596459375 0.4720887203125 0.5124163578125 0.49130154531250003 0.5329434156249999 0.48729570312500003 0.5334819453125 0.4743005765625 0.46652062812499995 0.4351294734375 0.4393821375 0.4305884015625 0.4017108546875 0.43454781249999996 0.3718038890625 0.4580231296875 0.466596459375 0.4720887203125
9 0.64641739375 0.5160330453124999 0.7201443750000001 0.5470996046875001 0.72352720625 0.5430473328125001 0.708767159375 0.5113281828125 0.67386435 0.487271203125 0.6388073078125001 0.47986568125 0.6049031515625 0.4834291515625 0.58137755625 0.4951435953125 0.5929090046875001 0.5142635609374999 0.64641739375 0.5160330453124999
9 0.4388410359375 0.534153478125 0.467286646875 0.5330120843749999 0.47858803125 0.5318242609375 0.46951659062499995 0.517990821875 0.4470680546875 0.5037150109375 0.412779603125 0.50362215 0.3967882640625 0.5145447125 0.4388410359375 0.534153478125
9 0.4944983921875 0.6650823531250001 0.527479725 0.6708576796875 0.5785281062500001 0.667340640625 0.5866008921875 0.65355363125 0.5842951171874999 0.6316156484375 0.575607971875 0.6214385375 0.5720734796875 0.55157231875 0.5484720546874999 0.526327515625 0.5367863749999999 0.523859009375 0.5070336421875 0.53068286875 0.473819675 0.5951697031250001 0.4429898859375 0.62798381875 0.4624398875 0.6499682296875 0.4944983921875 0.6650823531250001
9 0.6416490375 0.5793784875 0.662560390625 0.5790289765625001 0.673861775 0.577841153125 0.6689417609375 0.567268103125 0.6344232453124999 0.546867453125 0.6118204765625 0.5492431 0.5958291375 0.5601656625 0.6416490375 0.5793784875
9 0.48527014687500003 0.758470321875 0.5370871203124999 0.76226594375 0.56553273125 0.7611245484375 0.5856754937499999 0.7534623781249999 0.5511569796875 0.7330617296875 0.46067006718750003 0.7056050703125 0.40208743125 0.7099139937500001 0.4535959375 0.7470125296875 0.48527014687500003 0.758470321875
4 0.7222200859375 0.5487298 0.708767159375 0.5113281828125 0.67386435 0.487271203125 0.6388073078125001 0.47986568125 0.6049031515625 0.4834291515625 0.58137755625 0.4951435953125 0.5929090046875001 0.5142635609374999 0.64641739375 0.5160330453124999 0.7222200859375 0.5487298
3 0.664636103125 0.5806591703125 0.673861775 0.577841153125 0.6689417609375 0.567268103125 0.6344232453124999 0.546867453125 0.6118204765625 0.5492431 0.5958291375 0.5601656625 0.6416490375 0.5793784875 0.664636103125 0.5806591703125
6 0.5295554359375 0.6724878750000001 0.5785281062500001 0.667340640625 0.5866008921875 0.65355363125 0.5842951171874999 0.6316156484375 0.575607971875 0.6214385375 0.5720734796875 0.55157231875 0.563002040625 0.537738878125 0.5367863749999999 0.523859009375 0.5070336421875 0.53068286875 0.473819675 0.5951697031250001 0.4429898859375 0.62798381875 0.4624398875 0.6499682296875 0.4944983921875 0.6650823531250001 0.5295554359375 0.6724878750000001
5 0.53916283125 0.7638961375 0.5856754937499999 0.7534623781249999 0.502184309375 0.7382089640625 0.407545975 0.707491915625 0.40208743125 0.7099139937500001 0.4535959375 0.7470125296875 0.48527014687500003 0.758470321875 0.53916283125 0.7638961375
10 0.56437984375 0.7501555578125 0.573605515625 0.7473375390625 0.5511569796875 0.7330617296875 0.46067006718750003 0.7056050703125 0.4096216859375 0.7091221109375 0.502184309375 0.7382089640625 0.56437984375 0.7501555578125
8 0.5144920703125 0.4929317390625 0.5329434156249999 0.48729570312500003 0.5334819453125 0.4743005765625 0.46652062812499995 0.4351294734375 0.4393821375 0.4305884015625 0.4017108546875 0.43454781249999996 0.3718038890625 0.4580231296875 0.466596459375 0.4720887203125 0.5144920703125 0.4929317390625
7 0.469362359375 0.5346422796875 0.47858803125 0.5318242609375 0.46951659062499995 0.517990821875 0.4470680546875 0.5037150109375 0.412779603125 0.50362215 0.3967882640625 0.5145447125 0.4388410359375 0.534153478125 0.469362359375 0.5346422796875