0 0.049797978124999996 0 0 0.473796109375 0 0.9502020218749999 0.473796109375 1 0.9502020218749999 1 1 0.526203890625 1 0.049797978124999996 0.526203890625 0 0.049797978124999996 0
0 0.4198594578125 0.7776836859375 0.447902596875 0.785592528125 0.48636919531249995 0.7912893265625 0.52771918125 0.78571260625 0.6027464453125 0.75059958125 0.6478787109375 0.709036871875 0.6818212671875 0.709296784375 0.71467821875 0.6714052765625 0.7201011515625 0.652129690625 0.731899984375 0.6368318328125 0.739042134375 0.60119898125 0.7835652796875 0.5331115046875 0.7933796140625 0.504374696875 0.7995687984375001 0.44548853125 0.7996473640625 0.4124208578125 0.78903719375 0.351769009375 0.7749885859375001 0.323831696875 0.721387775 0.2520461640625 0.6883441109375 0.22707378125000002 0.6326016734375 0.2079846421875 0.5788437328125 0.20233445625000002 0.49579991718749994 0.21675935000000002 0.45677827187500003 0.23250356874999997 0.4215929796875 0.26022757812499997 0.3905878875 0.296659928125 0.3487369265625 0.3716434484375 0.3412509328125 0.4105477546875 0.3227323578125 0.4251393375 0.3102458390625 0.44698010312500003 0.29569625781250003 0.48844958906249997 0.291570134375 0.5277070328125 0.30897861249999997 0.5559974828125 0.318557253125 0.6264636921875 0.33890319375 0.6914464046875 0.355967828125 0.72300830625 0.38160406406249997 0.7538173234375 0.4198594578125 0.7776836859375
1 0.7216877296875001 0.6208743140624999 0.7383544468750001 0.6077418875 0.7747824734375001 0.552033953125 0.7933796140625 0.504374696875 0.7996473640625 0.4124208578125 0.7943029968750001 0.3986287703125 0.7940377171875 0.36883255 0.7749885859375001 0.323831696875 0.7168637343750001 0.246609278125 0.6883441109375 0.22707378125000002 0.6326016734375 0.2079846421875 0.5788437328125 0.20233445625000002 0.5479172046875 0.20569913281250002 0.49579991718749994 0.21675935000000002 0.45677827187500003 0.23250356874999997 0.4215929796875 0.26022757812499997 0.374397653125 0.321419009375 0.3487369265625 0.3716434484375 0.3412509328125 0.4105477546875 0.3573626015625 0.4188563453125 0.400510371875 0.363854684375 0.48418779843750004 0.2949211 0.508738428125 0.2875786953125 0.5702476421875 0.2841207953125 0.5967827703124999 0.2902173421875 0.6054870078125 0.3043625671875 0.61961418125 0.29923220625 0.653478171875 0.33255979375 0.6766534281250001 0.338303203125 0.6987971515625 0.353860975 0.721073515625 0.3843168546875 0.7374504625 0.42242166562500005 0.743060109375 0.466009971875 0.73446401875 0.5477963124999999 0.7148353484375 0.60526993125 0.7216877296875001 0.6208743140624999
9 0.4494106109375 0.7874048234375 0.48636919531249995 0.7912893265625 0.52771918125 0.78571260625 0.6027464453125 0.75059958125 0.6478787109375 0.709036871875 0.6818212671875 0.709296784375 0.71467821875 0.6714052765625 0.7369790734375 0.620827703125 0.736502590625 0.609201046875 0.7216877296875001 0.6208743140624999 0.7141476625000001 0.6118128375 0.73446401875 0.5477963124999999 0.743060109375 0.466009971875 0.739778803125 0.4325891640625 0.7294339109375 0.4017335328125 0.712369275 0.37017163124999997 0.689405225 0.3462586578125 0.66691765625 0.33397234062500003 0.653478171875 0.33255979375 0.61961418125 0.29923220625 0.6054870078125 0.3043625671875 0.5967827703124999 0.2902173421875 0.58032725625 0.28518020625 0.508738428125 0.2875786953125 0.46601306718749996 0.3062412296875 0.400510371875 0.363854684375 0.3573626015625 0.4188563453125 0.339399075 0.4120069125 0.3227323578125 0.4251393375 0.29569625781250003 0.48844958906249997 0.291570134375 0.5277070328125 0.30897861249999997 0.5559974828125 0.318557253125 0.6264636921875 0.33890319375 0.6914464046875 0.355967828125 0.72300830625 0.38160406406249997 0.7538173234375 0.4198594578125 0.7776836859375 0.4494106109375 0.7874048234375
9 0.50911185625 0.4133064796875 0.5455153921875 0.438632 0.5641666062499999 0.438938525 0.5670499953125 0.42766500625 0.5159101640625 0.38094508125000004 0.49307875156250003 0.371930215625 0.4594800390625 0.3683988484375 0.42902999375000006 0.38339018281250004 0.50911185625 0.4133064796875
9 0.6578205921875 0.485165478125 0.7163678531250001 0.5260487703125001 0.72007156875 0.5231304546875 0.713086546875 0.4926279625 0.6871064687499999 0.465090396875 0.6578991578125 0.45209780625 0.6276603171875 0.448919575 0.60496154375 0.45480282031249997 0.61147008125 0.47367865781249996 0.6578205921875 0.485165478125
9 0.4733715171875 0.4624715078125 0.4983986296875 0.4667557578125 0.5084782421875 0.46781516874999995 0.503133875 0.45402308125 0.48620187968749995 0.4373592890625 0.4563068828125 0.43090960312500004 0.4403278515625 0.437499121875 0.4733715171875 0.4624715078125
9 0.4976078859375 0.5873997937500001 0.5253071828125 0.598580090625 0.5704935234375 0.6049831625000001 0.580096653125 0.594415915625 0.582159715625 0.57478719375 0.5764715046875 0.5642665609375 0.5863644046875 0.5024620796875 0.5704639390625 0.475983925 0.5607281703125 0.4716530609375 0.5335053546874999 0.47209942031249996 0.4925532875 0.5223704703125 0.459563696875 0.54536386875 0.472448134375 0.5682174328125 0.4976078859375 0.5873997937500001
9 0.6418956375 0.53972078125 0.6602030078125 0.5432987578125 0.6702826203125001 0.54435816875 0.66795428125 0.534190671875 0.641630359375 0.5099245609375 0.6214711312500001 0.5078057406250001 0.6054921015625 0.514395259375 0.6418956375 0.53972078125
9 0.472212440625 0.6674204515625 0.5167110921875 0.68036643125 0.5417382046875 0.6846506812500001 0.5607332625 0.681685753125 0.5344093390625 0.6574196437500001 0.4605707375 0.6165829625 0.4086646546875 0.6094736171874999 0.44670884375000003 0.6515095421875 0.472212440625 0.6674204515625
4 0.7178758671875001 0.527861065625 0.713086546875 0.4926279625 0.6871064687499999 0.465090396875 0.6578991578125 0.45209780625 0.6276603171875 0.448919575 0.60496154375 0.45480282031249997 0.61147008125 0.47367865781249996 0.6578205921875 0.485165478125 0.7178758671875001 0.527861065625
3 0.661711021875 0.5451110546875 0.6702826203125001 0.54435816875 0.66795428125 0.534190671875 0.641630359375 0.5099245609375 0.6214711312500001 0.5078057406250001 0.6054921015625 0.514395259375 0.6418956375 0.53972078125 0.661711021875 0.5451110546875
6 0.526815196875 0.600392384375 0.5704935234375 0.6049831625000001 0.580096653125 0.594415915625 0.582159715625 0.57478719375 0.5764715046875 0.5642665609375 0.5863644046875 0.5024620796875 0.5810200375 0.48866999062499994 0.5607281703125 0.4716530609375 0.5335053546874999 0.47209942031249996 0.4925532875 0.5223704703125 0.459563696875 0.54536386875 0.472448134375 0.5682174328125 0.4976078859375 0.5873997937500001 0.526815196875 0.600392384375
5 0.51821910625 0.682178725 0.5607332625 0.681685753125 0.49073101250000006 0.652828865625 0.41387638281249994 0.6083675953125 0.4086646546875 0.6094736171874999 0.44670884375000003 0.6515095421875 0.472212440625 0.6674204515625 0.51821910625 0.682178725
10 0.5427697359375 0.674836321875 0.5513413359375 0.6740834359375001 0.5344093390625 0.6574196437500001 0.4605707375 0.6165829625 0.4153843984375 0.610179890625 0.49073101250000006 0.652828865625 0.5427697359375 0.674836321875
8 0.54702340625 0.44044429375 0.5641666062499999 0.438938525 0.5670499953125 0.42766500625 0.5159101640625 0.38094508125000004 0.49307875156250003 0.371930215625 0.4594800390625 0.3683988484375 0.42902999375000006 0.38339018281250004 0.50911185625 0.4133064796875 0.54702340625 0.44044429375
7 0.49990664375 0.4685680546875 0.5084782421875 0.46781516874999995 0.503133875 0.45402308125 0.48620187968749995 0.4373592890625 0.4563068828125 0.43090960312500004 0.4403278515625 0.437499121875 0.4733715171875 0.4624715078125 0.49990664375 0.4685680546875