0 0.46941869062499997 0 0 0.0576373671875 0 0.530581309375 0.0576373671875 1 0.530581309375 1 1 0.9423626328125 1 0.46941869062499997 0.9423626328125 0 0.46941869062499997 0
0 0.45070540625 0.7340087484375 0.49440951406250006 0.7666352468750001 0.517348271875 0.7750758156249999 0.5380874203125 0.776750778125 0.5827603781249999 0.7726727640625 0.600959496875 0.7648096468750001 0.611067209375 0.7579400296875 0.6577040656250001 0.7029639624999999 0.6795691703125 0.6580651671875 0.6983443203124999 0.5657031234375001 0.698579934375 0.478431721875 0.6941545109375 0.44238954374999995 0.6998629984375 0.42198871875000005 0.7081115171875 0.41112597031250003 0.717381284375 0.40858065000000005 0.7163600328124999 0.4002632234375 0.659484459375 0.3495540640625 0.6216983515625001 0.331679428125 0.5994404265625 0.3287838109375 0.5458381171875 0.338179621875 0.4248598046875 0.40087653437500004 0.37327379843749997 0.404396228125 0.332790553125 0.386852759375 0.32469914375000003 0.387846259375 0.313753490625 0.39904017187499996 0.31241802343749997 0.410461240625 0.30416950625 0.4213239875 0.2640528796875 0.4290639625 0.254128478125 0.448575303125 0.2653360421875 0.5175560171875 0.28696553593749996 0.5599286218749999 0.30602879843749997 0.570252178125 0.3271083625 0.5746996156249999 0.3457003015625 0.6146309109375 0.3757616203125 0.6587824906249999 0.425043309375 0.703388378125 0.45070540625 0.7340087484375
1 0.3196452875 0.3912810671875 0.3117371890625 0.40491628906250005 0.3139368 0.4116818953125 0.3193310734375 0.41101956093750003 0.3343093296875 0.3880734140625 0.3196452875 0.3912810671875
1 0.6954637781249999 0.4084575078125 0.6921120078125 0.4257546921875 0.6953328703125 0.4408377234375 0.6998629984375 0.42198871875000005 0.7081115171875 0.41112597031250003 0.717381284375 0.40858065000000005 0.7129820625 0.3950494390625 0.6932379656250001 0.3791809328125 0.6897028859375001 0.383836396875 0.6954637781249999 0.4084575078125
9 0.45070540625 0.7340087484375 0.49440951406250006 0.7666352468750001 0.539606196875 0.77797143125 0.5827603781249999 0.7726727640625 0.600959496875 0.7648096468750001 0.611067209375 0.7579400296875 0.6577040656250001 0.7029639624999999 0.6795691703125 0.6580651671875 0.6983443203124999 0.5657031234375001 0.698579934375 0.478431721875 0.692138209375 0.4482656609375 0.6954637781249999 0.4084575078125 0.6917191890625001 0.3779602796875 0.659484459375 0.3495540640625 0.6216983515625001 0.331679428125 0.5994404265625 0.3287838109375 0.5458381171875 0.338179621875 0.4248598046875 0.40087653437500004 0.384402759375 0.4058440359375 0.35910728281250004 0.40050711093749997 0.33582810625000004 0.3892940671875 0.3193310734375 0.41101956093750003 0.31123966406250003 0.4120130609375 0.30416950625 0.4213239875 0.2640528796875 0.4290639625 0.254128478125 0.448575303125 0.2653360421875 0.5175560171875 0.28696553593749996 0.5599286218749999 0.29455941874999997 0.56603189375 0.3271083625 0.5746996156249999 0.3457003015625 0.6146309109375 0.3757616203125 0.6587824906249999 0.425043309375 0.703388378125 0.45070540625 0.7340087484375
9 0.41189785 0.41794656718749995 0.43533413281250005 0.41929036249999996 0.4865797234375 0.41299819531250004 0.5221662203124999 0.42410722500000003 0.526382134375 0.42499671406250006 0.5349710671875 0.41690644218750006 0.5239992140624999 0.4055893859375 0.5037575921874999 0.39681765156250004 0.473067840625 0.392143059375 0.4329512125 0.399883034375 0.41189785 0.41794656718749995
9 0.5956697359375001 0.42071067500000003 0.6009068984375 0.42991758906250005 0.6278782625 0.42660592187499996 0.6793071609375 0.4329554765625 0.684701434375 0.43229314375000005 0.6676544718749999 0.4160934703125 0.650450403125 0.4097630453125 0.612350078125 0.411626903125 0.5956697359375001 0.42071067500000003
9 0.459974978125 0.44159330625 0.44363505312499996 0.45344955468750003 0.4596607625 0.46133179999999996 0.4777027734375 0.4633379296875 0.51546268125 0.45870159531250004 0.504490828125 0.447384540625 0.4842492046875 0.43861280625 0.459974978125 0.44159330625
9 0.638352590625 0.44501975 0.6137379468749999 0.44522777343750003 0.5953817203125 0.4629601390625 0.615282925 0.468959396875 0.6491673375 0.4662060515625 0.6580966890625 0.4608882546875 0.638352590625 0.44501975
9 0.5232922765625 0.5224685265625 0.50781649375 0.552511446875 0.519128765625 0.566600978125 0.5685413609375 0.57882665 0.58624295625 0.578060303125 0.6071392125 0.5698660203125 0.615728146875 0.561775746875 0.613004809375 0.5395959453125 0.60355173125 0.52949954375 0.5988120921875 0.513195859375 0.5903278640625 0.46639494687500005 0.5705837671875 0.450526440625 0.5517038125 0.4528446078125 0.5353638875 0.46470085625 0.5232922765625 0.5224685265625
9 0.4713135484375 0.6231288671875 0.4904030125 0.655963390625 0.519259771875 0.6791558234374999 0.5521491328125 0.6905960203125 0.5829959921875 0.6854013640625001 0.6052277140625 0.6657860125 0.62188185625 0.634191271875 0.6090508078125 0.6188810874999999 0.5842528546875 0.606447390625 0.559978628125 0.6094278906249999 0.5373802875 0.6037597984375 0.515803196875 0.6064091328125001 0.4713135484375 0.6231288671875
4 0.6009068984375 0.42991758906250005 0.6278782625 0.42660592187499996 0.6808259375 0.43417613125 0.684701434375 0.43229314375000005 0.678285909375 0.4246380515625 0.650450403125 0.4097630453125 0.612350078125 0.411626903125 0.5956697359375001 0.42071067500000003 0.6009068984375 0.42991758906250005
3 0.6137379468749999 0.44522777343750003 0.5953817203125 0.4629601390625 0.6168017015625 0.4701800515625 0.6491673375 0.4662060515625 0.6580966890625 0.4608882546875 0.638352590625 0.44501975 0.6137379468749999 0.44522777343750003
6 0.50781649375 0.552511446875 0.519128765625 0.566600978125 0.5700601390625 0.580047303125 0.6071392125 0.5698660203125 0.615728146875 0.561775746875 0.613004809375 0.5395959453125 0.60355173125 0.52949954375 0.5988120921875 0.513195859375 0.5903278640625 0.46639494687500005 0.5705837671875 0.450526440625 0.5517038125 0.4528446078125 0.5353638875 0.46470085625 0.5232922765625 0.5224685265625 0.50781649375 0.552511446875
5 0.4904030125 0.655963390625 0.519259771875 0.6791558234374999 0.553667909375 0.691816675 0.5880498453125 0.6819665578125 0.6111195125 0.6580269078125001 0.6195251374999999 0.6372949140624999 0.6153092250000001 0.6364054265625 0.603525628125 0.6519236375 0.5856669250000001 0.6625592296875 0.553301290625 0.6665332296875001 0.5016890828125 0.647541953125 0.47401068437499994 0.6227977 0.4904030125 0.655963390625
10 0.5228995546874999 0.619609175 0.58056066875 0.6209721 0.6149688078125 0.6336329515625 0.6185038859375 0.6289774875 0.6090508078125 0.6188810874999999 0.5842528546875 0.606447390625 0.559978628125 0.6094278906249999 0.5373802875 0.6037597984375 0.515803196875 0.6064091328125001 0.47788618125 0.6209147125000001 0.479745375 0.6249078421875 0.5228995546874999 0.619609175
2 0.47856701562500004 0.6264596625000001 0.5016890828125 0.647541953125 0.553301290625 0.6665332296875001 0.5856669250000001 0.6625592296875 0.603525628125 0.6519236375 0.6191847187499999 0.6345224390624999 0.58056066875 0.6209721 0.552908471875 0.6187388171875 0.47856701562500004 0.6264596625000001
8 0.4865797234375 0.41299819531250004 0.5118752 0.41833512031250003 0.5236849968749999 0.42532787968749997 0.5349710671875 0.41690644218750006 0.5239992140624999 0.4055893859375 0.5037575921874999 0.39681765156250004 0.473067840625 0.392143059375 0.4329512125 0.399883034375 0.41189785 0.41794656718749995 0.43533413281250005 0.41929036249999996 0.4865797234375 0.41299819531250004
7 0.459974978125 0.44159330625 0.44363505312499996 0.45344955468750003 0.47922155 0.464558584375 0.51546268125 0.45870159531250004 0.504490828125 0.447384540625 0.4842492046875 0.43861280625 0.459974978125 0.44159330625