0 0.4956365609375 0 0 0.008651368750000001 0 0.5043634390625 0.008651368750000001 1 0.5043634390625 1 1 0.99134863125 1 0.4956365609375 0.99134863125 0 0.4956365609375 0
0 0.448823753125 0.789046928125 0.471089534375 0.79323214375 0.519925271875 0.7939043359375 0.540525759375 0.7874462640625 0.552251859375 0.78114309375 0.6090042312499999 0.726790690625 0.6377873953125001 0.6805496062499999 0.66862414375 0.5824355109375 0.6788071953125 0.48773117343749994 0.678115484375 0.4481030640625 0.6866174109375 0.4266099484375 0.6967846343749999 0.415760121875 0.7071114828125 0.41405524375 0.70695185625 0.4049102953125 0.6511356890625 0.34337505 0.6122543421875 0.3196597671875 0.588482890625 0.313976209375 0.5293735125000001 0.3180572109375 0.3912459828125 0.3723054 0.3349883171875 0.3702381359375 0.2931488390625 0.3465744875 0.28427445156250003 0.346729390625 0.27114910000000003 0.3576308515625 0.2684038046875 0.36987575 0.2582365828125 0.38072557812499996 0.21391785156249998 0.3845484078125 0.200952125 0.40459481875 0.20524046875000002 0.4807510875 0.22384058125 0.5292143390625 0.243307859375 0.5425961390625 0.2656268515625 0.549829671875 0.281215625 0.5952962421875 0.308743334375 0.6466529078125001 0.35703115625000004 0.7006964484375 0.38133469375 0.7368631671875 0.424945884375 0.7772667390625 0.448823753125 0.789046928125
1 0.2699094734375 0.3713740921875 0.2758257328125 0.3712708234375 0.2946545078125 0.34807282968750003 0.2784114015625 0.3498809765625 0.2682973875 0.3637791171875 0.2699094734375 0.3713740921875
1 0.6795679453125001 0.44655308906249996 0.6866174109375 0.4266099484375 0.6967846343749999 0.415760121875 0.7071114828125 0.41405524375 0.7038873109375 0.398865296875 0.684313615625 0.379386865625 0.679956234375 0.384036790625 0.6833932390624999 0.41142000312500004 0.6777962328125 0.42981316718749996 0.6795679453125001 0.44655308906249996
9 0.47259520468750005 0.7947304859375001 0.519925271875 0.7939043359375 0.540525759375 0.7874462640625 0.552251859375 0.78114309375 0.6090042312499999 0.726790690625 0.6377873953125001 0.6805496062499999 0.66862414375 0.5824355109375 0.6788071953125 0.48773117343749994 0.675263771875 0.45425133124999995 0.6833932390624999 0.41142000312500004 0.6828079453125 0.3778885234375 0.6511356890625 0.34337505 0.6122543421875 0.3196597671875 0.588482890625 0.313976209375 0.5293735125000001 0.3180572109375 0.3912459828125 0.3723054 0.34687404375 0.373079915625 0.3200912546875 0.364399675 0.296160178125 0.3495711703125 0.2758257328125 0.3712708234375 0.26695134375 0.3714257265625 0.2582365828125 0.38072557812499996 0.21391785156249998 0.3845484078125 0.200952125 0.40459481875 0.20524046875000002 0.4807510875 0.22384058125 0.5292143390625 0.2313689265625 0.53670604375 0.2656268515625 0.549829671875 0.281215625 0.5952962421875 0.308743334375 0.6466529078125001 0.35703115625000004 0.7006964484375 0.38133469375 0.7368631671875 0.424945884375 0.7772667390625 0.47259520468750005 0.7947304859375001
9 0.45669728593750003 0.3925076578125 0.49396654843750004 0.40862796718750005 0.49843034687500004 0.4100746734375 0.508650778125 0.4022731640625 0.4980578875 0.38873646093750003 0.4771381484375 0.3769046375 0.44443910156250005 0.36832766562499997 0.40012037031250003 0.372150496875 0.3752689171875 0.389355128125 0.4004928296875 0.393488709375 0.45669728593750003 0.3925076578125
9 0.6081471734375 0.423405784375 0.663112003125 0.43616797187499995 0.6690282625 0.436064703125 0.6524126953125 0.41653463593750006 0.6345042953125 0.40769949375000003 0.5930372765625 0.405374059375 0.5739424578125 0.41333047343749996 0.5785658796875001 0.42392212812499996 0.6081471734375 0.423405784375
9 0.422051071875 0.441900328125 0.441358725 0.44613717968750005 0.4827725359375 0.4454142984375 0.47217964375 0.4318775953125 0.4512599046875 0.42004577187500003 0.4246367421875 0.42051048125 0.40559513125 0.431515209375 0.422051071875 0.441900328125
9 0.5688243265625 0.4591584828125 0.5896908562500001 0.4679419921875 0.6266940765625 0.4688207203125 0.6369677171875 0.46406752500000004 0.617394021875 0.44458909531249996 0.59071765 0.4420054875 0.5688243265625 0.4591584828125
9 0.47446761249999997 0.562955190625 0.5265807312499999 0.5818656437499999 0.545835175 0.5830541796875 0.5693937921875001 0.576544471875 0.5796142234375 0.5687429609375 0.5791885546875 0.5443564328125 0.57010133125 0.532318071875 0.5668239515625 0.514079809375 0.5629612765625 0.46231006875 0.54338758125 0.44283163593749997 0.5226806765625 0.4431930765625 0.503639065625 0.45419780625 0.4839963328125 0.5155255703125 0.46382151250000003 0.546370171875 0.47446761249999997 0.562955190625
9 0.46180530781250007 0.68514600625 0.496116440625 0.7013179515625 0.5301083234374999 0.6991999984375 0.5564122359375 0.6804453921875 0.578039515625 0.648050815625 0.565887746875 0.62996745625 0.5404510015625 0.613640609375 0.5138278374999999 0.61410531875 0.490003178125 0.60537344375 0.4663381453125 0.60578651875 0.41626277968750003 0.6188575671875001 0.4331975984375 0.6566775296875 0.46180530781250007 0.68514600625
4 0.6646176734375 0.43766631250000004 0.6690282625 0.436064703125 0.662952378125 0.427023021875 0.6345042953125 0.40769949375000003 0.5930372765625 0.405374059375 0.5739424578125 0.41333047343749996 0.5785658796875001 0.42392212812499996 0.6081471734375 0.423405784375 0.6646176734375 0.43766631250000004
3 0.5911965265625 0.4694403328125 0.6266940765625 0.4688207203125 0.6369677171875 0.46406752500000004 0.617394021875 0.44458909531249996 0.59071765 0.4420054875 0.5688243265625 0.4591584828125 0.5911965265625 0.4694403328125
6 0.5280863984375 0.5833639859375 0.5693937921875001 0.576544471875 0.5796142234375 0.5687429609375 0.5791885546875 0.5443564328125 0.57010133125 0.532318071875 0.5668239515625 0.514079809375 0.5629612765625 0.46231006875 0.54338758125 0.44283163593749997 0.5226806765625 0.4431930765625 0.503639065625 0.45419780625 0.4839963328125 0.5155255703125 0.46382151250000003 0.546370171875 0.47446761249999997 0.562955190625 0.5280863984375 0.5833639859375
5 0.49762211093750003 0.7028162921875001 0.5359713734375 0.6960484140625 0.5636745375000001 0.672695515625 0.5751345953125 0.6511507671875 0.570670796875 0.6497040593750001 0.5561461921874999 0.6652038109375 0.5355989140624999 0.6747102 0.5001013624999999 0.6753298125 0.446376159375 0.648824384375 0.41922091093749997 0.6188059328125 0.4331975984375 0.6566775296875 0.46180530781250007 0.68514600625 0.49762211093750003 0.7028162921875001
10 0.5706175890625 0.6466557421875 0.5749749703125 0.6420058171874999 0.565887746875 0.62996745625 0.5404510015625 0.613640609375 0.5138278374999999 0.61410531875 0.490003178125 0.60537344375 0.4663381453125 0.60578651875 0.42363149843750003 0.6172043234375 0.4251903765625 0.6217509812500001 0.47252044531250004 0.62092483125 0.534800784375 0.6289854578125 0.5706175890625 0.6466557421875
2 0.5001013624999999 0.6753298125 0.5355989140624999 0.6747102 0.5561461921874999 0.6652038109375 0.5750813875 0.64810245 0.534800784375 0.6289854578125 0.5051130749999999 0.62340516875 0.423737915625 0.6233009546875 0.446376159375 0.648824384375 0.5001013624999999 0.6753298125
8 0.49547221874999997 0.41012630781250003 0.508650778125 0.4022731640625 0.4980578875 0.38873646093750003 0.4771381484375 0.3769046375 0.44443910156250005 0.36832766562499997 0.40012037031250003 0.372150496875 0.3752689171875 0.389355128125 0.4004928296875 0.393488709375 0.45669728593750003 0.3925076578125 0.483480075 0.40118789687499995 0.49547221874999997 0.41012630781250003
7 0.44286439531250005 0.44763552031250003 0.4827725359375 0.4454142984375 0.47217964375 0.4318775953125 0.4512599046875 0.42004577187500003 0.4246367421875 0.42051048125 0.40559513125 0.431515209375 0.44286439531250005 0.44763552031250003