0 0.0418344125 0 0 0.4781695265625 0 0.9581655874999999 0.4781695265625 1 0.9581655874999999 1 1 0.5218304734375 1 0.0418344125 0.5218304734375 0 0.0418344125 0
0 0.7402803671875 0.533067646875 0.7620004578125 0.4626928796875 0.779537075 0.440135459375 0.7988168078125 0.39765414374999997 0.8026516609375 0.3538215765625 0.791041634375 0.308637759375 0.7885485390625 0.24819045156250003 0.75867828125 0.18936323125 0.7600727734375 0.17342411562499999 0.7825164796874999 0.139250171875 0.7491731781250001 0.1423559296875 0.689834021875 0.10905747031249999 0.6554316671875 0.102032375 0.617141725 0.0504990875 0.598532871875 0.040840465625 0.5715043343749999 0.038475775000000004 0.54273268125 0.056034978125 0.42936281718749997 0.062177517187499996 0.3690041578125 0.0850037734375 0.3044488421875 0.13356218749999998 0.2995417546875 0.1451787109375 0.26130454531249997 0.18198618125 0.23221063593750002 0.24770054375 0.220304721875 0.2948422625 0.2200088328125 0.3871678015625 0.22810626250000002 0.428029028125 0.2442747546875 0.4655811015625 0.2751908796875 0.5124539859375 0.296694184375 0.6669158953125 0.3336160015625 0.778558678125 0.3740108640625 0.8282684843749999 0.415089790625 0.8479235421875 0.44387462656250004 0.852449528125 0.4888015890625 0.850357209375 0.5291569015625 0.8338114453125 0.603177771875 0.7660047640625 0.63017994375 0.724199075 0.6599710984375 0.65051515625 0.6898018031250001 0.64308680625 0.7010236562500001 0.6259998328124999 0.7402803671875 0.533067646875
1 0.41753600312500005 0.24183037500000001 0.573701540625 0.1912486203125 0.6010918843749999 0.21171372187499998 0.6313107640625 0.2665561625 0.63940819375 0.3074173890625 0.6436707703125 0.3921111828125 0.688315028125 0.5044295921875 0.6935839234375 0.5109134796875 0.7413130515625 0.4990281203125 0.7563961234375001 0.48227896093749995 0.7988168078125 0.39765414374999997 0.8026516609375 0.3538215765625 0.791041634375 0.308637759375 0.7885485390625 0.24819045156250003 0.75867828125 0.18936323125 0.7600727734375 0.17342411562499999 0.7825164796874999 0.139250171875 0.7491731781250001 0.1423559296875 0.689834021875 0.10905747031249999 0.6554316671875 0.102032375 0.617141725 0.0504990875 0.598532871875 0.040840465625 0.5715043343749999 0.038475775000000004 0.54273268125 0.056034978125 0.4921882015625 0.0556281875 0.41743053281250003 0.06514885625 0.38128506406249996 0.07804765625 0.3233931359375 0.117150840625 0.2521876140625 0.197249671875 0.220304721875 0.2948422625 0.2200088328125 0.3871678015625 0.22810626250000002 0.428029028125 0.2442747546875 0.4655811015625 0.27343458125 0.5102926890624999 0.28079521406249996 0.49286790468749997 0.287070428125 0.42114188593749996 0.299673590625 0.366030609375 0.31930194375 0.319564515625 0.34174565 0.28539057031250004 0.3691096265625 0.26168529218750003 0.41753600312500005 0.24183037500000001
9 0.7010236562500001 0.6259998328124999 0.7507917890625 0.5018650421874999 0.7497327375 0.4917341875 0.7132386453125 0.508617765625 0.6935839234375 0.5109134796875 0.688315028125 0.5044295921875 0.6436707703125 0.3921111828125 0.63940819375 0.3074173890625 0.6313107640625 0.2665561625 0.6010918843749999 0.21171372187499998 0.573701540625 0.1912486203125 0.3691096265625 0.26168529218750003 0.34174565 0.28539057031250004 0.31930194375 0.319564515625 0.299673590625 0.366030609375 0.287070428125 0.42114188593749996 0.2741450109375 0.524408321875 0.2832883109375 0.5533152125 0.2836633 0.5935008125000001 0.30514023749999997 0.70379234375 0.3336160015625 0.778558678125 0.3740108640625 0.8282684843749999 0.44176970625 0.8542730109375001 0.4888015890625 0.850357209375 0.5291569015625 0.8338114453125 0.590199621875 0.7809304406249999 0.63017994375 0.724199075 0.6599710984375 0.65051515625 0.6898018031250001 0.64308680625 0.7010236562500001 0.6259998328124999
9 0.47769105468750006 0.4659259859375 0.5152441999999999 0.4591732609375 0.590712296875 0.46376822500000003 0.5633219515625 0.4433031234375 0.5134747187500001 0.4349267765625 0.493819996875 0.43722249062499996 0.4590822015625 0.45626736250000005 0.46786369531250005 0.4670738421875 0.47769105468750006 0.4659259859375
9 0.29833183124999996 0.47031048281250004 0.3594009171875 0.46159985781249996 0.39766449375 0.46896276718749996 0.404676503125 0.4555227609375 0.38431135156249996 0.44370284218749995 0.33797671406249996 0.43964908593749996 0.3137635265625 0.4495765453125 0.29060939218750004 0.4696348578125 0.29833183124999996 0.47031048281250004
9 0.568617215625 0.493957390625 0.5447394671875 0.47781487968749997 0.5215721484375 0.475788003125 0.49770758437499996 0.4817306828125 0.4829731328125 0.49449506249999997 0.5071995046875 0.50665279375 0.5324717437500001 0.5068561890625001 0.568617215625 0.493957390625
9 0.37345130625 0.47889022499999995 0.3464227671875 0.476525534375 0.32361725468749997 0.49259906875 0.3401211875 0.5040811734374999 0.373115865625 0.50496019375 0.397329053125 0.49503273593749997 0.37345130625 0.47889022499999995
9 0.4047028703125 0.499693140625 0.38335776718750003 0.6102535078125 0.40302567343750006 0.6300429828125 0.43532310625 0.6388915609375 0.4812959375 0.62484490625 0.49603038593750004 0.612080525 0.497424878125 0.5961414109375001 0.47704654375000005 0.5622363015625 0.466831009375 0.50111336875 0.45032707812500006 0.4896312640625 0.427159759375 0.4876043859375 0.4047028703125 0.499693140625
9 0.4957213140625 0.6823208734375 0.4142870765625 0.6792115812499999 0.3798979046875 0.694271675 0.40798549531250006 0.70676721875 0.4448413953125 0.707984053125 0.51257386875 0.6898182 0.4957213140625 0.6823208734375
4 0.29060939218750004 0.4696348578125 0.29622691093750003 0.472133965625 0.3594009171875 0.46159985781249996 0.39766449375 0.46896276718749996 0.404676503125 0.4555227609375 0.38431135156249996 0.44370284218749995 0.33797671406249996 0.43964908593749996 0.3137635265625 0.4495765453125 0.29060939218750004 0.4696348578125
3 0.397329053125 0.49503273593749997 0.37345130625 0.47889022499999995 0.3464227671875 0.476525534375 0.32361725468749997 0.49259906875 0.3401211875 0.5040811734374999 0.3710109453125 0.5067836765625 0.397329053125 0.49503273593749997
6 0.427159759375 0.4876043859375 0.4047028703125 0.499693140625 0.38335776718750003 0.6102535078125 0.40302567343750006 0.6300429828125 0.4332181859375 0.6407150453125 0.4812959375 0.62484490625 0.49603038593750004 0.612080525 0.497424878125 0.5961414109375001 0.47704654375000005 0.5622363015625 0.466831009375 0.50111336875 0.45032707812500006 0.4896312640625 0.427159759375 0.4876043859375
5 0.42517349062500004 0.6881945765624999 0.3798979046875 0.694271675 0.40798549531250006 0.70676721875 0.4427364734375 0.7098075359375 0.51257386875 0.6898182 0.42517349062500004 0.6881945765624999
10 0.42517349062500004 0.6881945765624999 0.487301628125 0.68961480625 0.4974776125 0.6844821703124999 0.4142870765625 0.6792115812499999 0.384107746875 0.690624709375 0.39744770625000003 0.6937994437499999 0.42517349062500004 0.6881945765624999
8 0.46048987812500003 0.46241343749999997 0.475586134375 0.46774946875 0.5152441999999999 0.4591732609375 0.590712296875 0.46376822500000003 0.5633219515625 0.4433031234375 0.5134747187500001 0.4349267765625 0.493819996875 0.43722249062499996 0.4590822015625 0.45626736250000005 0.46048987812500003 0.46241343749999997
7 0.5303668234375001 0.508679671875 0.568617215625 0.493957390625 0.5447394671875 0.47781487968749997 0.5215721484375 0.475788003125 0.49770758437499996 0.4817306828125 0.4829731328125 0.49449506249999997 0.5071995046875 0.50665279375 0.5303668234375001 0.508679671875