0 0.4650365953125 0 0 0.06535663124999999 0 0.5349634046875 0.06535663124999999 1 0.5349634046875 1 1 0.93464336875 1 0.4650365953125 0.93464336875 0 0.4650365953125 0
0 0.3851738890625 0.730825509375 0.46095328125 0.7937258421875 0.5012030640625 0.8079476015625 0.5451616296874999 0.8077331765625001 0.57302028125 0.8018300484375 0.61208975 0.7804363953125 0.6489252828125001 0.729538959375 0.6791434765625 0.61794819375 0.6920814421875 0.46505331562499996 0.7198133999999999 0.41742315156250004 0.733637146875 0.379699059375 0.7394109359375001 0.339130615625 0.7343106796875001 0.24840633125 0.720233540625 0.20267635312499999 0.6884127140625 0.1395615953125 0.64917431875 0.10531919999999999 0.6437795265624999 0.0941502921875 0.5782417921875 0.04968908125 0.51814108125 0.030305792187500003 0.40716993281249997 0.029998975 0.378173196875 0.0141957046875 0.3519160890625 0.0178859 0.33425686250000003 0.028319140625 0.2995708 0.0809023375 0.2663595859375 0.08954556875 0.2101788203125 0.12527115312499998 0.1774733 0.1239040671875 0.20115970781249998 0.15635645 0.20335140937500001 0.1719512234375 0.1772632296875 0.23127746562499998 0.1779800828125 0.2908122046875 0.169003203125 0.3358065140625 0.17503038437500001 0.37869213749999997 0.196061628125 0.41946908125000004 0.2143532421875 0.44075255625 0.23921996562499998 0.5088203499999999 0.2823783015625 0.5981716203125 0.29422150625 0.6143978109375 0.32372393593750004 0.6201907640625001 0.35664061406249997 0.691102909375 0.3851738890625 0.730825509375
1 0.6757281374999999 0.37591054375 0.6855907984375 0.4460870203125 0.6936829875 0.4628403828125 0.7198133999999999 0.41742315156250004 0.733637146875 0.379699059375 0.7394109359375001 0.339130615625 0.7343106796875001 0.24840633125 0.6981064453125 0.1541020265625 0.6244342921875 0.0789784421875 0.56589289375 0.0434732078125 0.5299420546875 0.0326229734375 0.456481059375 0.027044446875 0.40716993281249997 0.029998975 0.378173196875 0.0141957046875 0.3519160890625 0.0178859 0.33425686250000003 0.028319140625 0.2995708 0.0809023375 0.2663595859375 0.08954556875 0.2101788203125 0.12527115312499998 0.1774733 0.1239040671875 0.20115970781249998 0.15635645 0.20335140937500001 0.1719512234375 0.1772632296875 0.23127746562499998 0.1779800828125 0.2908122046875 0.169003203125 0.3358065140625 0.17503038437500001 0.37869213749999997 0.2208438859375 0.45971884999999996 0.2364381046875 0.4754178734375 0.2836419921875 0.48468659531249997 0.288446628125 0.47804779843749995 0.32616685156249997 0.36540269062499997 0.3259134609375 0.2819486234375 0.33168725 0.241380178125 0.35832335625 0.18595262968749998 0.38399030624999997 0.164454728125 0.53904671875 0.20627415781249997 0.5873464562499999 0.223340265625 0.6152895734375 0.2452551609375 0.63897598125 0.2777075453125 0.66055515 0.32238317968749997 0.6757281374999999 0.37591054375
9 0.46095328125 0.7937258421875 0.5012030640625 0.8079476015625 0.5473111 0.8094189374999999 0.61208975 0.7804363953125 0.6489252828125001 0.729538959375 0.6728217609375 0.6546179453125001 0.6880358921874999 0.5451358625 0.686307653125 0.505621759375 0.6937252203125001 0.47674939531250005 0.6757281374999999 0.37591054375 0.66055515 0.32238317968749997 0.63897598125 0.2777075453125 0.6152895734375 0.2452551609375 0.5873464562499999 0.223340265625 0.38399030624999997 0.164454728125 0.35832335625 0.18595262968749998 0.33168725 0.241380178125 0.3259134609375 0.2819486234375 0.32616685156249997 0.36540269062499997 0.288446628125 0.47804779843749995 0.2836419921875 0.48468659531249997 0.2643389890625 0.48342375625 0.22784022343750002 0.468674828125 0.2273345296875 0.4786851453125 0.2823783015625 0.5981716203125 0.29422150625 0.6143978109375 0.32372393593750004 0.6201907640625001 0.35664061406249997 0.691102909375 0.3986186375 0.74483876875 0.46095328125 0.7937258421875
9 0.4072565734375 0.41165391093750003 0.38158962343749997 0.4331518109375 0.45500838593750004 0.424821328125 0.49201284687499997 0.4295599375 0.5016643484375 0.4301913578125 0.5096720718750001 0.419126696875 0.4747748515625 0.40216483593749996 0.4554718484375 0.40090199687499994 0.4072565734375 0.41165391093750003
9 0.5627342140625 0.41564499843749997 0.5702784765625 0.42849966874999995 0.6072407046875 0.41932926718749997 0.667299184375 0.42480354374999996 0.674801215625 0.42374920156250007 0.6511570390625 0.40520583125 0.6270071703125 0.3966727765625 0.5819949859375 0.40299882656249997 0.5627342140625 0.41564499843749997
9 0.4496980578125 0.44147044218750003 0.42719196562499995 0.4446334671875 0.4047281046875 0.46170550312499997 0.44067894687500003 0.47255573906250004 0.465334509375 0.471078475 0.4883462953125 0.45790513125 0.47330000156249996 0.446104803125 0.4496980578125 0.44147044218750003
9 0.620685453125 0.43334252656250005 0.5944283453125 0.4370327234375 0.5719644859375 0.454104759375 0.5961143546875001 0.46263781406250004 0.6282719484375 0.46010620781249995 0.6437817046875 0.44798720625 0.620685453125 0.43334252656250005
9 0.47953834375 0.5585354859375 0.4817300453125 0.5741302593750001 0.49677633749999994 0.5859305859374999 0.54237868125 0.5974122421875 0.5734404234375 0.5870832484374999 0.59160534375 0.566639690625 0.56501038125 0.45905779375 0.54246205625 0.4483118078125 0.5199559640625 0.4514748328125 0.5044462078125 0.463593834375 0.49766102968750003 0.524182915625 0.47953834375 0.5585354859375
9 0.5650114687500001 0.6359762515625 0.48569222031250003 0.6431481453125001 0.46963453906249997 0.651368453125 0.536689353125 0.665798709375 0.5725979640625 0.6627399328125 0.599360765625 0.6490394187499999 0.5650114687500001 0.6359762515625
4 0.5702784765625 0.42849966874999995 0.6072407046875 0.41932926718749997 0.6694486546875 0.42648930625 0.674801215625 0.42374920156250007 0.6511570390625 0.40520583125 0.6270071703125 0.3966727765625 0.5819949859375 0.40299882656249997 0.5627342140625 0.41564499843749997 0.5702784765625 0.42849966874999995
3 0.5944283453125 0.4370327234375 0.5719644859375 0.454104759375 0.598263825 0.464323575 0.6282719484375 0.46010620781249995 0.6437817046875 0.44798720625 0.620685453125 0.43334252656250005 0.5944283453125 0.4370327234375
6 0.4817300453125 0.5741302593750001 0.49677633749999994 0.5859305859374999 0.5445281515625 0.5990980031250001 0.5734404234375 0.5870832484374999 0.59160534375 0.566639690625 0.56501038125 0.45905779375 0.54246205625 0.4483118078125 0.5199559640625 0.4514748328125 0.5044462078125 0.463593834375 0.49766102968750003 0.524182915625 0.47953834375 0.5585354859375 0.4817300453125 0.5741302593750001
5 0.5548542750000001 0.64535515 0.46963453906249997 0.651368453125 0.538838825 0.6674844703125 0.5725979640625 0.6627399328125 0.599360765625 0.6490394187499999 0.5548542750000001 0.64535515
10 0.4942901015625 0.649891190625 0.5548542750000001 0.64535515 0.5822072328125001 0.649462340625 0.5950618234375 0.645667896875 0.5650114687500001 0.6359762515625 0.484090675 0.6453610765625 0.4942901015625 0.649891190625
8 0.38158962343749997 0.4331518109375 0.45500838593750004 0.424821328125 0.49416231718750003 0.43124569843750005 0.508618453125 0.42523832187500005 0.5096720718750001 0.419126696875 0.4747748515625 0.40216483593749996 0.4554718484375 0.40090199687499994 0.4072565734375 0.41165391093750003 0.38158962343749997 0.4331518109375
7 0.42719196562499995 0.4446334671875 0.4047281046875 0.46170550312499997 0.4428284171875 0.47424150000000004 0.465334509375 0.471078475 0.4883462953125 0.45790513125 0.47330000156249996 0.446104803125 0.4496980578125 0.44147044218750003 0.42719196562499995 0.4446334671875