0 0.11633650625 0 0 0.43417374999999997 0 0.88366349375 0.43417374999999997 1 0.88366349375 1 1 0.56582625 1 0.11633650625 0.56582625 0 0.11633650625 0
0 0.718857746875 0.63364145625 0.7371065875 0.622355028125 0.754394903125 0.568164909375 0.7776022890625 0.533207553125 0.7860672296875 0.511946721875 0.7842014140625 0.48791777343750004 0.777000203125 0.4786354015625 0.751908590625 0.4689709984375 0.7290412328125 0.4716670859375 0.731793934375 0.45622847968749997 0.7269501734375 0.40199033906250004 0.71124720625 0.3727831734375 0.6879845921875 0.345962096875 0.6193272875 0.292271921875 0.5975536453125 0.28055544062500004 0.52670890625 0.2556904 0.42600243125 0.24929405781249997 0.3728964890625 0.26153449375000004 0.341922625 0.27382295 0.3070839328125 0.29536976875 0.27354578906250004 0.3275590078125 0.24960312187499997 0.365260471875 0.2315795234375 0.4221946984375 0.23975966406250002 0.49497357343750004 0.23350056718749998 0.50800208125 0.2228113734375 0.516902421875 0.217664403125 0.536111175 0.22396031875000003 0.5642682890625 0.239116428125 0.6006817375 0.2457891875 0.637763203125 0.2618505921875 0.6553019078125 0.2670343796875 0.6772787796874999 0.281795234375 0.6841750640625001 0.3316568421875 0.7563579515625001 0.3800110671875 0.79284343125 0.41782770312500006 0.80150580625 0.45194952343750006 0.80329590625 0.5069028734375001 0.7944916078125 0.5688506 0.76991469375 0.5977886328124999 0.7497279234375 0.6482750671875 0.6956098359375 0.68288851875 0.6284152203125 0.687865475 0.625337103125 0.718857746875 0.63364145625
1 0.52670890625 0.2556904 0.49000439531250006 0.25320826875 0.5005235765625 0.26043856249999997 0.5366812265625 0.2701269765625 0.5829812140625 0.27812133125 0.52670890625 0.2556904
1 0.668058359375 0.337681753125 0.695374225 0.3597066453125 0.701840153125 0.3717331234375 0.7085129109375 0.40881459062500003 0.7063438859375 0.4582325359375 0.7109808156249999 0.4874156890625 0.7281175281250001 0.46994901718750004 0.731793934375 0.45622847968749997 0.7269501734375 0.40199033906250004 0.7212195265625 0.3872197515625 0.6986921953125 0.3576545671875 0.6650988250000001 0.3280653703125 0.668058359375 0.337681753125
1 0.2676635375 0.3495118671875 0.2757700421875 0.339919496875 0.2785227453125 0.32448089062499996 0.24960312187499997 0.365260471875 0.2315795234375 0.4221946984375 0.23881755 0.4726626921875 0.2676635375 0.3495118671875
1 0.2670343796875 0.6772787796874999 0.2773651359375 0.680046896875 0.2707107875 0.6635582421875 0.2620390140625 0.659764084375 0.2670343796875 0.6772787796874999
9 0.687865475 0.625337103125 0.718857746875 0.63364145625 0.7371065875 0.622355028125 0.754394903125 0.568164909375 0.7776022890625 0.533207553125 0.7860672296875 0.511946721875 0.7842014140625 0.48791777343750004 0.7699874171875 0.47381520625 0.751908590625 0.4689709984375 0.7264585421875001 0.47097505625 0.7109808156249999 0.4874156890625 0.7063438859375 0.4582325359375 0.7085129109375 0.40881459062500003 0.701840153125 0.3717331234375 0.695374225 0.3597066453125 0.668058359375 0.337681753125 0.6562386296875 0.3198090390625 0.621174696875 0.295708059375 0.6245110765625 0.3142487921875 0.6138034734375 0.302556321875 0.5931419578125 0.297020084375 0.5728572890625 0.3004082015625 0.5444477046875 0.2927958765625 0.503143084375 0.30231621406250003 0.49539501562500005 0.300240125 0.48819380625 0.2909577546875 0.49039964999999996 0.28272543125 0.5186024031249999 0.26528277031249997 0.45661785625 0.2486740609375 0.405717759375 0.2526821734375 0.3528002421875 0.2693847859375 0.371802771875 0.2759470609375 0.3939532578125 0.29658789375 0.3996839046875 0.3113584796875 0.39747806093750004 0.3195908015625 0.38586516249999997 0.326773075 0.3773818125 0.3274410953125 0.359661425 0.310928428125 0.3364172203125 0.3047001609375 0.28423498281250004 0.3186586671875 0.2676635375 0.3495118671875 0.2573695984375 0.387929371875 0.2390059734375 0.47712486875 0.23828909999999998 0.5004617890625 0.2228113734375 0.516902421875 0.217664403125 0.536111175 0.22396031875000003 0.5642682890625 0.239116428125 0.6006817375 0.2457891875 0.637763203125 0.2707107875 0.6635582421875 0.2792125453125 0.683483034375 0.3316568421875 0.7563579515625001 0.3800110671875 0.79284343125 0.41616871875 0.8025318453124999 0.4689162234375 0.80195986875 0.5069028734375001 0.7944916078125 0.5688506 0.76991469375 0.5977886328124999 0.7497279234375 0.6482750671875 0.6956098359375 0.68288851875 0.6284152203125 0.687865475 0.625337103125
9 0.5762673046875 0.40132017812500004 0.6107475609375 0.39144182031249997 0.5902560593749999 0.36977495 0.563693884375 0.3655987609375 0.54009124375 0.37103895468750003 0.5137359 0.3919177546875 0.542145484375 0.3995300796875 0.5762673046875 0.40132017812500004
9 0.47887879843750003 0.3928717609375 0.44677439999999996 0.37838716250000004 0.42980770156250003 0.37972320000000004 0.408240890625 0.39306170625000003 0.3810170703125 0.47400087187500006 0.369592596875 0.48564532031249996 0.3637103453125 0.5075981796875 0.3675935828125 0.5189326296875 0.38143073437499997 0.524110846875 0.41666468125 0.532081190625 0.447280109375 0.5314611921875 0.48341934999999997 0.52055679375 0.49706807968750005 0.5212728359375001 0.5127342296874999 0.509294378125 0.5112452578125 0.49418978124999996 0.493148021875 0.46875276250000003 0.47887879843750003 0.3928717609375
9 0.3520054015625 0.4118163953125 0.3898036296875 0.39988595937500004 0.37300694375 0.3850913609375 0.34718005 0.378171065625 0.3119645109375 0.3907935328125 0.2990694734375 0.4079261953125 0.3145656109375 0.41207837343750003 0.3520054015625 0.4118163953125
9 0.44068098593749994 0.576750971875 0.42260215937499995 0.5719067640625 0.40821815 0.5739348328125 0.376697428125 0.593429571875 0.35754329375 0.62359074375 0.3832001734375 0.6466416749999999 0.409950771875 0.6552800390625 0.44075462187500003 0.659122215625 0.4761585828125 0.6509619265625 0.5012317859375 0.6400335171875 0.5368057609375 0.6157425921875 0.52074435625 0.5982038859375 0.48752783125 0.57753904375 0.46170093593750006 0.5706187484374999 0.44068098593749994 0.576750971875
4 0.371802771875 0.2759470609375 0.35114125625 0.270410825 0.3070839328125 0.29536976875 0.288288234375 0.31386248125 0.291794628125 0.3162725796875 0.3364172203125 0.3047001609375 0.359661425 0.310928428125 0.37996450312499996 0.3281331234375 0.39747806093750004 0.3195908015625 0.3996839046875 0.3113584796875 0.3939532578125 0.29658789375 0.371802771875 0.2759470609375
3 0.312906625 0.41310441249999996 0.3520054015625 0.4118163953125 0.3898036296875 0.39988595937500004 0.37300694375 0.3850913609375 0.34718005 0.378171065625 0.3119645109375 0.3907935328125 0.2990694734375 0.4079261953125 0.312906625 0.41310441249999996
6 0.493148021875 0.46875276250000003 0.47887879843750003 0.3928717609375 0.44677439999999996 0.37838716250000004 0.42980770156250003 0.37972320000000004 0.408240890625 0.39306170625000003 0.3810170703125 0.47400087187500006 0.369592596875 0.48564532031249996 0.3637103453125 0.5075981796875 0.3675935828125 0.5189326296875 0.3797717484375 0.525136884375 0.41666468125 0.532081190625 0.447280109375 0.5314611921875 0.48341934999999997 0.52055679375 0.49706807968750005 0.5212728359375001 0.5127342296874999 0.509294378125 0.5112452578125 0.49418978124999996 0.493148021875 0.46875276250000003
10 0.46170093593750006 0.5706187484374999 0.44068098593749994 0.576750971875 0.42260215937499995 0.5719067640625 0.39899952031249997 0.577346959375 0.3840686515625 0.586581309375 0.36306710781249996 0.6133063437499999 0.36252025 0.6205126265625001 0.4019774625 0.6075561515625 0.43332817187500006 0.6041920453125 0.4724269484375 0.6029040296875 0.5349583515624999 0.61230645625 0.52074435625 0.5982038859375 0.48752783125 0.57753904375 0.46170093593750006 0.5706187484374999
5 0.3832001734375 0.6466416749999999 0.4082917859375 0.656306078125 0.44075462187500003 0.659122215625 0.4761585828125 0.6509619265625 0.5012317859375 0.6400335171875 0.5368057609375 0.6157425921875 0.48128714375000003 0.6111603624999999 0.35754329375 0.62359074375 0.3832001734375 0.6466416749999999
2 0.37026831875 0.622588715625 0.45325440468749995 0.6124723890625 0.5205743421875 0.614334521875 0.49124105625 0.605004128125 0.43332817187500006 0.6041920453125 0.4019774625 0.6075561515625 0.3641792359375 0.6194865875 0.37026831875 0.622588715625
8 0.5211850921875001 0.2659748 0.49039964999999996 0.28272543125 0.49096491875000003 0.296111959375 0.503143084375 0.30231621406250003 0.5444477046875 0.2927958765625 0.5728572890625 0.3004082015625 0.5931419578125 0.297020084375 0.624322653125 0.309786615625 0.6167445984375 0.2915798921875 0.5975536453125 0.28055544062500004 0.5211850921875001 0.2659748
7 0.5404864984375 0.40055611874999997 0.5762673046875 0.40132017812500004 0.6107475609375 0.39144182031249997 0.5902560593749999 0.36977495 0.563693884375 0.3655987609375 0.54009124375 0.37103895468750003 0.5137359 0.3919177546875 0.5404864984375 0.40055611874999997