0 0.44303219687500006 0 0 0.1022820421875 0 0.5569678031249999 0.1022820421875 1 0.5569678031249999 1 1 0.8977179578125 1 0.44303219687500006 0.8977179578125 0 0.44303219687500006 0
0 0.691816884375 0.47080829062499996 0.7019736953125 0.4533706984375 0.6923923921874999 0.40070014374999996 0.6962125953125 0.3614003796875 0.6938489734375 0.33999303593749997 0.6816926875 0.32084650625 0.6716204234375 0.31631155 0.646537290625 0.31935831875 0.6287563828125 0.3316957515625 0.6242241953125001 0.31764938125 0.5962605125 0.274710990625 0.570338578125 0.257370446875 0.5391984390625 0.245350815625 0.458535778125 0.2310437140625 0.43529933749999994 0.2309200125 0.3655477421875 0.2415351796875 0.2791759140625 0.2806845859375 0.24052218593750002 0.3143056609375 0.22025084062500003 0.3381945703125 0.20086056874999997 0.37148451875 0.18724770156249998 0.413045096875 0.1840289734375 0.454950128125 0.1942117484375 0.5102259499999999 0.2331287703125 0.5671003359375 0.233687971875 0.5806918765625 0.2287493671875 0.5928085578125 0.23295968125000002 0.61104543125 0.250613771875 0.631666821875 0.2792634734375 0.6552379312500001 0.30117015 0.6831099187499999 0.3222380265625 0.6905945953125 0.3362410046875 0.7065706546875 0.3515314734375 0.7057846999999999 0.42476509062499995 0.743759959375 0.4809883640625 0.7527328234375 0.516186034375 0.7432347359375 0.545284425 0.729656521875 0.5869877921875 0.6980755125 0.6275304828125 0.6502976921875 0.642625896875 0.6207434203125 0.6606181671875 0.5534746187499999 0.6596688546875 0.48234644062500004 0.66243889375 0.477590734375 0.691816884375 0.47080829062499996
1 0.3655477421875 0.2415351796875 0.33400118437500004 0.25567859843749996 0.345920140625 0.25704308125 0.380194465625 0.24913023124999997 0.4221351609375 0.2353312671875 0.3655477421875 0.2415351796875
1 0.5190116359375 0.2472671765625 0.5513969953125 0.253511071875 0.5620707328125001 0.26065129374999996 0.583977409375 0.28852328437499997 0.6039951218749999 0.3305520171875 0.620725865625 0.3527586421875 0.6272315625 0.33067571875 0.6242241953125001 0.31764938125 0.5962605125 0.274710990625 0.5849853015625001 0.2649655 0.5532436890625 0.2503406 0.5123108843749999 0.24058178125000002 0.5190116359375 0.2472671765625
1 0.1920594890625 0.4338872375 0.194549928125 0.422335759375 0.19001774062500001 0.4082893890625 0.1840289734375 0.454950128125 0.1942117484375 0.5102259499999999 0.2224973046875 0.5489738375 0.1920594890625 0.4338872375
1 0.3362410046875 0.7065706546875 0.3460336671875 0.704309840625 0.3332336375 0.693544315625 0.32436431875 0.6942198953125 0.3362410046875 0.7065706546875
9 0.66243889375 0.477590734375 0.691816884375 0.47080829062499996 0.7019736953125 0.4533706984375 0.6923923921874999 0.40070014374999996 0.6962125953125 0.3614003796875 0.6938489734375 0.33999303593749997 0.6816926875 0.32084650625 0.6636744515624999 0.31540189375 0.646537290625 0.31935831875 0.6263082171875001 0.3322609546875 0.620725865625 0.3527586421875 0.6039951218749999 0.3305520171875 0.583977409375 0.28852328437499997 0.5620707328125001 0.26065129374999996 0.5513969953125 0.253511071875 0.5190116359375 0.2472671765625 0.5013152734374999 0.2376320609375 0.4615854171875 0.233083778125 0.4725387546875 0.24701977187500002 0.45849350468749994 0.2420299875 0.4389081765625 0.24655161718750002 0.423575434375 0.25832384531249997 0.39664560937500004 0.26454108593750003 0.3665815984375 0.29069081093750004 0.3592371015625 0.2923864203125 0.34916483593750003 0.287851465625 0.347360415625 0.2800356625 0.363057303125 0.25308665625 0.3043013203125 0.26665154375 0.263843171875 0.292456815625 0.22731573906250002 0.3297031890625 0.24597771875 0.3267667953125 0.273466746875 0.3341410953125 0.2847419578125 0.3438865875 0.286546378125 0.35170239062499997 0.280082953125 0.362799040625 0.2733399296875 0.36709991875000003 0.25134870781249996 0.3612004765625 0.22931521406250002 0.3662873109375 0.19218630625 0.400928415625 0.1920594890625 0.4338872375 0.2004801171875 0.4703609828125 0.22462359843750002 0.5525991375 0.23433171718749998 0.5723108703124999 0.2287493671875 0.5928085578125 0.23295968125000002 0.61104543125 0.250613771875 0.631666821875 0.2792634734375 0.6552379312500001 0.30117015 0.6831099187499999 0.3332336375 0.693544315625 0.3490833078125 0.706349903125 0.42476509062499995 0.743759959375 0.4809883640625 0.7527328234375 0.5152626875 0.7448199718749999 0.558770475 0.7210547640625 0.5869877921875 0.6980755125 0.6275304828125 0.6502976921875 0.642625896875 0.6207434203125 0.6606181671875 0.5534746187499999 0.6596688546875 0.48234644062500004 0.66243889375 0.477590734375
9 0.4709553578125 0.3406857015625 0.4951996890625 0.317251621875 0.46863400781250003 0.308292084375 0.444753821875 0.3165493890625 0.42757438593749997 0.3314920890625 0.41492713906249995 0.36048115625 0.441856965625 0.3542639171875 0.4709553578125 0.3406857015625
9 0.38643022031249996 0.37666463906250003 0.3534011171875 0.3788017515625 0.33991506875 0.3874035078125 0.327911565625 0.40801157187500003 0.3410594359375 0.4873000046875 0.3367223046875 0.5020219546875 0.34153409218749997 0.52286409375 0.3497596640625 0.5305695218750001 0.3635253140625 0.528763534375 0.39627481875 0.5198306515625 0.4214002234375 0.505797609375 0.4465679015625 0.48077829375 0.45820725781249994 0.4753470078125 0.46591590156249996 0.45847461875000006 0.458012203125 0.4465786875 0.4317683953125 0.4334286484375 0.38643022031249996 0.37666463906250003
9 0.28953744062500003 0.448428415625 0.3156284640625 0.4218238625 0.2951620625 0.41694445468749997 0.27068040312499997 0.42259649218749995 0.24703754375 0.4486358390625 0.24390335937500002 0.46856832343750004 0.25859235625 0.46517710156250003 0.28953744062500003 0.448428415625
9 0.4359201296875 0.5463514828125 0.41878296875 0.5503079078125 0.40774508593750003 0.5583444609375 0.39020150625 0.5884639390624999 0.387626521875 0.6219879640625 0.419088534375 0.6298170937500001 0.4450950140625 0.6251850890624999 0.4723467140625 0.6147773453125 0.498115865625 0.5923632953125 0.514092353125 0.5722100625000001 0.5328811515625 0.5363148453125001 0.511813275 0.52883016875 0.47513305937499994 0.5263219515625 0.45065140000000004 0.5319739875 0.4359201296875 0.5463514828125
4 0.24597771875 0.3267667953125 0.2263923921875 0.331288425 0.20086056874999997 0.37148451875 0.193431525 0.3951526765625 0.1974045109375 0.3956075046875 0.22931521406250002 0.3662873109375 0.25134870781249996 0.3612004765625 0.2757880953125 0.36653471406250004 0.286546378125 0.35170239062499997 0.2847419578125 0.3438865875 0.273466746875 0.3341410953125 0.24597771875 0.3267667953125
3 0.257669009375 0.46676233749999996 0.28953744062500003 0.448428415625 0.3156284640625 0.4218238625 0.2951620625 0.41694445468749997 0.27068040312499997 0.42259649218749995 0.24703754375 0.4486358390625 0.24390335937500002 0.46856832343750004 0.257669009375 0.46676233749999996
6 0.4317683953125 0.4334286484375 0.38643022031249996 0.37666463906250003 0.3534011171875 0.3788017515625 0.33991506875 0.3874035078125 0.327911565625 0.40801157187500003 0.3410594359375 0.4873000046875 0.3367223046875 0.5020219546875 0.34153409218749997 0.52286409375 0.3497596640625 0.5305695218750001 0.36260196875 0.5303487703124999 0.39627481875 0.5198306515625 0.4214002234375 0.505797609375 0.4465679015625 0.48077829375 0.45820725781249994 0.4753470078125 0.46591590156249996 0.45847461875000006 0.458012203125 0.4465786875 0.4317683953125 0.4334286484375
10 0.45065140000000004 0.5319739875 0.4359201296875 0.5463514828125 0.41878296875 0.5503079078125 0.40160353437499996 0.5652506078124999 0.3932934171875 0.579517728125 0.3876687953125 0.6110016890625001 0.3903965609375 0.61723225625 0.41741093281249997 0.58904246875 0.44193486406250004 0.572404159375 0.4738032953125 0.5540702375000001 0.5298315125 0.5342747812499999 0.511813275 0.52883016875 0.47513305937499994 0.5263219515625 0.45065140000000004 0.5319739875
5 0.419088534375 0.6298170937500001 0.44417166874999997 0.6267703250000001 0.4723467140625 0.6147773453125 0.498115865625 0.5923632953125 0.514092353125 0.5722100625000001 0.5328811515625 0.5363148453125001 0.48479890625 0.5570199578125 0.387626521875 0.6219879640625 0.419088534375 0.6298170937500001
2 0.39774105937500004 0.6155366453125 0.46212166562499996 0.570487796875 0.5187936296875 0.5423113359375 0.49033898281250005 0.54750854375 0.44193486406250004 0.572404159375 0.41741093281249997 0.58904246875 0.3913199078125 0.6156470203125 0.39774105937500004 0.6155366453125
8 0.36550546875 0.2525214515625 0.347360415625 0.2800356625 0.3537392953125 0.29091156093750004 0.3665815984375 0.29069081093750004 0.39664560937500004 0.26454108593750003 0.423575434375 0.25832384531249997 0.4389081765625 0.24655161718750002 0.47041246093750005 0.24339447343749998 0.4560876109375 0.23160891718749999 0.43529933749999994 0.2309200125 0.36550546875 0.2525214515625
7 0.44093361875000003 0.3558491515625 0.4709553578125 0.3406857015625 0.4951996890625 0.317251621875 0.46863400781250003 0.308292084375 0.444753821875 0.3165493890625 0.42757438593749997 0.3314920890625 0.41492713906249995 0.36048115625 0.44093361875000003 0.3558491515625