0 0 0 0 0.6221590906250001 0.020588235937499998 0.6022727265625 0.0294117640625 0.5653409093749999 0.052941176562500004 0.5596590906250001 0.0588235296875 0.5426136359375 0.08823529375 0.5426136359375 0.1088235296875 0.5227272734375 0.13823529375000002 0.44886363593749995 0.1735294125 0.39772727343750003 0.217647059375 0.37215909062499997 0.294117646875 0.36647727343750003 0.3470588234375 0.40625 0.4 0.42897727343750003 0.4588235296875 0.42329545468749996 0.594117646875 0.37784090937500003 0.6647058828125 0.37784090937500003 0.7 0.38920454531250004 0.744117646875 0.4375 0.7617647062499999 0.471590909375 0.767647059375 0.6477272734375 0.8088235296875 0.7215909093749999 0.85 0.8238636359375 0.9029411765625 0.8863636359375 0.9264705875000001 0.9375 0.9264705875000001 1 1 1 1 0 0 0
0 0.584117646875 1 0.5911764703125 0.9659090906250001 0.5911764703125 0.80681818125 0.5294117640625 0.8096590906250001 0.4588235296875 0.7926136359375 0.382352940625 0.7357954546875 0.3 0.6448863640625 0.30882352968750004 0.7159090906250001 0.32058823593749997 0.7386363640625 0.3147058828125 0.7556818187500001 0.3735294125 0.8579545453125 0.3735294125 0.93181818125 0.40294117656250006 0.99431818125 0.4039215703125 1 0.584117646875 1
0 0.21823529375 1 0.2 0.91193181875 0.1852941171875 0.9204545453125 0.1852941171875 0.9772727265625001 0.167647059375 1 0.21823529375 1
1 0.4039215703125 1 0.40294117656250006 0.99431818125 0.3735294125 0.93181818125 0.3735294125 0.8579545453125 0.3147058828125 0.7556818187500001 0.32058823593749997 0.7386363640625 0.30882352968750004 0.7159090906250001 0.2852941171875 0.5909090906250001 0.2705882359375 0.5710227265625 0.23529411718749998 0.5539772734375 0.2088235296875 0.5284090906250001 0.1911764703125 0.5 0.1911764703125 0.45454545468749996 0.2 0.434659090625 0.23529411718749998 0.434659090625 0.27647058750000003 0.45170454531250004 0.2970588234375 0.4375 0.30294117656249997 0.39204545468749996 0.3147058828125 0.38068181874999996 0.294117646875 0.36647727343750003 0.217647059375 0.37215909062499997 0.1735294125 0.39772727343750003 0.1264705875 0.471590909375 0.1088235296875 0.5227272734375 0.08823529375 0.5426136359375 0.0588235296875 0.5426136359375 0.052941176562500004 0.5596590906250001 0.0294117640625 0.5653409093749999 0.020588235937499998 0.6022727265625 0 0.6221590906250001 0 1 0.0705882359375 1 0.067647059375 0.9829545453125 0.08235294062500001 0.96875 0.10294117656249999 1 0.167647059375 1 0.1852941171875 0.9772727265625001 0.1852941171875 0.9204545453125 0.2 0.91193181875 0.2088235296875 0.9261363640625 0.2088235296875 0.9829545453125 0.21588235312499998 1 0.4039215703125 1
1 0.9297058828125 1 0.9264705875000001 0.9375 0.9029411765625 0.8863636359375 0.85 0.8238636359375 0.8088235296875 0.7215909093749999 0.767647059375 0.6477272734375 0.7617647062499999 0.471590909375 0.744117646875 0.4375 0.7 0.38920454531250004 0.6852941171875 0.42613636406250005 0.6852941171875 0.5852272734375 0.6264705875 0.7443181812499999 0.5911764703125 0.8011363640625 0.5911764703125 0.9659090906250001 0.58494809375 1 0.9297058828125 1
9 0.6352941171875 0.38352272656249997 0.61176470625 0.3948863640625 0.594117646875 0.37784090937500003 0.517647059375 0.40056818125 0.5323529406249999 0.41477272656249997 0.5 0.42897727343750003 0.4 0.42897727343750003 0.31176470625 0.38352272656249997 0.30294117656249997 0.39204545468749996 0.2970588234375 0.4375 0.27647058750000003 0.45170454531250004 0.23529411718749998 0.434659090625 0.2 0.434659090625 0.1911764703125 0.45454545468749996 0.1911764703125 0.5 0.23529411718749998 0.5539772734375 0.2794117640625 0.5795454546875 0.2970588234375 0.6420454546875 0.32058823593749997 0.6761363640625 0.382352940625 0.7357954546875 0.4588235296875 0.7926136359375 0.5294117640625 0.8096590906250001 0.582352940625 0.8096590906250001 0.6029411765625 0.7897727265625 0.6264705875 0.7443181812499999 0.6852941171875 0.5852272734375 0.6852941171875 0.42613636406250005 0.6970588234374999 0.39204545468749996 0.682352940625 0.38352272656249997 0.6352941171875 0.38352272656249997
9 0.5764705875 0.40056818125 0.555882353125 0.41477272656249997 0.55 0.471590909375 0.53823529375 0.47727272656249997 0.5323529406249999 0.5056818187500001 0.594117646875 0.5255681812499999 0.6323529406249999 0.5227272734375 0.65 0.49431818125 0.6264705875 0.43181818125 0.6588235296875 0.42897727343750003 0.667647059375 0.42045454531250004 0.6470588234375 0.40625 0.6235294125 0.41193181875 0.6058823531249999 0.40056818125 0.5764705875 0.40056818125
9 0.4794117640625 0.6306818187500001 0.4852941171875 0.6704545453125 0.5088235296875 0.7159090906250001 0.5294117640625 0.7301136359375 0.567647059375 0.7386363640625 0.594117646875 0.7244318187500001 0.6088235296875 0.7045454546875 0.63823529375 0.5852272734375 0.61176470625 0.5482954546875 0.5647058828125 0.5482954546875 0.5352941171875 0.5596590906250001 0.5029411765625 0.5852272734375 0.4794117640625 0.6306818187500001
3 0.5 0.40625 0.46176470625 0.42045454531250004 0.4705882359375 0.42897727343750003 0.5 0.42897727343750003 0.5323529406249999 0.41477272656249997 0.5 0.40625
10 0.48823529375 0.6278409093749999 0.5588235296875 0.5767045453125 0.594117646875 0.5710227265625 0.6205882359375 0.6022727265625 0.6235294125 0.6335227265625 0.63823529375 0.5795454546875 0.61176470625 0.5482954546875 0.5647058828125 0.5482954546875 0.5352941171875 0.5596590906250001 0.5029411765625 0.5852272734375 0.4852941171875 0.6193181812499999 0.48823529375 0.6278409093749999
5 0.4852941171875 0.6704545453125 0.5088235296875 0.7159090906250001 0.5647058828125 0.7414772734375 0.6029411765625 0.7159090906250001 0.6205882359375 0.6363636359375 0.582352940625 0.6960227265625 0.5529411765625001 0.7017045453125 0.5088235296875 0.6704545453125 0.48235294062499995 0.6335227265625 0.4852941171875 0.6704545453125
2 0.5352941171875 0.6960227265625 0.5705882359375 0.7017045453125 0.5852941171875 0.6931818187500001 0.6205882359375 0.6306818187500001 0.6205882359375 0.6022727265625 0.594117646875 0.5710227265625 0.5470588234375 0.5823863640625 0.4852941171875 0.6306818187500001 0.5352941171875 0.6960227265625
6 0.55 0.471590909375 0.5323529406249999 0.48863636406250005 0.5323529406249999 0.5056818187500001 0.594117646875 0.5255681812499999 0.6294117640625 0.5255681812499999 0.65 0.49431818125 0.6323529406249999 0.46022727343750003 0.6264705875 0.42045454531250004 0.6058823531249999 0.40056818125 0.5764705875 0.40056818125 0.555882353125 0.41477272656249997 0.55 0.471590909375
8 0.667647059375 0.38068181874999996 0.6058823531249999 0.37784090937500003 0.6029411765625 0.3863636359375 0.6176470593750001 0.3948863640625 0.6352941171875 0.38352272656249997 0.667647059375 0.38068181874999996
7 0.6470588234375 0.40625 0.6205882359375 0.41477272656249997 0.6294117640625 0.42897727343750003 0.6588235296875 0.42897727343750003 0.667647059375 0.42045454531250004 0.6470588234375 0.40625