0 0.06535663124999999 0 0 0.4650365953125 0 0.93464336875 0.4650365953125 1 0.93464336875 1 1 0.5349634046875 1 0.06535663124999999 0.5349634046875 0 0.06535663124999999 0
0 0.2832451859375 0.6741600531249999 0.3020884953125 0.6967391140625 0.326531690625 0.7108041468749999 0.3421813421875 0.71433228125 0.4100135921875 0.7225367625 0.4550251109375 0.7155755140625 0.4978904328125 0.7029977546875 0.578962440625 0.6692151859375 0.6427623296875 0.633005178125 0.663645625 0.6306252515625 0.7313716625 0.608254234375 0.797892753125 0.5631256234375 0.8091438 0.524845240625 0.8055838984375001 0.5084002828124999 0.8124400046875 0.5013915234375 0.8251560328125 0.4526872671875 0.8417982078125 0.417821996875 0.8530492562499999 0.3795416140625 0.8546167828125 0.326613096875 0.8331548203124999 0.27044799375 0.791699540625 0.220774059375 0.752547940625 0.186039809375 0.7202011765624999 0.1655491234375 0.6838769890624999 0.1524717671875 0.60002884375 0.14334512187499998 0.5136169828125 0.152460253125 0.4765090328125 0.16584715781249998 0.44316974374999996 0.183749875 0.39988690312499997 0.22018592343750001 0.32478469374999996 0.31592863437499996 0.3178260375 0.3654420390625 0.293961509375 0.4099220359375 0.2790480125 0.47426210468749996 0.2698918875 0.5394113203125 0.27408173125 0.593148984375 0.2714667421875 0.6326430859375 0.2832451859375 0.6741600531249999
1 0.6771417515625 0.48237659375 0.68248160625 0.5070440296875 0.6916413953125 0.5149749578125 0.7060348249999999 0.516997821875 0.7525113250000001 0.4996127 0.8072063625 0.5072995859375 0.8124400046875 0.5013915234375 0.854147990625 0.371723709375 0.8546167828125 0.326613096875 0.8331548203124999 0.27044799375 0.768355078125 0.198891121875 0.7202011765624999 0.1655491234375 0.7007828625 0.157505175 0.60002884375 0.14334512187499998 0.5496261984374999 0.1468912546875 0.49200119999999997 0.1600521171875 0.5452312578125 0.178162878125 0.5664295234375001 0.1944293046875 0.6271969046875 0.2215716890625 0.6455164828125 0.23743354375 0.6748270765625 0.24819648125 0.67367706875 0.277266709375 0.6865542453125 0.31096576875 0.6922090703125 0.354279559375 0.6910077890624999 0.404602109375 0.6771417515625 0.48237659375
9 0.2832451859375 0.6741600531249999 0.3020884953125 0.6967391140625 0.3434375640625 0.7158375515625 0.4100135921875 0.7225367625 0.4550251109375 0.7155755140625 0.4978904328125 0.7029977546875 0.578962440625 0.6692151859375 0.6427623296875 0.633005178125 0.663645625 0.6306252515625 0.7313716625 0.608254234375 0.797892753125 0.5631256234375 0.8065800859375001 0.543087021875 0.8091438 0.524845240625 0.8043276765625 0.5068950125 0.7525113250000001 0.4996127 0.7060348249999999 0.516997821875 0.6916413953125 0.5149749578125 0.68248160625 0.5070440296875 0.6771417515625 0.48237659375 0.6910077890624999 0.404602109375 0.6922090703125 0.354279559375 0.6865542453125 0.31096576875 0.67367706875 0.277266709375 0.6748270765625 0.24819648125 0.6455164828125 0.23743354375 0.6271969046875 0.2215716890625 0.5800904640625 0.20166410781250002 0.5452312578125 0.178162878125 0.51754313125 0.1662992421875 0.49163495468749996 0.162658084375 0.45452700312500005 0.1760449890625 0.3861746890625 0.23420344375000002 0.32478469374999996 0.31592863437499996 0.3178260375 0.3654420390625 0.298671421875 0.397296765625 0.288885353125 0.425153275 0.2698918875 0.5394113203125 0.27408173125 0.593148984375 0.2714667421875 0.6326430859375 0.2832451859375 0.6741600531249999
9 0.3699024234375 0.3395428859375 0.35085035468750003 0.32889296875 0.32834459531250004 0.33237359375 0.381889625 0.36913070625 0.3921481484375 0.369243728125 0.3941368609375 0.3655370609375 0.3699024234375 0.3395428859375
9 0.34645541406249997 0.36016459218749997 0.3325857125 0.36485893593749996 0.3438916984375 0.37840637187500004 0.35629641875 0.384135903125 0.379325909375 0.38737248750000003 0.37126485468750003 0.37162365468749997 0.3604826 0.364793425 0.34645541406249997 0.36016459218749997
9 0.4435469828125 0.40038433281249997 0.4727000890625 0.4018240921875 0.4978757765625 0.41067718593749997 0.5703153890625 0.448761040625 0.5667554875 0.432316084375 0.551157109375 0.40753562499999996 0.5159316578124999 0.38664036562500004 0.46123661875 0.3789534796875 0.449355628125 0.37994115625 0.43799836875000003 0.387646040625 0.4435469828125 0.40038433281249997
9 0.3139584921875 0.47651101249999994 0.3113947765625 0.4947527921875 0.325213203125 0.5113107703125 0.351278865625 0.5242751046875 0.4014727515625 0.532658115625 0.41607494218749996 0.5227518359375 0.419004903125 0.5019040875 0.41507875624999996 0.48806509687500005 0.439727046875 0.417120840625 0.4126139234375 0.3907220921875 0.3924631203125 0.38789008125 0.3811058609375 0.3955949671875 0.33740550156250004 0.45588930625 0.3247920203125 0.46208891875 0.3139584921875 0.47651101249999994
9 0.49677704062499994 0.41849509218750003 0.47950492499999997 0.4160676546875 0.459145359375 0.4251647890625 0.488613440625 0.445250903125 0.521535209375 0.45120647812500003 0.5321599781249999 0.44871352968749995 0.5237326796875 0.43557066562499996 0.49677704062499994 0.41849509218750003
9 0.3283555875 0.5516140187499999 0.2992024796875 0.5501742578125 0.305432309375 0.5789529328125 0.3349003890625 0.599039046875 0.3764582171875 0.6062083390625 0.41948102499999995 0.602953759375 0.3564099609375 0.5608716859375 0.33625915625 0.5580396750000001 0.3283555875 0.5516140187499999
4 0.4435469828125 0.40038433281249997 0.4867272765625 0.4064529265625 0.56618048125 0.4468511984375 0.5710478796875 0.4435491046875 0.559950653125 0.418072521875 0.5432535406250001 0.40110997031249995 0.5159316578124999 0.38664036562500004 0.46123661875 0.3789534796875 0.449355628125 0.37994115625 0.43799836875000003 0.387646040625 0.4435469828125 0.40038433281249997
3 0.47950492499999997 0.4160676546875 0.459145359375 0.4251647890625 0.48986965937500004 0.446756175 0.521535209375 0.45120647812500003 0.5321599781249999 0.44871352968749995 0.5237326796875 0.43557066562499996 0.49677704062499994 0.41849509218750003 0.47950492499999997 0.4160676546875
5 0.2992024796875 0.5501742578125 0.305432309375 0.5789529328125 0.336156609375 0.6005443171875 0.3764582171875 0.6062083390625 0.41948102499999995 0.602953759375 0.350967559375 0.57870889375 0.309618490625 0.5596104546875 0.2992024796875 0.5501742578125
6 0.3113947765625 0.4947527921875 0.325213203125 0.5113107703125 0.3525350859375 0.525780375 0.4014727515625 0.532658115625 0.41607494218749996 0.5227518359375 0.419004903125 0.5019040875 0.41507875624999996 0.48806509687500005 0.439727046875 0.417120840625 0.4126139234375 0.3907220921875 0.3924631203125 0.38789008125 0.3811058609375 0.3955949671875 0.33740550156250004 0.45588930625 0.3247920203125 0.46208891875 0.3139584921875 0.47651101249999994 0.3113947765625 0.4947527921875
10 0.309618490625 0.5596104546875 0.350967559375 0.57870889375 0.3984402453125 0.5960105078125 0.41157745625000003 0.596528103125 0.3564099609375 0.5608716859375 0.33625915625 0.5580396750000001 0.3283555875 0.5516140187499999 0.3053260984375 0.5483774359375 0.3004587015625 0.5516795296875 0.309618490625 0.5596104546875
8 0.35085035468750003 0.32889296875 0.32834459531250004 0.33237359375 0.3831458453125 0.37063597812500004 0.3941368609375 0.3655370609375 0.3699024234375 0.3395428859375 0.35085035468750003 0.32889296875
7 0.3325857125 0.36485893593749996 0.3438916984375 0.37840637187500004 0.357552640625 0.3856411734375 0.379325909375 0.38737248750000003 0.3750335171875 0.3761394671875 0.3604826 0.364793425 0.34645541406249997 0.36016459218749997 0.3325857125 0.36485893593749996