0 0.49127245156250005 0 0 0.0171556125 0 0.5087275484375 0.0171556125 1 0.5087275484375 1 1 0.9828443874999999 1 0.49127245156250005 0.9828443874999999 0 0.49127245156250005 0
0 0.696894265625 0.43256109218749994 0.677809896875 0.3858302375 0.676064921875 0.33586069687500003 0.6113819656249999 0.23279215468749997 0.5721448375 0.1920314171875 0.540859528125 0.17074186875 0.5053541734375 0.15354946249999998 0.42036847499999996 0.13545176406249998 0.3360256640625 0.13576389687499998 0.298533509375 0.1449727015625 0.26422208281250004 0.16196998125 0.22165424374999998 0.1924214953125 0.1752337203125 0.2374900546875 0.1480184765625 0.29110409375 0.1440448796875 0.3439065140625 0.15123290312499998 0.38315324687499996 0.1641394984375 0.419567103125 0.171694884375 0.46933373906250003 0.17778081875 0.47702076250000003 0.1725214515625 0.49300352187499996 0.179709475 0.5322502546875 0.2411489328125 0.58408499375 0.30616555 0.613412759375 0.3266856734375 0.6179625468750001 0.386351084375 0.660643096875 0.46344773124999994 0.7027149328125 0.5047634999999999 0.7197044359375 0.5488007921875 0.7313325359375 0.61711905 0.7302634015625 0.6330517625 0.7283904265625 0.6588312515625 0.7169574546875 0.679931490625 0.696471746875 0.6959851140625 0.656413396875 0.6975127078125001 0.61686230625 0.7072967171875 0.5638569796875 0.705000696875 0.498107584375 0.696894265625 0.43256109218749994
1 0.33502004375 0.23191019375000002 0.365295103125 0.2242700078125 0.385172340625 0.21040996406249998 0.448443984375 0.18976818906249998 0.47122642812500004 0.17580669375 0.526057978125 0.1633592015625 0.47012433906249995 0.14424698281249998 0.42036847499999996 0.13545176406249998 0.31868626875 0.13900258593749998 0.298533509375 0.1449727015625 0.24715821093749998 0.1730985953125 0.1752337203125 0.2374900546875 0.1480184765625 0.29110409375 0.14376935625 0.33601658749999996 0.171694884375 0.46933373906250003 0.1762822953125 0.47575650156249993 0.23148120625000002 0.4738289125 0.27588586249999997 0.495976915625 0.29041189218749996 0.4954696546875 0.3003505109375 0.4885396328125 0.3082395625 0.46456549531249997 0.3025791328125 0.38576767031250003 0.30664456875 0.335595225 0.31679593906250003 0.2931098015625 0.3331250859375 0.26094137968750003 0.33502004375 0.23191019375000002
9 0.6935298546875 0.41951266406250004 0.677809896875 0.3858302375 0.676064921875 0.33586069687500003 0.623553834375 0.24816620312499998 0.5616551734375 0.183181584375 0.52614981875 0.1659891765625 0.5000029640625 0.1669022453125 0.47122642812500004 0.17580669375 0.43410163749999997 0.1955354015625 0.385172340625 0.21040996406249998 0.365295103125 0.2242700078125 0.33502004375 0.23191019375000002 0.3331250859375 0.26094137968750003 0.31679593906250003 0.2931098015625 0.30664456875 0.335595225 0.3025791328125 0.38576767031250003 0.3082395625 0.46456549531249997 0.3003505109375 0.4885396328125 0.29041189218749996 0.4954696546875 0.27588586249999997 0.495976915625 0.23148120625000002 0.4738289125 0.17918750156250002 0.47565504843750006 0.1725214515625 0.49300352187499996 0.1731643359375 0.511413353125 0.179709475 0.5322502546875 0.2411489328125 0.58408499375 0.30616555 0.613412759375 0.3266856734375 0.6179625468750001 0.386351084375 0.660643096875 0.46344773124999994 0.7027149328125 0.5047634999999999 0.7197044359375 0.5488007921875 0.7313325359375 0.6157123671875 0.7316291140625 0.6588312515625 0.7169574546875 0.679931490625 0.696471746875 0.6959851140625 0.656413396875 0.6975127078125001 0.61686230625 0.7072967171875 0.5638569796875 0.7003505171875 0.44823949374999994 0.6935298546875 0.41951266406250004
9 0.6487869078124999 0.34602940625 0.6287259890625 0.35462949843749997 0.6019071796875 0.3779480875 0.60349754375 0.381842325 0.613711684375 0.3828022296875 0.6708055546875 0.35184345625 0.6487869078124999 0.34602940625
9 0.6505318828125 0.395998946875 0.6631920250000001 0.383707521875 0.649888996875 0.3775891171875 0.635454809375 0.38072635312499997 0.6240176671875 0.3863921125 0.6143545703125 0.40121206249999997 0.6375962171875 0.40040044531249996 0.6505318828125 0.395998946875
9 0.441357059375 0.40330349375 0.4232538671875 0.4263177265625 0.4179945 0.44230048593750004 0.494018128125 0.411997259375 0.5199813 0.405824240625 0.5491251984375001 0.40743969687500003 0.55597493125 0.39535117343750004 0.5454852671875 0.3865013421875 0.533772603125 0.3842771734375 0.47857369062500005 0.3862047625 0.441357059375 0.40330349375
9 0.5808987812499999 0.4010637734375 0.5511747671875 0.4244838125 0.5682723375000001 0.49761587812499997 0.56292113125 0.5109686609375 0.56365585625 0.5320084671875 0.5771425671875 0.543386825 0.62793775 0.5402964265625 0.6552157625 0.5301277171875001 0.6706892703125 0.5151048625 0.670046384375 0.4966950328125 0.6607797234375 0.4812195328125 0.6488833765625001 0.4737354140625 0.6117248875 0.4092034421875 0.6012352234375 0.4003536078125 0.5808987812499999 0.4010637734375
9 0.5310220078125 0.43045392812500005 0.5117248859375 0.41927847656250006 0.49429365000000003 0.4198871890625 0.4657007953125 0.4340515890625 0.45594585781249997 0.4462415609375 0.466251840625 0.44983144375000006 0.49961578749999996 0.44734975625000006 0.5310220078125 0.43045392812500005
9 0.63641154375 0.616362821875 0.6678177640625 0.5994669953125 0.67702165625 0.5714971671875 0.6478777578125 0.5698817109375 0.6393458203125 0.57544601875 0.6190093796875 0.5761561828125 0.55188505 0.6114150046875 0.5943319796875 0.6191488640625 0.63641154375 0.616362821875
4 0.44988899531250004 0.3977391859375 0.43151028125 0.41286349062500005 0.41781081875000003 0.437040534375 0.4223063890625 0.4408333203125 0.5055471109375 0.4089614765625 0.5491251984375001 0.40743969687500003 0.55597493125 0.39535117343750004 0.5454852671875 0.3865013421875 0.533772603125 0.3842771734375 0.47857369062500005 0.3862047625 0.44988899531250004 0.3977391859375
3 0.4982091046875 0.44871547187500005 0.5310220078125 0.43045392812500005 0.5117248859375 0.41927847656250006 0.49429365000000003 0.4198871890625 0.4657007953125 0.4340515890625 0.45594585781249997 0.4462415609375 0.466251840625 0.44983144375000006 0.4982091046875 0.44871547187500005
5 0.6350048609375001 0.6177285359375 0.6678177640625 0.5994669953125 0.67702165625 0.5714971671875 0.66567635625 0.5797929015625 0.622557471875 0.5944645625 0.55188505 0.6114150046875 0.5943319796875 0.6191488640625 0.6350048609375001 0.6177285359375
6 0.6012352234375 0.4003536078125 0.5808987812499999 0.4010637734375 0.5511747671875 0.4244838125 0.5682723375000001 0.49761587812499997 0.56292113125 0.5109686609375 0.56365585625 0.5320084671875 0.5771425671875 0.543386825 0.6265310671875 0.541662140625 0.6552157625 0.5301277171875001 0.6706892703125 0.5151048625 0.670046384375 0.4966950328125 0.6607797234375 0.4812195328125 0.6488833765625001 0.4737354140625 0.6117248875 0.4092034421875 0.6012352234375 0.4003536078125
10 0.6190093796875 0.5761561828125 0.5604169875 0.6058506968749999 0.573536334375 0.60670915 0.622557471875 0.5944645625 0.66567635625 0.5797929015625 0.6756149734375 0.5728628812500001 0.6711194046875 0.5690700953125 0.6478777578125 0.5698817109375 0.6393458203125 0.57544601875 0.6190093796875 0.5761561828125
8 0.6487869078124999 0.34602940625 0.6287259890625 0.35462949843749997 0.6019071796875 0.3779480875 0.612305003125 0.3841679453125 0.6708055546875 0.35184345625 0.6487869078124999 0.34602940625
7 0.6361895359374999 0.401766159375 0.6505318828125 0.395998946875 0.6631920250000001 0.383707521875 0.649888996875 0.3775891171875 0.635454809375 0.38072635312499997 0.6197976187500001 0.3904892546875 0.6143545703125 0.40121206249999997 0.6361895359374999 0.401766159375