0 0.44303219687500006 0 0 0.1022820421875 0 0.5569678031249999 0.1022820421875 1 0.5569678031249999 1 1 0.8977179578125 1 0.44303219687500006 0.8977179578125 0 0.44303219687500006 0
0 0.7979679265625 0.53557859375 0.7974018859374999 0.51396554375 0.7613305125000001 0.49185205156249995 0.75751778125 0.47533730468749996 0.7676449890625 0.44255803125000004 0.7997247328125 0.4090593625 0.7579342640625 0.3621737515625 0.749355621875 0.3250155703125 0.7497427640625001 0.30753120625 0.7929028984375 0.24538195156249998 0.7894773093749999 0.21138283906250002 0.7634290203125 0.1847809640625 0.721147290625 0.18367060468750002 0.668097534375 0.12633816874999998 0.59948449375 0.087819409375 0.562072796875 0.07906159375 0.4723562828125 0.07368180625000001 0.4200514671875 0.07705983281249999 0.336054046875 0.0964521640625 0.2852684546875 0.1255719265625 0.25643539843749996 0.15397229375000002 0.2385786125 0.18201296250000001 0.1994101078125 0.2997743796875 0.198248684375 0.3522274703125 0.217699475 0.417316840625 0.2076763875 0.42180522500000006 0.194019471875 0.44887627812500003 0.2134702625 0.513965646875 0.23846124687499998 0.5647297250000001 0.2819791796875 0.580775296875 0.3084893875 0.6572811109375001 0.378904671875 0.73234813125 0.43625842031250006 0.7604200640625 0.4923759671875 0.773556784375 0.5278812984375 0.7740572265625 0.571503353125 0.7618119078125 0.60252579375 0.7524754406249999 0.6374650859375001 0.73136283125 0.6746978828125 0.70102323125 0.695131196875 0.6745620984375 0.7120348015625 0.6423927421875 0.7430865843750001 0.537377084375 0.76885185 0.553172434375 0.7979679265625 0.53557859375
9 0.7441438875 0.5132148828124999 0.7046762656250001 0.3614230890625 0.6533539734375 0.2732506125 0.597340546875 0.231823003125 0.55992885 0.22306518749999998 0.488918184375 0.22206430781250003 0.4385197328125 0.2336997078125 0.3751345265625 0.26572831875 0.3517375453125 0.30809428125 0.33931683281249997 0.3501005453125 0.303603259375 0.40618188125000004 0.28419790625 0.5041600046875 0.27293861875 0.49371317656249997 0.25680929531249996 0.4909138046875 0.24346474062499998 0.433112190625 0.21932281874999998 0.4147676890625 0.2076763875 0.42180522500000006 0.194019471875 0.44887627812500003 0.2134702625 0.513965646875 0.23846124687499998 0.5647297250000001 0.2819791796875 0.580775296875 0.3084893875 0.6572811109375001 0.378904671875 0.73234813125 0.43625842031250006 0.7604200640625 0.4923759671875 0.773556784375 0.5278812984375 0.7740572265625 0.5698800078125 0.764361059375 0.6374650859375001 0.73136283125 0.6746978828125 0.70102323125 0.695131196875 0.6745620984375 0.7198685015625 0.618840459375 0.7349698625000001 0.5501228421875 0.744709928125 0.5348279328125 0.7441438875 0.5132148828124999
9 0.4711068359375 0.41317246875 0.48112992187500003 0.40868408437500003 0.4824702453125 0.3953284078125 0.474740665625 0.3905898015625 0.42797604375000003 0.379642534375 0.3733777203125 0.39224755 0.3419681390625 0.4190683828125 0.366497203125 0.419928521875 0.4168956546875 0.408293121875 0.4711068359375 0.41317246875
9 0.6903491875000001 0.3951719796875 0.6601010296875 0.36953972031250004 0.6110429015625 0.36781944375000003 0.5825969859375 0.378735446875 0.5511874046874999 0.405556278125 0.5530937687499999 0.4138136515625 0.5650232203125001 0.41758264062499995 0.6335614796875 0.388713096875 0.6903491875000001 0.3951719796875
9 0.38834561875 0.4475000140625 0.41898091875 0.45564790781250003 0.47520258593750003 0.440493740625 0.4417077390625 0.41995978437500003 0.40390889999999996 0.42868633437500003 0.38834561875 0.4475000140625
9 0.4820537625 0.5084919609375 0.45932694375 0.544180084375 0.46313967343750007 0.56069483125 0.47086925312499994 0.5654334359375001 0.5454096265625 0.572142540625 0.6006781125 0.552859684375 0.6110883390625 0.5308869359374999 0.579603978125 0.490319465625 0.5588128640625001 0.43858577343749994 0.531424253125 0.4253395734375 0.5104248984375 0.43018765625000005 0.49066174531250006 0.4499709515625 0.4820537625 0.5084919609375
9 0.6289744671874999 0.40716707812499997 0.603775240625 0.41298477812499995 0.5756123484375 0.43470730625 0.627247003125 0.43800711875 0.6540695734375 0.4296402671875 0.6615161328125 0.423572346875 0.6289744671874999 0.40716707812499997
9 0.50634524375 0.6616130671875 0.53765070625 0.663083125 0.589672503125 0.648898575 0.603895459375 0.6434405734374999 0.6343518593749999 0.6124910531250001 0.5789044750000001 0.5926764953125 0.537858946875 0.6065013484375 0.505600303125 0.6009026046875 0.468754646875 0.613757840625 0.440591753125 0.6354803671875 0.50634524375 0.6616130671875
1 0.7579342640625 0.3621737515625 0.749355621875 0.3250155703125 0.7497427640625001 0.30753120625 0.7951964046875 0.2361549609375 0.7894773093749999 0.21138283906250002 0.7763116546875 0.1926786390625 0.754076096875 0.18259151093749998 0.721147290625 0.18367060468750002 0.668097534375 0.12633816874999998 0.613990471875 0.09316793125 0.5214144125 0.075402084375 0.4200514671875 0.07705983281249999 0.336054046875 0.0964521640625 0.2852684546875 0.1255719265625 0.25643539843749996 0.15397229375000002 0.2385786125 0.18201296250000001 0.195776278125 0.3223570453125 0.2167462921875 0.413188153125 0.24346474062499998 0.433112190625 0.25680929531249996 0.4909138046875 0.2858212515625 0.501610853125 0.303603259375 0.40618188125000004 0.33931683281249997 0.3501005453125 0.3517375453125 0.30809428125 0.3751345265625 0.26572831875 0.4385197328125 0.2336997078125 0.488918184375 0.22206430781250003 0.55992885 0.22306518749999998 0.597340546875 0.231823003125 0.6533539734375 0.2732506125 0.7046762656250001 0.3614230890625 0.7466162921875 0.5430853046874999 0.76885185 0.553172434375 0.7814514640625 0.550263584375 0.7979679265625 0.53557859375 0.7974018859374999 0.51396554375 0.7613305125000001 0.49185205156249995 0.75751778125 0.47533730468749996 0.772515021875 0.4349105765625 0.7997247328125 0.4090593625 0.7579342640625 0.3621737515625
4 0.4168956546875 0.408293121875 0.47950657812499997 0.41123323593750005 0.4824702453125 0.3953284078125 0.474740665625 0.3905898015625 0.42797604375000003 0.379642534375 0.3733777203125 0.39224755 0.3419681390625 0.4190683828125 0.366497203125 0.419928521875 0.4168956546875 0.408293121875
3 0.463943296875 0.4300469140625 0.4417077390625 0.41995978437500003 0.40390889999999996 0.42868633437500003 0.38834561875 0.4475000140625 0.41898091875 0.45564790781250003 0.47357924218749997 0.44304289218750004 0.463943296875 0.4300469140625
5 0.53765070625 0.663083125 0.5880491578125 0.6514477265624999 0.618788578125 0.6313047328125 0.6343518593749999 0.6124910531250001 0.5267785578125 0.635151934375 0.508072709375 0.6307730265625 0.440591753125 0.6354803671875 0.50634524375 0.6616130671875 0.53765070625 0.663083125
10 0.5061663453125 0.6225156546874999 0.6275754609375 0.6118811359375 0.5789044750000001 0.5926764953125 0.537858946875 0.6065013484375 0.5233529703124999 0.601152825 0.48880081875 0.604781071875 0.44803831250000004 0.6294124484375 0.46416763593750004 0.6322118203125 0.5061663453125 0.6225156546874999
2 0.5267785578125 0.635151934375 0.60657610625 0.61672921875 0.5061663453125 0.6225156546874999 0.46674416093750004 0.6337913562499999 0.5267785578125 0.635151934375
6 0.49066174531250006 0.4499709515625 0.4820537625 0.5084919609375 0.45932694375 0.544180084375 0.46313967343750007 0.56069483125 0.47086925312499994 0.5654334359375001 0.5437862828125 0.5746916921875 0.6006781125 0.552859684375 0.6110883390625 0.5308869359374999 0.579603978125 0.490319465625 0.5588128640625001 0.43858577343749994 0.531424253125 0.4253395734375 0.5104248984375 0.43018765625000005 0.49066174531250006 0.4499709515625
8 0.5650232203125001 0.41758264062499995 0.6335614796875 0.388713096875 0.6835727890625 0.39456206250000003 0.6842429515624999 0.387884221875 0.6601010296875 0.36953972031250004 0.6110429015625 0.36781944375000003 0.5825969859375 0.378735446875 0.5511874046874999 0.405556278125 0.5530937687499999 0.4138136515625 0.5650232203125001 0.41758264062499995
7 0.6615161328125 0.423572346875 0.6289744671874999 0.40716707812499997 0.603775240625 0.41298477812499995 0.5756123484375 0.43470730625 0.627247003125 0.43800711875 0.652446228125 0.43218941875 0.6615161328125 0.423572346875