0 0.4650365953125 0 0 0.06535663124999999 0 0.5349634046875 0.06535663124999999 1 0.5349634046875 1 1 0.93464336875 1 0.4650365953125 0.93464336875 0 0.4650365953125 0
0 0.8088375796875 0.527534009375 0.8268530593750001 0.4832736875 0.82959934375 0.44533215156250006 0.819312221875 0.4008766578125 0.797716978125 0.362183259375 0.787365259375 0.2885269578125 0.741363890625 0.21988088593750002 0.648372453125 0.1474067359375 0.605886253125 0.1325135765625 0.5192531625 0.11965201562500001 0.42872359531250004 0.1365479578125 0.3388337203125 0.1867367265625 0.295901615625 0.2261531703125 0.2738927671875 0.256369778125 0.2377972125 0.31568961562500003 0.22885406874999997 0.36702058593750003 0.24553183750000002 0.4856890734375 0.26540179531249997 0.512106421875 0.268277271875 0.53256650625 0.25984462812500003 0.558788684375 0.2854655390625 0.6261262000000001 0.3195190953125 0.6672415375 0.3201587875 0.7005343640625 0.34117893593750004 0.7351357468749999 0.403567390625 0.7910466609375 0.44605359062499994 0.8059398203124999 0.47889235937499997 0.8096703140624999 0.5439625046875001 0.79843888125 0.59203816875 0.7812501843749999 0.654775634375 0.739050278125 0.7044796921875001 0.6903364171875 0.7513082718749999 0.6211624718750001 0.7598055109375 0.624141103125 0.777310490625 0.6049895734375 0.8049411031249999 0.5572915109375 0.8088375796875 0.527534009375
1 0.403490259375 0.2444153015625 0.474789559375 0.2343948390625 0.520086640625 0.240547271875 0.562572840625 0.25544043125 0.605666434375 0.2890260140625 0.6170391515625 0.3124647296875 0.621639915625 0.34520086562499996 0.6369737046874999 0.3680828875 0.673263046875 0.396365484375 0.710734878125 0.4474325171875 0.718657021875 0.4463191328125 0.7530918859375 0.40392405781249996 0.7751330328125 0.3883078515625 0.8090896953125 0.385621975 0.797716978125 0.362183259375 0.787365259375 0.2885269578125 0.760658753125 0.2422062171875 0.7271802921875 0.20518289687500002 0.648372453125 0.1474067359375 0.605886253125 0.1325135765625 0.5192531625 0.11965201562500001 0.42872359531250004 0.1365479578125 0.368221915625 0.1659151203125 0.295901615625 0.2261531703125 0.2377972125 0.31568961562500003 0.22936456875000003 0.3419117921875 0.236840809375 0.3951080125 0.23409452343749998 0.4330495484375 0.24553183750000002 0.4856890734375 0.2682449734375 0.5179661015625 0.2800958921875 0.5016956171875 0.26916907968750003 0.4239472984375 0.2956172015625 0.3534647984375 0.302324559375 0.3149665703125 0.31756145625 0.29404737812500004 0.357682678125 0.2633716609375 0.403490259375 0.2444153015625
1 0.7501257828125001 0.5983780328125 0.7490401875 0.619394809375 0.7598055109375 0.624141103125 0.7987442453125 0.570680946875 0.8099877703124999 0.53571804375 0.8065694953125 0.5257663484374999 0.7930578859375 0.5589615890624999 0.7744350140625 0.584529490625 0.758590725 0.586756259375 0.7501257828125001 0.5983780328125
9 0.758590725 0.586756259375 0.7744350140625 0.584529490625 0.81222355625 0.5228853 0.8290888437499999 0.47044094375 0.826148771875 0.42078005 0.8073967062499999 0.3879463296875 0.7751330328125 0.3883078515625 0.7530918859375 0.40392405781249996 0.718657021875 0.4463191328125 0.710734878125 0.4474325171875 0.673263046875 0.396365484375 0.6369737046874999 0.3680828875 0.621639915625 0.34520086562499996 0.6107776984375 0.29665335625 0.584678584375 0.2690250375 0.54104219375 0.24594784375 0.5076283296875 0.2381253328125 0.474789559375 0.2343948390625 0.403490259375 0.2444153015625 0.357682678125 0.2633716609375 0.31756145625 0.29404737812500004 0.302324559375 0.3149665703125 0.2956172015625 0.3534647984375 0.26916907968750003 0.4239472984375 0.2800958921875 0.5016956171875 0.26655198593749996 0.5202904562499999 0.25984462812500003 0.558788684375 0.2854655390625 0.6261262000000001 0.3195190953125 0.6672415375 0.32584514531250003 0.712253721875 0.360473796875 0.757461078125 0.403567390625 0.7910466609375 0.44605359062499994 0.8059398203124999 0.47889235937499997 0.8096703140624999 0.5422695156249999 0.8007632359375 0.5694219265625 0.792774371875 0.6180403890624999 0.7650772875 0.672855709375 0.723990765625 0.7044796921875001 0.6903364171875 0.7496152828125 0.6234868265625 0.7501257828125001 0.5983780328125 0.758590725 0.586756259375
9 0.46728728906250006 0.4253134890625 0.5175987390625 0.39529205 0.587780146875 0.3916879578125 0.554333984375 0.369265040625 0.49434280468749997 0.373523409375 0.457607559375 0.3995504171875 0.445756640625 0.41582090000000005 0.45313598749999995 0.42521590312499996 0.46728728906250006 0.4253134890625
9 0.2935752046875 0.45389997031249996 0.3014973484375 0.4527865859375 0.31449845781249997 0.44470013750000004 0.398256071875 0.4371016140625 0.40333503750000005 0.43012854999999994 0.395955690625 0.42073354687500003 0.3704639703125 0.41179765 0.326892175 0.4179212671875 0.31162298125 0.42424005468750003 0.2935752046875 0.45389997031249996
9 0.5448157453125 0.41650399531250004 0.5170882406249999 0.42040084218749996 0.489968128125 0.44299011093749996 0.5046945234375 0.4471797125 0.5499593078125 0.4387317421875 0.57257555 0.42720755468749994 0.5448157453125 0.41650399531250004
9 0.392220703125 0.523493075 0.3792518921875 0.546179928125 0.38212736875000003 0.5666400125 0.3934677875 0.5754783234375 0.44326873906250003 0.5705656765625 0.5071886937500001 0.551150209375 0.5224255890625 0.53023101875 0.48894712812499996 0.49320769843749995 0.475849125 0.45749293125 0.44751422500000004 0.4426973546875 0.42374779218749997 0.446037509375 0.41132177812500004 0.45821597656249996 0.392220703125 0.523493075
9 0.3490625140625 0.46070668281250005 0.32251749687500003 0.48738796874999996 0.36608929218749997 0.4812643515625 0.388705534375 0.4697401640625 0.36886787499999996 0.45792322187499995 0.3490625140625 0.46070668281250005
9 0.3749741078125 0.65944784375 0.40503429375 0.6865194703124999 0.43391199062499997 0.69080665625 0.483712940625 0.685894009375 0.5204804843749999 0.67446740625 0.54252163125 0.6588512015625 0.562262396875 0.6268669296875 0.5792245796875 0.6182237890625 0.5123645515625 0.5879783609375 0.46879275781249996 0.594101978125 0.4105268640625 0.610636396875 0.3749741078125 0.65944784375
4 0.31162298125 0.42424005468750003 0.2997720625 0.4405105359375 0.2935752046875 0.45389997031249996 0.29980436093749996 0.455110940625 0.31449845781249997 0.44470013750000004 0.398256071875 0.4371016140625 0.40333503750000005 0.43012854999999994 0.395955690625 0.42073354687500003 0.3704639703125 0.41179765 0.326892175 0.4179212671875 0.31162298125 0.42424005468750003
3 0.36886787499999996 0.45792322187499995 0.3490625140625 0.46070668281250005 0.32251749687500003 0.48738796874999996 0.36439630312500004 0.48358870625000006 0.388705534375 0.4697401640625 0.36886787499999996 0.45792322187499995
5 0.40503429375 0.6865194703124999 0.482019953125 0.6882183640624999 0.5204804843749999 0.67446740625 0.54252163125 0.6588512015625 0.5746884125 0.6146884640625 0.47799428437499997 0.659574246875 0.44234463437500005 0.6645844796875 0.3749741078125 0.65944784375 0.40503429375 0.6865194703124999
2 0.47799428437499997 0.659574246875 0.5164548171875001 0.645823290625 0.5667662671875 0.61580185 0.515815125 0.6125304625 0.4365936796875 0.6236643109375 0.38289625156249996 0.658334459375 0.41404203281249996 0.664389309375 0.47799428437499997 0.659574246875
10 0.384589240625 0.6560101046875 0.4365936796875 0.6236643109375 0.566191171875 0.6117098328125 0.5123645515625 0.5879783609375 0.4257960578125 0.6043176109374999 0.3997938390625 0.6204905093749999 0.378360084375 0.6547991343749999 0.384589240625 0.6560101046875
6 0.41132177812500004 0.45821597656249996 0.392220703125 0.523493075 0.3792518921875 0.546179928125 0.38212736875000003 0.5666400125 0.3934677875 0.5754783234375 0.44157575156249995 0.5728900328125001 0.5071886937500001 0.551150209375 0.5224255890625 0.53023101875 0.48894712812499996 0.49320769843749995 0.475849125 0.45749293125 0.44751422500000004 0.4426973546875 0.42374779218749997 0.446037509375 0.41132177812500004 0.45821597656249996
8 0.45313598749999995 0.42521590312499996 0.46559429999999996 0.42763784375 0.5175987390625 0.39529205 0.587780146875 0.3916879578125 0.541875671875 0.3668431015625 0.49434280468749997 0.373523409375 0.457607559375 0.3995504171875 0.445756640625 0.41582090000000005 0.45313598749999995 0.42521590312499996
7 0.57257555 0.42720755468749994 0.5448157453125 0.41650399531250004 0.5170882406249999 0.42040084218749996 0.489968128125 0.44299011093749996 0.5046945234375 0.4471797125 0.54826631875 0.44105609687499997 0.57257555 0.42720755468749994