0 0.10935718593749999 0 0 0.43860771875 0 0.8906428140625 0.43860771875 1 0.8906428140625 1 1 0.5613922812500001 1 0.10935718593749999 0.5613922812500001 0 0.10935718593749999 0
0 0.8596310328125 0.6204964093750001 0.8669939421875 0.5738845390625 0.8612945406250001 0.5284202015624999 0.8799039171875 0.45378206875 0.8624279156249999 0.37014684062500003 0.8014274546875001 0.2646489171875 0.7665018609375001 0.2339193296875 0.6885057703124999 0.1880467296875 0.5952537265625 0.169200715625 0.4897213640625 0.1825275265625 0.43333669218750004 0.2037039046875 0.4005549765625 0.2241586609375 0.3430105203125 0.26706752968749997 0.3145663234375 0.31282757499999997 0.28458455 0.4330779015625 0.293385515625 0.46610255 0.2882162453125 0.486835365625 0.2699846609375 0.5087157109375 0.26844708281249996 0.583205990625 0.2851410921875 0.6358159234375 0.272860771875 0.6679887484375 0.2795940296875 0.709306525 0.31769735468750004 0.7870738921875 0.3526229484375 0.8178034796875 0.38263113125000003 0.834094025 0.4493045859375 0.8485154171874999 0.5020078031249999 0.850644975 0.5784399062500001 0.8344669859374999 0.6449112593749999 0.8069968375000001 0.7165518843750001 0.7587938750000001 0.7235370031249999 0.7649397921875 0.7477198515625 0.7533519265625 0.7926559578125 0.718310271875 0.807911909375 0.6912836875 0.842307371875 0.6558161218749999 0.8596310328125 0.6204964093750001
1 0.64248605 0.3042983453125 0.67741164375 0.3350279328125 0.70568015 0.3839172140625 0.707495996875 0.41079594531249997 0.6992251640625 0.44396845 0.7050504984375 0.471846859375 0.7288555546875 0.5130167812499999 0.7449696703125 0.5764929609375 0.75298864375 0.5784923156249999 0.8023881968750001 0.5511700203125 0.8295466796875001 0.5447283953125 0.8631103875000001 0.5552989328125 0.8612945406250001 0.5284202015624999 0.8799039171875 0.45378206875 0.872262734375 0.399024928125 0.8545348718750001 0.35056155625 0.8014274546875001 0.2646489171875 0.7665018609375001 0.2339193296875 0.6885057703124999 0.1880467296875 0.5952537265625 0.169200715625 0.5259326718749999 0.1739386953125 0.43333669218750004 0.2037039046875 0.3430105203125 0.26706752968749997 0.3247789359375 0.28894787499999997 0.31133882968750004 0.34285319375 0.29401516875 0.37817290468750003 0.28458455 0.4330779015625 0.293839478125 0.47282223281249997 0.3114911703125 0.4618081328125 0.3311344 0.38302343906249997 0.383761446875 0.3256755265625 0.40509459531249997 0.2913554921875 0.42778962812500004 0.27719450625 0.4780971046875 0.263311578125 0.5293125046875 0.262868015625 0.6014832625000001 0.28086220625 0.64248605 0.3042983453125
1 0.7235370031249999 0.7649397921875 0.7815354218749999 0.72875060625 0.8058441999999999 0.6995768140624999 0.8064240937499999 0.6887105671875 0.7806274984375 0.715311240625 0.7528891234375 0.7326191125 0.736851178125 0.728620403125 0.7242428265624999 0.7364876171875 0.7150640671875 0.7562207546875 0.7235370031249999 0.7649397921875
9 0.8129552500000001 0.6881368 0.8494184203125 0.6443761109375 0.8658341578125001 0.5956170328125 0.8605887171875001 0.556872375 0.8295466796875001 0.5447283953125 0.8023881968750001 0.5511700203125 0.75298864375 0.5784923156249999 0.7449696703125 0.5764929609375 0.7288555546875 0.5130167812499999 0.7050504984375 0.471846859375 0.6992251640625 0.44396845 0.707621928125 0.39321001875 0.6933236593750001 0.3566125703125 0.660465775 0.3175898578125 0.6314914453125 0.2971527515625 0.6014832625000001 0.28086220625 0.5293125046875 0.262868015625 0.4780971046875 0.263311578125 0.42778962812500004 0.27719450625 0.40509459531249997 0.2913554921875 0.383761446875 0.3256755265625 0.3311344 0.38302343906249997 0.3114911703125 0.4618081328125 0.2913178078125 0.47439567499999996 0.2699846609375 0.5087157109375 0.26844708281249996 0.583205990625 0.2851410921875 0.6358159234375 0.2737686953125 0.6814281156249999 0.2894288484375 0.7381846109375 0.31769735468750004 0.7870738921875 0.3526229484375 0.8178034796875 0.38263113125000003 0.834094025 0.44678291562499994 0.8500888609375 0.475883175 0.8529400375 0.533175771875 0.8452030265625 0.6015889015625 0.8270256828125 0.6449112593749999 0.8069968375000001 0.7140302125 0.76036731875 0.7242428265624999 0.7364876171875 0.736851178125 0.728620403125 0.7528891234375 0.7326191125 0.8129552500000001 0.6881368
9 0.64879175625 0.4754373078125 0.6254406609375 0.44098706875 0.5663322171875 0.42184534687499997 0.5210680812499999 0.4325813890625 0.5034163890625 0.4435954875 0.5068459828125 0.4554614109375 0.5203622578125 0.4610335640625 0.5801765249999999 0.45172311093750006 0.64879175625 0.4754373078125
9 0.36651395625 0.4204727078125 0.44967931875 0.44561249375 0.4572443296875 0.44089216562500005 0.45381473593750005 0.4290262421875 0.43285937968750005 0.4105884890625 0.38875502812499996 0.39959203906249996 0.37168322656249997 0.39973989374999996 0.342911 0.4211943265625 0.3509299734375 0.42319368125 0.36651395625 0.4204727078125
9 0.5352404203125001 0.4867647640625 0.547722840625 0.49648347812500004 0.5943488625 0.5059064859375 0.620473490625 0.503611425 0.5980303171875 0.4826005515625 0.5699639125 0.4756028109375 0.5352404203125001 0.4867647640625
9 0.3840661296875 0.56358540625 0.391505209375 0.57645100625 0.44110686250000003 0.5910202546875001 0.5098480249999999 0.597148521875 0.5325430578125 0.5829875343750001 0.514815196875 0.5345241656249999 0.5161009109375 0.49520574531249995 0.49469159375 0.470048309375 0.470634675 0.46405024531250005 0.45401683593750003 0.4709177828125 0.41044261718749997 0.5261184859375 0.3892354 0.5428525921875 0.3840661296875 0.56358540625
9 0.4017675828125 0.4755079078125 0.42789220781250004 0.4732128453125 0.413468009375 0.4542013265625 0.39342057656249996 0.44920294062500005 0.35766322968750003 0.4645114578125 0.4017675828125 0.4755079078125
9 0.38558035468749996 0.7026993953125 0.43518200937499996 0.7172686421875001 0.4748229109375 0.7205457328125 0.5019813921875 0.71410410625 0.533275290625 0.6910762296875 0.5528687609375 0.6893549328125 0.5005433375 0.6344675875 0.4564389859375 0.6234711374999999 0.3942289796875 0.6167691046875 0.34127390156250004 0.6498114046875 0.3595816578125 0.687408528125 0.38558035468749996 0.7026993953125
4 0.342911 0.4211943265625 0.3484083015625 0.42476712499999997 0.36651395625 0.4204727078125 0.44967931875 0.44561249375 0.4572443296875 0.44089216562500005 0.45381473593750005 0.4290262421875 0.43285937968750005 0.4105884890625 0.38875502812499996 0.39959203906249996 0.37168322656249997 0.39973989374999996 0.35403153593750003 0.4107539921875 0.342911 0.4211943265625
3 0.35766322968750003 0.4645114578125 0.39924591249999997 0.47708135 0.42789220781250004 0.4732128453125 0.413468009375 0.4542013265625 0.39342057656249996 0.44920294062500005 0.35766322968750003 0.4645114578125
5 0.4748229109375 0.7205457328125 0.5019813921875 0.71410410625 0.5498931296875 0.68420869375 0.43989731875000004 0.68981614375 0.403811940625 0.6808190484375001 0.34127390156250004 0.6498114046875 0.3595816578125 0.687408528125 0.4326603390625 0.7188420843750001 0.4748229109375 0.7205457328125
2 0.54187415625 0.6822093390624999 0.49434021250000004 0.659346965625 0.4141504828125 0.6393534203125 0.349292875 0.651810759375 0.3767793890625 0.6696747453125 0.43989731875000004 0.68981614375 0.482059890625 0.6915197921875 0.54187415625 0.6822093390624999
10 0.5429080109375 0.678062775 0.5005433375 0.6344675875 0.41130078125 0.61662125 0.3801328125 0.6220631984375 0.3463172421875 0.64666451875 0.3518145453125 0.650237315625 0.4141504828125 0.6393534203125 0.5429080109375 0.678062775
6 0.3892354 0.5428525921875 0.3840661296875 0.56358540625 0.391505209375 0.57645100625 0.43858519218750003 0.5925936968750001 0.5098480249999999 0.597148521875 0.5325430578125 0.5829875343750001 0.514815196875 0.5345241656249999 0.5161009109375 0.49520574531249995 0.49469159375 0.470048309375 0.470634675 0.46405024531250005 0.45401683593750003 0.4709177828125 0.41044261718749997 0.5261184859375 0.3892354 0.5428525921875
8 0.5801765249999999 0.45172311093750006 0.64879175625 0.4754373078125 0.6144460546875 0.4338414734375 0.5663322171875 0.42184534687499997 0.5210680812499999 0.4325813890625 0.5034163890625 0.4435954875 0.5068459828125 0.4554614109375 0.5178405875000001 0.46260700625 0.5801765249999999 0.45172311093750006
7 0.5699639125 0.4756028109375 0.5352404203125001 0.4867647640625 0.547722840625 0.49648347812500004 0.5918271921875 0.507479928125 0.620473490625 0.503611425 0.5980303171875 0.4826005515625 0.5699639125 0.4756028109375