0 0.46941869062499997 0 0 0.0576373671875 0 0.530581309375 0.0576373671875 1 0.530581309375 1 1 0.9423626328125 1 0.46941869062499997 0.9423626328125 0 0.46941869062499997 0
0 0.46831227656249996 0.7844371984375 0.49932070624999997 0.7826776265625 0.5426334265625 0.7794072765625 0.5744540625 0.7673090578124999 0.620698803125 0.73705750625 0.6631589171875001 0.6929361609375 0.7019726015625001 0.602163503125 0.7007627890625 0.52449625 0.734703240625 0.49575547656249996 0.7405672812499999 0.4417930734375 0.73674225 0.37673363437499996 0.7155610921875 0.3568087265625 0.7050598140625 0.35605033750000004 0.7012347828125 0.290990896875 0.6829856453125001 0.24408478906250003 0.6090790953125 0.1507701625 0.58379650625 0.1313488484375 0.54850804375 0.115203884375 0.493207834375 0.10561162187499999 0.41117922656249994 0.11568346874999999 0.36295286875 0.1297960578125 0.28389668437500004 0.16407634843750002 0.25306685624999997 0.1842440484375 0.20389009531250002 0.2414768 0.1749036828125 0.310564978125 0.1371786046875 0.32543595625 0.1224376953125 0.357962675 0.1305023578125 0.38973700624999996 0.18976579843750002 0.43160719218750004 0.19584884375 0.44724256249999994 0.200307478125 0.4835552265625 0.17803771562499998 0.5395319984375 0.21792301093750002 0.559208109375 0.23779656093749998 0.5854369234375 0.2397781765625 0.601575884375 0.2145359890625 0.6333442140625001 0.2211144390625 0.6530143234375 0.2531136765625 0.659324234375 0.271143809375 0.63663256875 0.333558275 0.7211193265625 0.3593362671875 0.74457538125 0.38642186875 0.761727528125 0.4299131921875 0.7768653078125001 0.46831227656249996 0.7844371984375
9 0.5016191234375 0.7844432 0.5426334265625 0.7794072765625 0.5744540625 0.7673090578124999 0.620698803125 0.73705750625 0.6631589171875001 0.6929361609375 0.7019726015625001 0.602163503125 0.7007627890625 0.52449625 0.734703240625 0.49575547656249996 0.7405672812499999 0.4417930734375 0.73674225 0.37673363437499996 0.7155610921875 0.3568087265625 0.7027613968749999 0.3542847640625 0.6870296812500001 0.3787420015625 0.6939653359375 0.4352283671875 0.680353434375 0.4430430515625 0.673636784375 0.45615445781249997 0.6240220140625 0.374191665625 0.5734568375 0.33534903437499997 0.5484910515625 0.3015543328125 0.513519390625 0.27103598125 0.44591488906250004 0.262954496875 0.396697725 0.2689976046875 0.3330564546875 0.29319404375 0.3022266265625 0.31336174375 0.26535415625000003 0.36908371875 0.24803843125 0.46540789687500006 0.2622669421875 0.615196884375 0.2688453921875 0.6348669953125 0.28263589375 0.6454604390625 0.318776965625 0.7024564 0.3593362671875 0.74457538125 0.38642186875 0.761727528125 0.4299131921875 0.7768653078125001 0.5016191234375 0.7844432
9 0.4593311953125 0.423082134375 0.46491883749999996 0.43468276250000004 0.475420115625 0.4354411515625 0.5226556640625 0.4132590828125 0.5718728296875 0.407215975 0.593687590625 0.39839410625 0.556596115625 0.384518309375 0.50327751875 0.391065009375 0.46474023437499995 0.416274634375 0.4593311953125 0.423082134375
9 0.2908557484375 0.45810280781249996 0.2720134109375 0.4911331171875 0.321051971875 0.46668188125 0.3922625015625 0.470225034375 0.40177297031250003 0.46291394218750004 0.4007821625 0.45484446093750003 0.3636906875 0.4409686640625 0.33448527031249997 0.4404590703125 0.2908557484375 0.45810280781249996
9 0.504130128125 0.43191600625 0.48069095624999997 0.46141516875 0.5363079671875 0.45663404218750003 0.5612333515625 0.4392391015625 0.5410430015625 0.427383675 0.504130128125 0.43191600625
9 0.40450939531249996 0.6038750609375 0.4606218125 0.603128675 0.5255706921875001 0.572628328125 0.5309797328125 0.5658208296875 0.5289981171875 0.5496818671875 0.49682027812499996 0.52496383125 0.46987287499999997 0.4750301671875 0.4455810953125 0.46367833281250004 0.4250739421875 0.4661962953125 0.40474539375 0.487122384375 0.4029827828125 0.5405811953125 0.3879250734375 0.5874813015625 0.40450939531249996 0.6038750609375
9 0.307301871875 0.50727808125 0.3160001375 0.5103056375 0.3429071359375 0.5090496578125 0.38833967187499996 0.4891367546875 0.35584503125 0.4787921046875 0.3312364484375 0.48181365937500004 0.307301871875 0.50727808125
9 0.4313185984375 0.686590240625 0.44592130625 0.6868450390625 0.4974368875 0.6825675046875 0.5251560937499999 0.670972878125 0.5758190671875 0.625844346875 0.5433244265625 0.615499696875 0.5059161484375 0.6159972875 0.47869234687500006 0.63162665625 0.43718263906250004 0.6326278375000001 0.39373171875 0.668679703125 0.4313185984375 0.686590240625
1 0.24080938437500002 0.6608350109375001 0.2531136765625 0.659324234375 0.26983619999999997 0.6429364750000001 0.24803843125 0.46540789687500006 0.26535415625000003 0.36908371875 0.3022266265625 0.31336174375 0.3330564546875 0.29319404375 0.396697725 0.2689976046875 0.44591488906250004 0.262954496875 0.513519390625 0.27103598125 0.5484910515625 0.3015543328125 0.5734568375 0.33534903437499997 0.6240220140625 0.374191665625 0.6713383671875001 0.45438888281249995 0.6939653359375 0.4352283671875 0.6870296812500001 0.3787420015625 0.704564409375 0.352015596875 0.693665525 0.26325130625000004 0.6090790953125 0.1507701625 0.58379650625 0.1313488484375 0.54850804375 0.115203884375 0.493207834375 0.10561162187499999 0.41117922656249994 0.11568346874999999 0.31932334687499997 0.1474397953125 0.2417533734375 0.19382430625 0.20389009531250002 0.2414768 0.1749036828125 0.310564978125 0.1448860609375 0.32039403125 0.1281635375 0.3367817875 0.1224376953125 0.357962675 0.12541011875000002 0.3821711171875 0.18976579843750002 0.43160719218750004 0.19584884375 0.44724256249999994 0.200307478125 0.4835552265625 0.17803771562499998 0.5395319984375 0.21102776093750003 0.5539113875 0.23779656093749998 0.5854369234375 0.2397781765625 0.601575884375 0.2145359890625 0.6333442140625001 0.2211144390625 0.6530143234375 0.24080938437500002 0.6608350109375001
4 0.467217253125 0.4364483375 0.5226556640625 0.4132590828125 0.5718728296875 0.407215975 0.593687590625 0.39839410625 0.556596115625 0.384518309375 0.50327751875 0.391065009375 0.46474023437499995 0.416274634375 0.4593311953125 0.423082134375 0.467217253125 0.4364483375
3 0.48298937343750004 0.4631807421875 0.5363079671875 0.45663404218750003 0.5612333515625 0.4392391015625 0.5410430015625 0.427383675 0.504130128125 0.43191600625 0.48740760468750005 0.4483037625 0.48298937343750004 0.4631807421875
5 0.44821972343749994 0.6886106125 0.4974368875 0.6825675046875 0.5251560937499999 0.670972878125 0.5758190671875 0.625844346875 0.5134854062499999 0.6437368796875 0.4980704921875 0.6538207296875 0.39373171875 0.668679703125 0.41392206875 0.6805351296875 0.44821972343749994 0.6886106125
10 0.3996361625 0.6659069453125 0.5124945984375 0.6356673984375 0.5535089015625 0.630631475 0.5671208015625 0.6228167906250001 0.5223218703125 0.6139829171875 0.49000582968749995 0.622046396875 0.47869234687500006 0.63162665625 0.43718263906250004 0.6326278375000001 0.3996361625 0.6659069453125
2 0.420143315625 0.6633889828124999 0.4980704921875 0.6538207296875 0.5517058890625 0.6329006406250001 0.5124945984375 0.6356673984375 0.420143315625 0.6633889828124999
6 0.4629202296875 0.6048942484375 0.5255706921875001 0.572628328125 0.5309797328125 0.5658208296875 0.5289981171875 0.5496818671875 0.49682027812499996 0.52496383125 0.46987287499999997 0.4750301671875 0.4455810953125 0.46367833281250004 0.4250739421875 0.4661962953125 0.40474539375 0.487122384375 0.4029827828125 0.5405811953125 0.3879250734375 0.5874813015625 0.40450939531249996 0.6038750609375 0.4629202296875 0.6048942484375
8 0.27791785468749997 0.488360359375 0.321051971875 0.46668188125 0.3922625015625 0.470225034375 0.40177297031250003 0.46291394218750004 0.4007821625 0.45484446093750003 0.3636906875 0.4409686640625 0.33448527031249997 0.4404590703125 0.2908557484375 0.45810280781249996 0.27512403281250003 0.4825600453125 0.27791785468749997 0.488360359375
7 0.3182985546875 0.5120712109375 0.3429071359375 0.5090496578125 0.38833967187499996 0.4891367546875 0.35584503125 0.4787921046875 0.3312364484375 0.48181365937500004 0.307301871875 0.50727808125 0.3182985546875 0.5120712109375