0 0.11633650625 0 0 0.43417374999999997 0 0.88366349375 0.43417374999999997 1 0.88366349375 1 1 0.56582625 1 0.11633650625 0.56582625 0 0.11633650625 0
0 0.7351215015625 0.521824859375 0.756187084375 0.5098226125 0.7855983390625 0.40005831406250003 0.7716467203125 0.35220310625 0.7331185890625 0.3183505203125 0.7205454296875 0.320863803125 0.656062325 0.2506453484375 0.6020199093749999 0.23028247500000001 0.5073168921875 0.2284358828125 0.421014196875 0.2729570328125 0.40402935156249997 0.29193495937499997 0.3966765375 0.319376034375 0.3890848703125 0.3144007296875 0.3715302203125 0.3244026015625 0.3564936390625 0.4027250765625 0.331347321875 0.40775164375 0.312560959375 0.4556581125 0.31270770937500003 0.5439311984375 0.33605250937500003 0.567833171875 0.34241246406250003 0.6107130749999999 0.371547415625 0.6685188937500001 0.42672944062499996 0.7068338765625 0.507958540625 0.7256580234375 0.5713941375 0.7220676609375001 0.657127028125 0.66857045625 0.6737809218749999 0.6730328546875 0.7039087312500001 0.6605176968750001 0.737878425 0.6225618421875 0.754054615625 0.562191478125 0.7529150062500001 0.5442393671875 0.7351215015625 0.521824859375
9 0.74271316875 0.526800165625 0.72548946875 0.5133617125 0.7475479109375 0.43103848906250003 0.73677626875 0.4046232328125 0.7493494265625 0.40210994843750003 0.7429894734375 0.359230046875 0.684958421875 0.2760347875 0.64087899375 0.24069473593750002 0.6020199093749999 0.23028247500000001 0.5073168921875 0.2284358828125 0.421014196875 0.2729570328125 0.40402935156249997 0.29193495937499997 0.3690667984375 0.40021179218749997 0.331347321875 0.40775164375 0.312560959375 0.4556581125 0.31270770937500003 0.5439311984375 0.33605250937500003 0.567833171875 0.34241246406250003 0.6107130749999999 0.371547415625 0.6685188937500001 0.42672944062499996 0.7068338765625 0.504447609375 0.7276583984375 0.5713941375 0.7220676609375001 0.657127028125 0.66857045625 0.6737809218749999 0.6730328546875 0.7039087312500001 0.6605176968750001 0.737878425 0.6225618421875 0.754054615625 0.562191478125 0.74271316875 0.526800165625
9 0.41143681406250004 0.408623678125 0.4260503390625 0.40959823437500004 0.45323702343749994 0.408059509375 0.518382034375 0.43139731406250004 0.53185595 0.41441975937500003 0.500919484375 0.3855424796875 0.45650910156249996 0.373642753125 0.431362784375 0.3786693203125 0.41086700781249996 0.39964762343750004 0.41143681406250004 0.408623678125
9 0.67471913125 0.458582084375 0.6493339640625 0.431192271875 0.60345301875 0.42478075937500004 0.5677739109375 0.43580845 0.5779757484375 0.4532476515625 0.646061884375 0.46560902656250003 0.6769983515625 0.49448630624999995 0.67471913125 0.458582084375
9 0.49323571718750003 0.4364238796875 0.45437663281249996 0.42601162031250006 0.4382925453125 0.430525278125 0.4651482765625 0.4524268765625 0.490864396875 0.456376365625 0.50343755625 0.4538630828125 0.49323571718750003 0.4364238796875
9 0.46619578281249996 0.52623569375 0.4915809515625 0.5536255078125001 0.5339509671875 0.5620373937500001 0.5535459875 0.5555233609375 0.5645018312500001 0.47022520625 0.55429999375 0.45278600312500006 0.5265435046875 0.44534867499999997 0.5104594171875 0.44986233281250004 0.4946141796875 0.486792371875 0.473548596875 0.49879462031250005 0.46619578281249996 0.52623569375
9 0.575604428125 0.4732001375 0.602460159375 0.4951017359375 0.617073684375 0.49607629218750005 0.6422200015625 0.49104972656249996 0.6209155671875 0.47063559374999997 0.575604428125 0.4732001375
9 0.5131242359375 0.6064560218749999 0.46871385312499997 0.5945562953125 0.41785141406250004 0.5956333734375 0.4695225109375 0.63594873125 0.522995121875 0.6473355484375001 0.559244034375 0.6452839140625 0.5131242359375 0.6064560218749999
1 0.7508199890625 0.396621734375 0.73677626875 0.4046232328125 0.7475479109375 0.43103848906250003 0.72548946875 0.5133617125 0.731610571875 0.5238252343750001 0.756187084375 0.5098226125 0.7855983390625 0.40005831406250003 0.7716467203125 0.35220310625 0.7275672906249999 0.3168630546875 0.722585796875 0.32435164375 0.7429894734375 0.359230046875 0.7508199890625 0.396621734375
1 0.3690667984375 0.40021179218749997 0.3907942859375 0.3413288953125 0.3890848703125 0.3144007296875 0.3715302203125 0.3244026015625 0.3538834671875 0.3902611796875 0.35853400625 0.406212915625 0.3690667984375 0.40021179218749997
4 0.41086700781249996 0.39964762343750004 0.41143681406250004 0.408623678125 0.42253940781250005 0.41159860937500004 0.45323702343749994 0.408059509375 0.518382034375 0.43139731406250004 0.53185595 0.41441975937500003 0.500919484375 0.3855424796875 0.45650910156249996 0.373642753125 0.42785185468750003 0.3806696953125 0.41086700781249996 0.39964762343750004
3 0.50343755625 0.4538630828125 0.49323571718750003 0.4364238796875 0.45437663281249996 0.42601162031250006 0.4382925453125 0.430525278125 0.4651482765625 0.4524268765625 0.48735346562500004 0.4583767390625 0.50343755625 0.4538630828125
10 0.5131242359375 0.6064560218749999 0.43597587187500003 0.59460755625 0.5461010703125 0.6388211421875 0.5131242359375 0.6064560218749999
5 0.5309177390625 0.6288705296875 0.434505309375 0.600095771875 0.44878788125 0.624510653125 0.519484190625 0.6493359234375 0.559244034375 0.6452839140625 0.5309177390625 0.6288705296875
6 0.473548596875 0.49879462031250005 0.46619578281249996 0.52623569375 0.4915809515625 0.5536255078125001 0.5304400359375 0.56403776875 0.5535459875 0.5555233609375 0.5645018312500001 0.47022520625 0.55429999375 0.45278600312500006 0.5265435046875 0.44534867499999997 0.5104594171875 0.44986233281250004 0.4946141796875 0.486792371875 0.473548596875 0.49879462031250005
8 0.673487421875 0.49648668125000006 0.67471913125 0.458582084375 0.6493339640625 0.431192271875 0.60345301875 0.42478075937500004 0.5677739109375 0.43580845 0.5779757484375 0.4532476515625 0.646061884375 0.46560902656250003 0.673487421875 0.49648668125000006
7 0.575604428125 0.4732001375 0.613562753125 0.4980766671875 0.6422200015625 0.49104972656249996 0.6098129734375 0.4676606625 0.575604428125 0.4732001375