0 0.0418344125 0 0 0.4781695265625 0 0.9581655874999999 0.4781695265625 1 0.9581655874999999 1 1 0.5218304734375 1 0.0418344125 0.5218304734375 0 0.0418344125 0
0 0.6671231765625001 0.5508416875 0.6864412015625 0.3300356453125 0.6938405125 0.333270165625 0.697055709375 0.325789965625 0.67105251875 0.271771690625 0.6497530984375001 0.25179808124999997 0.5660439953124999 0.2134285078125 0.5152177359375 0.20898178750000002 0.4261175546875 0.23223250625 0.373115415625 0.281925875 0.3427604640625 0.33618778125 0.3108901 0.5248496609375 0.3173908984375 0.538354228125 0.34003808593749996 0.542922765625 0.34944563125 0.611012096875 0.3879307609375 0.6687095640625 0.43187736875000005 0.6932517109375 0.5159653265624999 0.6980212890625 0.5496762796875 0.6932091218750001 0.5819690609375 0.6753370578125 0.6068625328125 0.6542304734375 0.6257044609375 0.6144842953125 0.6441675375 0.6083381125 0.6529146171875 0.5961675609375 0.6551608984375 0.5704924390625 0.6671231765625001 0.5508416875
9 0.6698187140625 0.520031540625 0.6564382656250001 0.5266223984375 0.6494882109375 0.518252853125 0.6620673906250001 0.374472175 0.64951505 0.3423280140625 0.62313300625 0.32190973125 0.500700725 0.3163726234375 0.47200199375 0.2931644953125 0.4516714890625 0.29138580625 0.425359846875 0.29943249375000003 0.4059982578125 0.31584872656249996 0.3674158875 0.405611128125 0.35828995468749997 0.4513816734375 0.34999212968750004 0.4584172015625 0.3323571640625 0.42582836874999996 0.323610084375 0.4379989203125 0.3108901 0.5248496609375 0.3173908984375 0.538354228125 0.34003808593749996 0.542922765625 0.34944563125 0.611012096875 0.3879307609375 0.6687095640625 0.43187736875000005 0.6932517109375 0.513199384375 0.7003664656249999 0.5496762796875 0.6932091218750001 0.5819690609375 0.6753370578125 0.6068625328125 0.6542304734375 0.6257044609375 0.6144842953125 0.6441675375 0.6083381125 0.6529146171875 0.5961675609375 0.6698187140625 0.520031540625
9 0.5032990203125001 0.4330223484375 0.5046467890625 0.41761727656250003 0.483796625 0.39250864218750003 0.463915378125 0.3855949296875 0.4172732328125 0.391862928125 0.3919305046875 0.4181045375 0.4561372140625 0.415960403125 0.490367828125 0.43447818125 0.5032990203125001 0.4330223484375
9 0.5688534984375 0.4154731421875 0.5370099749999999 0.42821018125 0.5356622046874999 0.4436152546875 0.51069833125 0.43625687031249993 0.491786 0.4475380765625 0.47892520781250003 0.47745887812500004 0.4623295609375 0.49152993437500003 0.4600832796875 0.5172050546875 0.48183195625 0.532043640625 0.5197270234375 0.5379461953125 0.546038665625 0.52989950625 0.537978890625 0.4464051015625 0.607268225 0.44470564062499995 0.6220668468749999 0.45117468125000004 0.6355176984375001 0.47304879375000003 0.634029125 0.431523928125 0.6145971343750001 0.41947519062499994 0.5688534984375 0.4154731421875
9 0.4714554953125 0.44575938906249996 0.48207000312500004 0.44151370781250004 0.46032132812500004 0.42667512500000004 0.42107849062499997 0.4361776421875 0.4714554953125 0.44575938906249996
9 0.6119719984375 0.47875030625 0.590672578125 0.45877669687499995 0.5518789984375 0.463144190625 0.5888755515625 0.47931679374999997 0.6119719984375 0.47875030625
9 0.5138162859375 0.576236540625 0.46852190781249997 0.567099465625 0.4241964453125 0.5761573125 0.47554236562499996 0.6039339796875 0.5443824453125 0.6073695406249999 0.5549969546875 0.6031238609375 0.5138162859375 0.576236540625
1 0.5152177359375 0.20898178750000002 0.4261175546875 0.23223250625 0.38462843593749996 0.267410146875 0.349190859375 0.3212273796875 0.3349823 0.366553253125 0.3300404796875 0.42303852031250005 0.34999212968750004 0.4584172015625 0.35828995468749997 0.4513816734375 0.3674158875 0.405611128125 0.4059982578125 0.31584872656249996 0.425359846875 0.29943249375000003 0.47200199375 0.2931644953125 0.500700725 0.3163726234375 0.62313300625 0.32190973125 0.64951505 0.3423280140625 0.6620673906250001 0.374472175 0.6494882109375 0.518252853125 0.6564382656250001 0.5266223984375 0.670267971875 0.5148965171875 0.6864412015625 0.3300356453125 0.6938405125 0.333270165625 0.697055709375 0.325789965625 0.6641024640625 0.2634021453125 0.5660439953124999 0.2134285078125 0.5152177359375 0.20898178750000002
4 0.4561372140625 0.415960403125 0.5005330796874999 0.43536752500000003 0.508830903125 0.428331996875 0.5046467890625 0.41761727656250003 0.483796625 0.39250864218750003 0.463915378125 0.3855949296875 0.4172732328125 0.391862928125 0.3919305046875 0.4181045375 0.4561372140625 0.415960403125
3 0.42107849062499997 0.4361776421875 0.46868955312500005 0.448104565625 0.48207000312500004 0.44151370781250004 0.46032132812500004 0.42667512500000004 0.42107849062499997 0.4361776421875
5 0.5549969546875 0.6031238609375 0.5429642718750001 0.5943096453125001 0.472706021875 0.5778141875 0.4241964453125 0.5761573125 0.47554236562499996 0.6039339796875 0.541616503125 0.60971471875 0.5549969546875 0.6031238609375
10 0.43989358125000005 0.57235630625 0.5327990203125 0.5934203015625 0.5138162859375 0.576236540625 0.4837697875 0.56843348125 0.43989358125000005 0.57235630625
6 0.47892520781250003 0.47745887812500004 0.4623295609375 0.49152993437500003 0.4600832796875 0.5172050546875 0.48183195625 0.532043640625 0.5169610796875 0.5402913703125 0.546038665625 0.52989950625 0.547835690625 0.509359409375 0.542612259375 0.45198479843749995 0.5259462078125 0.43759088593750006 0.51069833125 0.43625687031249993 0.491786 0.4475380765625 0.47892520781250003 0.47745887812500004
8 0.6220668468749999 0.45117468125000004 0.6355176984375001 0.47304879375000003 0.6363458093750001 0.43431377656250003 0.6145971343750001 0.41947519062499994 0.5688534984375 0.4154731421875 0.5342440328125 0.4305553578125 0.54074483125 0.4440599265625 0.607268225 0.44470564062499995 0.6220668468749999 0.45117468125000004
7 0.590672578125 0.45877669687499995 0.5518789984375 0.463144190625 0.6092060578125 0.48109548125 0.590672578125 0.45877669687499995