0 0.0337424578125 0 0 0.48253961562500003 0 0.9662575421874999 0.48253961562500003 1 0.9662575421874999 1 1 0.517460384375 1 0.0337424578125 0.517460384375 0 0.0337424578125 0
0 0.7527702859375001 0.511778703125 0.7718149249999999 0.4954202828125 0.78002156875 0.37805980625 0.7563785953125 0.3321811515625 0.7105168749999999 0.30538731874999997 0.6982307796875 0.3104249078125 0.6187934328125 0.2517996546875 0.5598249515625 0.241779459375 0.46317752343749996 0.25860808125 0.38423518749999996 0.320900140625 0.3707180953125 0.343541803125 0.368666434375 0.3728819203125 0.35996477968749996 0.3693250828125 0.3440942453125 0.3829571 0.344287475 0.46552465 0.3197152859375 0.47559982968750003 0.310084415625 0.527996828125 0.32768095625 0.617678053125 0.3561393671875 0.6373582109375 0.3710806859375 0.6796800281250001 0.4121269703125 0.732672359375 0.4758023359375 0.76071184375 0.5621067796875 0.7637984796875 0.6258906953125 0.747620175 0.7024795890625 0.6763184718749999 0.7202932343749999 0.6775641234374999 0.7484498625 0.658894515625 0.77548404375 0.61361119375 0.7799976984375 0.54906293125 0.7752908140625 0.53104364375 0.7527702859375001 0.511778703125
9 0.7614719421875 0.515335540625 0.7413048546875001 0.5050802453125 0.7474598375 0.41705988749999995 0.7312875234375 0.392342140625 0.7435736171875 0.3873045515625 0.7286323 0.3449827328125 0.6531897234375 0.2718950296875 0.6013901203125 0.244685978125 0.5598249515625 0.241779459375 0.46317752343749996 0.25860808125 0.38423518749999996 0.320900140625 0.3707180953125 0.343541803125 0.35657357031250003 0.46048706250000004 0.3197152859375 0.47559982968750003 0.310084415625 0.527996828125 0.32768095625 0.617678053125 0.3561393671875 0.6373582109375 0.3710806859375 0.6796800281250001 0.4121269703125 0.732672359375 0.4758023359375 0.76071184375 0.5589326734375 0.7665248828125 0.6258906953125 0.747620175 0.7024795890625 0.6763184718749999 0.7202932343749999 0.6775641234374999 0.7484498625 0.658894515625 0.77548404375 0.61361119375 0.7799976984375 0.54906293125 0.7614719421875 0.515335540625
9 0.4013128453125 0.460667178125 0.41636271562499994 0.45877120937500004 0.4436986796875 0.45183765 0.5145429218750001 0.4626882796875 0.52488590625 0.442773021875 0.48772584218750004 0.419536028125 0.440222790625 0.416214290625 0.4156506015625 0.42628946875 0.398959403125 0.45165753437499995 0.4013128453125 0.460667178125
9 0.6788604859375 0.45943669062500003 0.6476383015625 0.43661491249999995 0.5997249203125 0.4391611984375 0.5656304109375 0.45741558906249996 0.579449284375 0.47312369218750006 0.651114190625 0.47223827343749997 0.6882742562499999 0.4954752671875 0.6788604859375 0.45943669062500003
9 0.48997073125 0.47276345937500003 0.4484055640625 0.4698569390625 0.43294536250000004 0.47762093125 0.46457787812499995 0.49457468593750004 0.49150350937500004 0.49350915000000006 0.5037896046875 0.4884715609375 0.48997073125 0.47276345937500003
9 0.48023130937499997 0.56937824375 0.51145349375 0.5922000203125 0.5561927703125 0.5923801359375 0.574827078125 0.581889740625 0.5691062984374999 0.49303894843749996 0.5552874250000001 0.477330846875 0.52559801875 0.4752547625 0.51013781875 0.483018753125 0.5013276125 0.5236797046875 0.48228297031249995 0.5400381234375 0.48023130937499997 0.56937824375
9 0.5809820609374999 0.49386938281250004 0.6126145765625 0.5108231375 0.627664446875 0.5089271671875 0.6522366359375 0.4988519875 0.6265420015625 0.482313453125 0.5809820609374999 0.49386938281250004
9 0.5437981234375 0.6416355140625 0.49629507500000003 0.6383137765625 0.44479725312499996 0.6494544906249999 0.5052985109375 0.6802203765625 0.56191355 0.681230928125 0.5983615015625 0.671986184375 0.5437981234375 0.6416355140625
1 0.74398395 0.381436528125 0.7312875234375 0.392342140625 0.7474598375 0.41705988749999995 0.7413048546875001 0.5050802453125 0.749596178125 0.51450510625 0.7718149249999999 0.4954202828125 0.78002156875 0.37805980625 0.7563785953125 0.3321811515625 0.70457899375 0.3049721015625 0.7009945546874999 0.313566528125 0.7286323 0.3449827328125 0.74398395 0.381436528125
1 0.35657357031250003 0.46048706250000004 0.3670251046875 0.3963540171875 0.35996477968749996 0.3693250828125 0.3440942453125 0.3829571 0.3391702578125 0.4533733875 0.34705125 0.468666271875 0.35657357031250003 0.46048706250000004
4 0.398959403125 0.45165753437499995 0.4013128453125 0.460667178125 0.41318860781250005 0.4614976125 0.4436986796875 0.45183765 0.5145429218750001 0.4626882796875 0.52488590625 0.442773021875 0.48772584218750004 0.419536028125 0.440222790625 0.416214290625 0.4124764953125 0.429015871875 0.398959403125 0.45165753437499995
3 0.5037896046875 0.4884715609375 0.48997073125 0.47276345937500003 0.4484055640625 0.4698569390625 0.43294536250000004 0.47762093125 0.46457787812499995 0.49457468593750004 0.488329403125 0.496235553125 0.5037896046875 0.4884715609375
10 0.5437981234375 0.6416355140625 0.46302122968750004 0.64483211875 0.5837219640625 0.6680141296875 0.5437981234375 0.6416355140625
5 0.566318653125 0.6609004546875 0.46261089687499996 0.6507001421874999 0.48195731875 0.6726914859375 0.5587394437500001 0.68395733125 0.5983615015625 0.671986184375 0.566318653125 0.6609004546875
6 0.48228297031249995 0.5400381234375 0.48023130937499997 0.56937824375 0.51145349375 0.5922000203125 0.5530186640625 0.595106540625 0.574827078125 0.581889740625 0.5691062984374999 0.49303894843749996 0.5552874250000001 0.477330846875 0.52559801875 0.4752547625 0.51013781875 0.483018753125 0.5013276125 0.5236797046875 0.48228297031249995 0.5400381234375
8 0.6851001484375 0.49820167031249996 0.6788604859375 0.45943669062500003 0.6476383015625 0.43661491249999995 0.5997249203125 0.4391611984375 0.5656304109375 0.45741558906249996 0.579449284375 0.47312369218750006 0.651114190625 0.47223827343749997 0.6851001484375 0.49820167031249996
7 0.5809820609374999 0.49386938281250004 0.624490340625 0.5116535718749999 0.6522366359375 0.4988519875 0.6146662375 0.48148301875 0.5809820609374999 0.49386938281250004