0 0.4781695265625 0 0 0.0418344125 0 0.5218304734375 0.0418344125 1 0.5218304734375 1 1 0.9581655874999999 1 0.4781695265625 0.9581655874999999 0 0.4781695265625 0
0 0.7668951609375 0.255809334375 0.7516899546875 0.237063221875 0.73241748125 0.171828021875 0.6325422765625001 0.0768379203125 0.5617455953125 0.0428790328125 0.492692028125 0.028844040625 0.438843665625 0.0335551625 0.3396211015625 0.062312409375 0.26848479531249997 0.10199668906249999 0.198340753125 0.191785153125 0.164345903125 0.2683727703125 0.1616821265625 0.31545074687499997 0.14439418125 0.3504239078125 0.156935609375 0.41624799687499997 0.2402737203125 0.516030971875 0.2674393140625 0.593959878125 0.28148244375 0.5994233953125 0.30516180937500004 0.6375045140625 0.3661524421875 0.6756673828124999 0.40770079062500003 0.6854166390625 0.47193623906250004 0.68314283125 0.554621709375 0.659178459375 0.6251769781250001 0.6128528796875 0.6553459734375 0.5700606406250001 0.7018822515625 0.5592971125 0.735707290625 0.519531078125 0.758564203125 0.47068643125 0.7779348875000001 0.381993996875 0.7668951609375 0.255809334375
1 0.6946949874999999 0.12828338749999998 0.5898318515625001 0.053806068750000005 0.492692028125 0.028844040625 0.438843665625 0.0335551625 0.3396211015625 0.062312409375 0.26848479531249997 0.10199668906249999 0.198340753125 0.191785153125 0.164345903125 0.2683727703125 0.15669419375 0.33596353125 0.14439418125 0.3504239078125 0.156935609375 0.41624799687499997 0.225649553125 0.5039261578125 0.23661767656250002 0.51300476875 0.25141165625 0.4882880015625 0.245940896875 0.348231853125 0.2553357203125 0.30056498593750003 0.322234946875 0.251213203125 0.38373501718749997 0.178911321875 0.415647128125 0.1560429765625 0.523343853125 0.146620734375 0.578935328125 0.1618335078125 0.605108659375 0.1896582328125 0.6474794609375001 0.2863332515625 0.6635071171875 0.3920051296875 0.6817873265625 0.4071361484375 0.7087115078124999 0.4047805875 0.7196796328125 0.4138592 0.70529688125 0.48203885 0.7087831109375 0.5218866375 0.691495165625 0.5568597984375 0.7018822515625 0.5592971125 0.735707290625 0.519531078125 0.758564203125 0.47068643125 0.7779348875000001 0.381993996875 0.7668951609375 0.255809334375 0.7516899546875 0.237063221875 0.73241748125 0.171828021875 0.6946949874999999 0.12828338749999998
9 0.720260671875 0.4205004984375 0.7087115078124999 0.4047805875 0.6817873265625 0.4071361484375 0.6635071171875 0.3920051296875 0.6474794609375001 0.2863332515625 0.605108659375 0.1896582328125 0.578935328125 0.1618335078125 0.523343853125 0.146620734375 0.40276607656249996 0.16386205625 0.322234946875 0.251213203125 0.2553357203125 0.30056498593750003 0.245940896875 0.348231853125 0.254656471875 0.4478513234375 0.2408547578125 0.5226722703125 0.2674393140625 0.593959878125 0.28148244375 0.5994233953125 0.30516180937500004 0.6375045140625 0.3521093125 0.6702038671875 0.40770079062500003 0.6854166390625 0.4688612359375 0.686757925 0.554621709375 0.659178459375 0.6251769781250001 0.6128528796875 0.6553459734375 0.5700606406250001 0.6884201625 0.56047489375 0.7087831109375 0.5218866375 0.70529688125 0.48203885 0.720260671875 0.4205004984375
9 0.325962590625 0.3713454578125 0.4005851265625 0.3715089625 0.402498053125 0.3546112734375 0.3774868 0.34006914374999997 0.3236384375 0.34478026562499997 0.27635130937499996 0.38572408125 0.2965444453125 0.383957409375 0.325962590625 0.3713454578125
9 0.483270596875 0.3475445921875 0.488088715625 0.363853390625 0.619634615625 0.3556906828125 0.5665371046875001 0.33022151875 0.5059576984375 0.3355215296875 0.483270596875 0.3475445921875
9 0.400415315625 0.408330546875 0.36809197656250003 0.3877360109375 0.34174883437500003 0.39673286874999997 0.3263738171875 0.4148083390625 0.400415315625 0.408330546875
9 0.516174971875 0.3747804265625 0.5013809921875 0.3994971953125 0.5490793484375 0.4020162625 0.5821535359375 0.3924305125 0.5430991546875 0.3724248671875 0.516174971875 0.3747804265625
9 0.4044825828125 0.454819634375 0.3860325625 0.4765101984375 0.3877756765625 0.4964340921875 0.4335611046875 0.5158508484375 0.4635602890625 0.50988019375 0.506440525 0.49609046093750003 0.5145034609375 0.47196258281250003 0.491986171875 0.4471640609375 0.481187859375 0.401263865625 0.456176603125 0.38672173593750003 0.42925242187499996 0.389077296875 0.40830843593750005 0.42102425312499997 0.4044825828125 0.454819634375
9 0.5207250703125 0.5818384437499999 0.5428311328125 0.563174084375 0.47685256875000004 0.545523996875 0.43646629687500005 0.5490573375000001 0.381867084375 0.5839487453125 0.42707147343749996 0.5967242046875 0.47726379531249996 0.5889868796875 0.5207250703125 0.5818384437499999
4 0.29346944218750004 0.387572503125 0.325962590625 0.3713454578125 0.4005851265625 0.3715089625 0.402498053125 0.3546112734375 0.3774868 0.34006914374999997 0.3236384375 0.34478026562499997 0.27635130937499996 0.38572408125 0.29346944218750004 0.387572503125
3 0.3263738171875 0.4148083390625 0.3973403109375 0.41194564062500005 0.36809197656250003 0.3877360109375 0.34174883437500003 0.39673286874999997 0.3263738171875 0.4148083390625
5 0.5207250703125 0.5818384437499999 0.5428311328125 0.563174084375 0.42474732031249995 0.5701590125 0.381867084375 0.5839487453125 0.42707147343749996 0.5967242046875 0.47418879062499997 0.5926019734375 0.5207250703125 0.5818384437499999
6 0.40830843593750005 0.42102425312499997 0.4044825828125 0.454819634375 0.3860325625 0.4765101984375 0.3877756765625 0.4964340921875 0.4335611046875 0.5158508484375 0.4604852859375 0.5134952875 0.506440525 0.49609046093750003 0.5145034609375 0.47196258281250003 0.491986171875 0.4471640609375 0.481187859375 0.401263865625 0.456176603125 0.38672173593750003 0.42925242187499996 0.389077296875 0.40830843593750005 0.42102425312499997
10 0.47685256875000004 0.545523996875 0.43646629687500005 0.5490573375000001 0.3947481359375 0.5761296671875 0.4185973140625 0.5773892015625 0.5220569578124999 0.55829945625 0.47685256875000004 0.545523996875
8 0.6013544093750001 0.34055966249999997 0.5665371046875001 0.33022151875 0.5059576984375 0.3355215296875 0.483270596875 0.3475445921875 0.488088715625 0.363853390625 0.6165596125 0.35930577656249996 0.6013544093750001 0.34055966249999997
7 0.5430991546875 0.3724248671875 0.516174971875 0.3747804265625 0.5013809921875 0.3994971953125 0.5460043453125001 0.40563135624999996 0.5821535359375 0.3924305125 0.5430991546875 0.3724248671875