0 0.473796109375 0 0 0.049797978124999996 0 0.526203890625 0.049797978124999996 1 0.526203890625 1 1 0.9502020218749999 1 0.473796109375 0.9502020218749999 0 0.473796109375 0
0 0.41618682968750004 0.705539 0.4428042453125 0.72733263125 0.47715795468750005 0.7455807875 0.5127648859375 0.7500354265625 0.601272646875 0.74346524375 0.6471223171875 0.716787375 0.686605959375 0.6552579281249999 0.6952614703125 0.5833068531250001 0.7190384390625 0.5780754328125 0.7256385546875 0.563719934375 0.6885785671875 0.365420496875 0.6555951234374999 0.3087752875 0.5988347109375 0.2573615 0.5045290109375 0.2344851140625 0.4510600921875 0.24010492499999997 0.3635714671875 0.2820886625 0.3414987671875 0.3035351125 0.315098309375 0.36095710312499996 0.3186238890625 0.3687836265625 0.32636018437500003 0.3652381515625 0.35078803125 0.5976535937499999 0.36375417187500003 0.6181496734375 0.3665946203125 0.6451747250000001 0.37603518125 0.657844278125 0.3956014375 0.663984859375 0.41618682968750004 0.705539
9 0.4428042453125 0.72733263125 0.47715795468750005 0.7455807875 0.5157223765625 0.752456940625 0.601272646875 0.74346524375 0.6471223171875 0.716787375 0.686605959375 0.6552579281249999 0.6952614703125 0.5833068531250001 0.7190384390625 0.5780754328125 0.7256385546875 0.563719934375 0.7106341406250001 0.472396740625 0.7011935796875 0.45972718593749995 0.6832145484375001 0.494405171875 0.6743420765625 0.487140628125 0.6638823796875 0.43905751718749997 0.6215754171875 0.34513921718749996 0.6008729828125 0.3281886140625 0.5730023453124999 0.3201885 0.5516147765625 0.3224364234375 0.5218057828125 0.34742835 0.3929122875 0.3555108828125 0.3654926953125 0.3775193140625 0.35286055625 0.41163531875 0.3687670625 0.5629756078125 0.3615988578125 0.5719260953124999 0.34737949375 0.56522353125 0.3665946203125 0.6451747250000001 0.37603518125 0.657844278125 0.3956014375 0.663984859375 0.41618682968750004 0.705539 0.4428042453125 0.72733263125
9 0.5618403875 0.4197266078125 0.541020909375 0.42737954218749996 0.5195162984375 0.45423100312500003 0.521220565625 0.470446034375 0.5348718421875 0.4717435859375 0.5705958156250001 0.4515946875 0.6382841 0.45267744218750006 0.61109859375 0.42547879999999993 0.5618403875 0.4197266078125
9 0.411893328125 0.48466914843750003 0.4849285015625 0.48518992031249997 0.4779772578125 0.573356028125 0.505847896875 0.5813561453125 0.5456655421875001 0.5744387828125 0.5683063296875 0.5583973421875 0.5654658828125 0.531372290625 0.5477209390625 0.5168432015625 0.5336186171875 0.485537103125 0.5134842734375 0.47399151093749997 0.487317903125 0.4822064265625 0.4856136359375 0.46599139375 0.45182801406250006 0.45314825000000003 0.4037059875 0.4582060796875 0.3834545984375 0.47126402343749996 0.382652421875 0.5150660859375 0.396420740625 0.491760103125 0.411893328125 0.48466914843750003
9 0.607907015625 0.4722643578125 0.566385103125 0.46296669062499995 0.5437443125 0.4790081296875 0.5550061859375 0.483289178125 0.607907015625 0.4722643578125
9 0.431910628125 0.5208182781249999 0.4705920953125 0.5030908953125001 0.4296382703125 0.49919823750000003 0.4075655703125 0.5206446890625 0.431910628125 0.5208182781249999
9 0.5603359515624999 0.6111498937500001 0.5127820125 0.6216127328125001 0.469889834375 0.650712115625 0.4811517078125 0.6549931640625 0.55361879375 0.6501089265625 0.60720475625 0.6198855796875 0.5603359515624999 0.6111498937500001
1 0.32636018437500003 0.3652381515625 0.3468114046875 0.559818521875 0.3615988578125 0.5719260953124999 0.3687670625 0.5629756078125 0.35286055625 0.41163531875 0.3654926953125 0.3775193140625 0.3929122875 0.3555108828125 0.5218057828125 0.34742835 0.5516147765625 0.3224364234375 0.6008729828125 0.3281886140625 0.6215754171875 0.34513921718749996 0.6638823796875 0.43905751718749997 0.6743420765625 0.487140628125 0.6832145484375001 0.494405171875 0.7035829796875 0.4567436921875 0.6973339953125001 0.397288578125 0.6815274078125 0.349767446875 0.643197071875 0.29368422031249997 0.5988347109375 0.2573615 0.5045290109375 0.2344851140625 0.4510600921875 0.24010492499999997 0.3486669703125 0.2945846265625 0.315098309375 0.36095710312499996 0.3186238890625 0.3687836265625 0.32636018437500003 0.3652381515625
4 0.5195162984375 0.45423100312500003 0.5153055859375 0.46560300468750004 0.52417805625 0.47286754843749995 0.5705958156250001 0.4515946875 0.6382841 0.45267744218750006 0.61109859375 0.42547879999999993 0.5618403875 0.4197266078125 0.541020909375 0.42737954218749996 0.5195162984375 0.45423100312500003
3 0.566385103125 0.46296669062499995 0.5437443125 0.4790081296875 0.5579636765625 0.48571069375000003 0.607907015625 0.4722643578125 0.566385103125 0.46296669062499995
5 0.48240493124999995 0.6411996484375 0.469889834375 0.650712115625 0.4841091984375 0.6574146796875 0.55361879375 0.6501089265625 0.60720475625 0.6198855796875 0.5561252390625 0.62252189375 0.48240493124999995 0.6411996484375
10 0.544295275 0.6128358359375 0.5127820125 0.6216127328125001 0.49309871406249994 0.6400756859375 0.590595990625 0.6161665125 0.544295275 0.6128358359375
6 0.47570490000000004 0.5517359890625 0.4779772578125 0.573356028125 0.5088053875 0.583777659375 0.5456655421875001 0.5744387828125 0.5683063296875 0.5583973421875 0.5654658828125 0.531372290625 0.5477209390625 0.5168432015625 0.5336186171875 0.485537103125 0.5134842734375 0.47399151093749997 0.497443596875 0.475677453125 0.48014969843750005 0.4911569125 0.47570490000000004 0.5517359890625
8 0.4037059875 0.4582060796875 0.38106519687499996 0.47424751875000004 0.382652421875 0.5150660859375 0.396420740625 0.491760103125 0.411893328125 0.48466914843750003 0.48197101093750006 0.48276840625000006 0.4885711265625 0.468412909375 0.45182801406250006 0.45314825000000003 0.4037059875 0.4582060796875
7 0.4705920953125 0.5030908953125001 0.4296382703125 0.49919823750000003 0.4105230609375 0.5230662015624999 0.4705920953125 0.5030908953125001