0 0.48253961562500003 0 0 0.0337424578125 0 0.517460384375 0.0337424578125 1 0.517460384375 1 1 0.9662575421874999 1 0.48253961562500003 0.9662575421874999 0 0.48253961562500003 0
0 0.3860216046875 0.730030059375 0.4164199734375 0.756454959375 0.488519615625 0.789480675 0.549161978125 0.7947570015625 0.6274209390625 0.779767746875 0.69583423125 0.7147104203125 0.7347321453125 0.635855584375 0.7527902421875 0.6219037015625 0.756454959375 0.5835800265625 0.774071559375 0.563314446875 0.784049971875 0.5245492734375 0.7814009921875 0.4866670953125 0.76025241875 0.45642310156250004 0.7518639828125 0.33646286875000003 0.7154390359375 0.269219690625 0.6575783984375 0.21299229375 0.5602239703125 0.181732565625 0.45964632187500004 0.195110209375 0.4167749359375 0.21714177499999998 0.38110024062500003 0.2513592375 0.3253143421875 0.3155335734375 0.3144529359375 0.3416713515625 0.2921558828125 0.4764664640625 0.30597502187500003 0.58335780625 0.3860216046875 0.730030059375
9 0.4164199734375 0.756454959375 0.488519615625 0.789480675 0.5525395750000001 0.7976931015625001 0.6274209390625 0.779767746875 0.69583423125 0.7147104203125 0.7347321453125 0.635855584375 0.7527902421875 0.6219037015625 0.756454959375 0.5835800265625 0.774071559375 0.563314446875 0.784049971875 0.5245492734375 0.7814009921875 0.4866670953125 0.763630015625 0.459359203125 0.7485080187500001 0.46993348749999997 0.750715503125 0.501501971875 0.738088109375 0.502384965625 0.68696103125 0.3156230484375 0.6295418890625 0.26570935 0.40269030937499994 0.28791692812499997 0.3703932109375 0.32507049062500004 0.362180784375 0.3890904484375 0.3359102625 0.46706229062500004 0.3394422359375 0.5175718609375 0.3216712578125 0.49026396875 0.293480371875 0.4954075515625 0.30597502187500003 0.58335780625 0.3860216046875 0.730030059375 0.4164199734375 0.756454959375
9 0.5496929515625 0.439424009375 0.5602672359375 0.45454600625 0.6355900984375 0.4429343484375 0.664663978125 0.450418159375 0.6836050671875 0.44909367031249997 0.6595203953125 0.42222727187500003 0.633382615625 0.4113658671875 0.5770008437499999 0.42165303437499996 0.5496929515625 0.439424009375
9 0.4692265046875 0.42284478124999997 0.41240323593749995 0.4268182515625 0.38509534375 0.4445892265625 0.3742339375 0.47072700625 0.3956696296875 0.459711221875 0.49081657500000003 0.45940246875 0.5054970734374999 0.4425144859375 0.4692265046875 0.42284478124999997
9 0.45968959062500003 0.4679236484375 0.42180740937500005 0.4705726296875 0.40081321406250003 0.4879021078125 0.4138821046875 0.49333281093750003 0.46776927187500006 0.49273693906249993 0.48289126875 0.4821626515625 0.45968959062500003 0.4679236484375
9 0.643228284375 0.4614339421875 0.5927187140625 0.464965915625 0.5839104125000001 0.47509870468750004 0.59066560625 0.4809709046875 0.644552775 0.4803750328125 0.6596747703125 0.46980074531250005 0.643228284375 0.4614339421875
9 0.49596015937500004 0.48759335468750004 0.4760033328125 0.5651237 0.487019115625 0.5865593921875 0.522406690625 0.5936017062500001 0.5510390734375 0.59477181875 0.60316025625 0.568921159375 0.5946390765625 0.5377941734375 0.5743734953125 0.5201775750000001 0.5654108203125 0.48273689218750004 0.5485228359375001 0.46805639218749995 0.5106406578125 0.470705371875 0.49596015937500004 0.48759335468750004
9 0.51492288125 0.6226755859375 0.4695568921875 0.6543984453125 0.4999552625 0.68082334375 0.5353428375 0.68786565625 0.5824748140625 0.681397584375 0.62739930625 0.643361028125 0.578059846875 0.61826061875 0.51492288125 0.6226755859375
1 0.68696103125 0.3156230484375 0.69768969375 0.37831851875 0.74146570625 0.5053210640625 0.750715503125 0.501501971875 0.7485080187500001 0.46993348749999997 0.76025241875 0.45642310156250004 0.7518639828125 0.33646286875000003 0.7154390359375 0.269219690625 0.6575783984375 0.21299229375 0.5602239703125 0.181732565625 0.4844596109375 0.187030525 0.4167749359375 0.21714177499999998 0.3253143421875 0.3155335734375 0.2999268125 0.40613280781250005 0.2921558828125 0.4764664640625 0.2964164734375 0.49202995625 0.32504885625 0.49320006875000005 0.336506134375 0.5209494578125 0.3359102625 0.46706229062500004 0.362180784375 0.3890904484375 0.3703932109375 0.32507049062500004 0.40269030937499994 0.28791692812499997 0.6295418890625 0.26570935 0.68696103125 0.3156230484375
4 0.5602672359375 0.45454600625 0.6355900984375 0.4429343484375 0.6680415749999999 0.453354259375 0.6836050671875 0.44909367031249997 0.676408378125 0.4369077734375 0.633382615625 0.4113658671875 0.5770008437499999 0.42165303437499996 0.5496929515625 0.439424009375 0.5602672359375 0.45454600625
3 0.5927187140625 0.464965915625 0.5839104125000001 0.47509870468750004 0.594043203125 0.48390700625000005 0.644552775 0.4803750328125 0.6596747703125 0.46980074531250005 0.643228284375 0.4614339421875 0.5927187140625 0.464965915625
5 0.4695568921875 0.6543984453125 0.4999552625 0.68082334375 0.538720434375 0.6908017578125001 0.5824748140625 0.681397584375 0.62739930625 0.643361028125 0.5685229296875 0.6633394874999999 0.4695568921875 0.6543984453125
10 0.578059846875 0.61826061875 0.51492288125 0.6226755859375 0.48467888906249995 0.643824159375 0.607575221875 0.632058125 0.578059846875 0.61826061875
2 0.4817427890625 0.6472017546875 0.48556188125000005 0.6564515515625 0.5306407515625 0.6659884671875 0.5685229296875 0.6633394874999999 0.6118358140625 0.6476216171875 0.614330415625 0.637930325 0.5852565375000001 0.630446515625 0.50317848125 0.636185971875 0.4817427890625 0.6472017546875
6 0.4760033328125 0.5651237 0.487019115625 0.5865593921875 0.5257842890625 0.59653780625 0.5758523640625001 0.5866921359374999 0.60316025625 0.568921159375 0.601835765625 0.5499800703125 0.5815701859375 0.5323634703125 0.5654108203125 0.48273689218750004 0.5485228359375001 0.46805639218749995 0.5106406578125 0.470705371875 0.49596015937500004 0.48759335468750004 0.4760033328125 0.5651237
8 0.41240323593749995 0.4268182515625 0.38509534375 0.4445892265625 0.383483734375 0.46690791249999997 0.49081657500000003 0.45940246875 0.5054970734374999 0.4425144859375 0.4692265046875 0.42284478124999997 0.41240323593749995 0.4268182515625
7 0.42180740937500005 0.4705726296875 0.40081321406250003 0.4879021078125 0.41725969999999996 0.4962689125 0.46776927187500006 0.49273693906249993 0.48289126875 0.4821626515625 0.45968959062500003 0.4679236484375 0.42180740937500005 0.4705726296875