0 0.4956365609375 0 0 0.008651368750000001 0 0.5043634390625 0.008651368750000001 1 0.5043634390625 1 1 0.99134863125 1 0.4956365609375 0.99134863125 0 0.4956365609375 0
0 0.7802311640624999 0.353910571875 0.76802023125 0.3364739671875 0.7550906703125 0.2778671625 0.6731545171875 0.1881070046875 0.61302380625 0.153857096875 0.5532010796875 0.1372515578125 0.505589284375 0.138082625 0.4166251515625 0.1572852484375 0.351672240625 0.18783525 0.28451355 0.262548121875 0.2499339765625 0.32786745 0.24470113124999998 0.3691415328125 0.2273600140625 0.3988604671875 0.2343381 0.45757115312499996 0.30144689687500004 0.5505317484375001 0.32053325625 0.620797584375 0.332538865625 0.626471275 0.35100925625 0.661448365625 0.40226408593749996 0.6987948281249999 0.4381782546875 0.7099344421875 0.4947685921875 0.711888278125 0.5689053687500001 0.69588609375 0.6337556203125 0.6594546343750001 0.662897025 0.6236464749999999 0.704454684375 0.617037834375 0.7366231546875001 0.5841184625 0.759710425 0.5425327296875 0.7821817265625 0.4656582546875 0.7802311640624999 0.353910571875
1 0.7246146703125 0.23721638125000002 0.6370350250000001 0.165204478125 0.5532010796875 0.1372515578125 0.505589284375 0.138082625 0.4166251515625 0.1572852484375 0.351672240625 0.18783525 0.28451355 0.262548121875 0.2499339765625 0.32786745 0.239057640625 0.3868897859375 0.2273600140625 0.3988604671875 0.2343381 0.45757115312499996 0.2893386265625 0.5389766015624999 0.29841982968749997 0.5476429625 0.3129392015625 0.5267981546875 0.316734790625 0.4031836734375 0.32791911093750004 0.3618057078125 0.38974229375 0.3224854625 0.4482304265625 0.2626320578125 0.4776798140625 0.24446826875 0.5729034046875 0.242806134375 0.6208231828125 0.2596194390625 0.6421153171875 0.2857224046875 0.6734126078125 0.3734248421875 0.6810066625 0.46742427343750004 0.6961420015625001 0.48186820625 0.7199478984375001 0.48145267187499996 0.729029103125 0.49011903281249997 0.712201290625 0.5492452531249999 0.7128172578124999 0.5845339953125 0.6954761421875 0.61425293125 0.704454684375 0.617037834375 0.7366231546875001 0.5841184625 0.759710425 0.5425327296875 0.7821817265625 0.4656582546875 0.7802311640624999 0.353910571875 0.76802023125 0.3364739671875 0.7550906703125 0.2778671625 0.7246146703125 0.23721638125000002
9 0.7291317640625 0.496000490625 0.7199478984375001 0.48145267187499996 0.6961420015625001 0.48186820625 0.6810066625 0.46742427343750004 0.6734126078125 0.3734248421875 0.6421153171875 0.2857224046875 0.6208231828125 0.2596194390625 0.5729034046875 0.242806134375 0.4658795265625 0.25055749375 0.38974229375 0.3224854625 0.32791911093750004 0.3618057078125 0.316734790625 0.4031836734375 0.318274709375 0.49140552812499994 0.301549559375 0.55641320625 0.32053325625 0.620797584375 0.332538865625 0.626471275 0.35100925625 0.661448365625 0.3902584765625 0.6931211375 0.4381782546875 0.7099344421875 0.491844184375 0.7148809484374999 0.5689053687500001 0.69588609375 0.6337556203125 0.6594546343750001 0.662897025 0.6236464749999999 0.6925517343750001 0.6172456015625001 0.7128172578124999 0.5845339953125 0.712201290625 0.5492452531249999 0.7291317640625 0.496000490625
9 0.38563872187500003 0.42845557031250003 0.45120760156250006 0.43319431093749994 0.453926684375 0.41843872812500005 0.432839871875 0.4040986765625 0.38522807812500004 0.40492974375 0.34115665625 0.43805688125 0.359011078125 0.43774523125 0.38563872187500003 0.42845557031250003
9 0.525344378125 0.41719212656250004 0.5285767671875 0.4318438265625 0.6446818484375 0.43275882968749996 0.599583815625 0.40707139843749995 0.5460205453125 0.40800634999999996 0.525344378125 0.41719212656250004
9 0.4487965015625 0.46559426718749997 0.4216555515625 0.4454766421875 0.397952315625 0.45177363281250005 0.3833302828125 0.46673698437500005 0.4487965015625 0.46559426718749997
9 0.5525879875 0.44319120781250004 0.5380686171875 0.46403601562499996 0.579831596875 0.469190290625 0.6094863078125 0.462789415625 0.5763938859375 0.4427756734375 0.5525879875 0.44319120781250004
9 0.4495151296875 0.506764465625 0.4319686890625 0.5247204875 0.4322766734375 0.5423648578125 0.4713205703125 0.562274715625 0.498050875 0.5588665125000001 0.5365814671875 0.549369084375 0.5451493640625 0.528628159375 0.5268842953124999 0.5054139828124999 0.5202141921875 0.4643476671875 0.49912737968750004 0.45000761562499997 0.47532148281250003 0.45042314843750003 0.454953296875 0.477253296875 0.4495151296875 0.506764465625
9 0.5438675374999999 0.6257241421875 0.56444104375 0.6106569078125 0.5075427234375 0.5910586999999999 0.4718338765625 0.591682 0.4217083203125 0.6190315671875 0.46064955625000004 0.633059965625 0.505234284375 0.6293401125 0.5438675374999999 0.6257241421875
4 0.3560866734375 0.4407379015625 0.38563872187500003 0.42845557031250003 0.45120760156250006 0.43319431093749994 0.453926684375 0.41843872812500005 0.432839871875 0.4040986765625 0.38522807812500004 0.40492974375 0.34115665625 0.43805688125 0.3560866734375 0.4407379015625
3 0.3833302828125 0.46673698437500005 0.44587209375 0.4685869375 0.4216555515625 0.4454766421875 0.397952315625 0.45177363281250005 0.3833302828125 0.46673698437500005
5 0.5438675374999999 0.6257241421875 0.56444104375 0.6106569078125 0.4602389109375 0.6095341390625 0.4217083203125 0.6190315671875 0.46064955625000004 0.633059965625 0.5023098765625 0.6323327828124999 0.5438675374999999 0.6257241421875
6 0.454953296875 0.477253296875 0.4495151296875 0.506764465625 0.4319686890625 0.5247204875 0.4322766734375 0.5423648578125 0.4713205703125 0.562274715625 0.49512646875 0.5618591828125 0.5365814671875 0.549369084375 0.5451493640625 0.528628159375 0.5268842953124999 0.5054139828124999 0.5202141921875 0.4643476671875 0.49912737968750004 0.45000761562499997 0.47532148281250003 0.45042314843750003 0.454953296875 0.477253296875
10 0.5075427234375 0.5910586999999999 0.4718338765625 0.591682 0.4335086078125 0.6129423421875 0.4543901 0.6155194796875 0.5464839609375 0.6050871015625 0.5075427234375 0.5910586999999999
8 0.6295465109375 0.418314896875 0.599583815625 0.40707139843749995 0.5460205453125 0.40800634999999996 0.525344378125 0.41719212656250004 0.5285767671875 0.4318438265625 0.6417574421875 0.4357515 0.6295465109375 0.418314896875
7 0.5763938859375 0.4427756734375 0.5525879875 0.44319120781250004 0.5380686171875 0.46403601562499996 0.5769071921875 0.4721829609375 0.6094863078125 0.462789415625 0.5763938859375 0.4427756734375