0 0.4606491453125 0 0 0.0729596578125 0 0.5393508546875 0.0729596578125 1 0.5393508546875 1 1 0.9270403421875001 1 0.4606491453125 0.9270403421875001 0 0.4606491453125 0
0 0.3745631015625 0.7044932453125 0.40484870624999997 0.726497025 0.47427916718749996 0.751234384375 0.5308538203125 0.7512073546875 0.602097659375 0.7309899234375 0.6601699437499999 0.66521324375 0.6897970328125 0.5890526484375 0.7053864203125 0.5746721765625 0.7056751359375 0.5388923859375 0.7203443218750001 0.5187019828125 0.7264429671875 0.48200198906249997 0.72092175 0.4471424 0.69889094375 0.4208533515625 0.6814070921875001 0.3104646546875 0.642235203125 0.251156421875 0.5841088609375 0.2037837984375 0.49143867343750003 0.18272725 0.3993999734375 0.203260425 0.36149106249999996 0.2271316390625 0.3312324875 0.2617025125 0.284780065625 0.3256387859375 0.2768410125 0.35071891875 0.2671156140625 0.477328490625 0.288568990625 0.575177121875 0.3745631015625 0.7044932453125
9 0.40484870624999997 0.726497025 0.47427916718749996 0.751234384375 0.5342188875 0.75365221875 0.602097659375 0.7309899234375 0.6601699437499999 0.66521324375 0.6897970328125 0.5890526484375 0.7053864203125 0.5746721765625 0.7056751359375 0.5388923859375 0.7203443218750001 0.5187019828125 0.7264429671875 0.48200198906249997 0.72092175 0.4471424 0.7022560109375 0.42329821562500003 0.6891114859374999 0.4343136203125 0.6937125 0.46336327656250004 0.6820926359375 0.4652036828125 0.619626965625 0.29642695625000004 0.5624208265624999 0.2548642625 0.354183496875 0.29380149375000003 0.327289990625 0.33081723125 0.3248721546875 0.39075695 0.30686493125 0.46507714062499994 0.31422655312500003 0.5115565906249999 0.2955608109375 0.4877124078125 0.26987622187500004 0.49475828593750004 0.288568990625 0.575177121875 0.3745631015625 0.7044932453125 0.40484870624999997 0.726497025
9 0.50256219375 0.4221703859375 0.513577596875 0.435314909375 0.5823765703125 0.41846254375 0.6099015671875 0.4230365296875 0.6273313609375 0.42027592187499996 0.6028556890625001 0.397351940625 0.5777755578125 0.38941288749999997 0.5264063765625 0.40350464375 0.50256219375 0.4221703859375
9 0.42671734062500005 0.413338159375 0.3744279578125 0.42161998437500003 0.3505837734375 0.440285725 0.342644721875 0.46536585468749997 0.361599178125 0.4534302484375 0.44966835156249996 0.4454371390625 0.4618926734375 0.4286118046875 0.42671734062500005 0.413338159375
9 0.421538896875 0.455848084375 0.38667930781250004 0.4613693 0.36864505625 0.47911483906249996 0.38118512031249996 0.483084365625 0.4310296390625 0.4781676078125 0.4441741640625 0.46715220312500005 0.421538896875 0.455848084375
9 0.5909471109375 0.43497213593749995 0.544467659375 0.44233375781250006 0.537133065625 0.452428959375 0.5438632 0.4573186890625 0.59370771875 0.45240193125 0.60685224375 0.4413865265625 0.5909471109375 0.43497213593749995
9 0.4567142296875 0.4711217296875 0.44451693593749997 0.5445217171875 0.45645254375000005 0.5634761734375 0.4897874703125 0.56712995625 0.5163922624999999 0.565894009375 0.5625559703125 0.537737525 0.552145025 0.509608071875 0.531954621875 0.49493888437500005 0.5206234750000001 0.46099949999999995 0.5037981406250001 0.448775178125 0.46893855 0.45429639374999997 0.4567142296875 0.4711217296875
9 0.4852134859375 0.59465495 0.4457799109375 0.6277011625 0.47606551562500005 0.6497049406250001 0.5094004421875 0.6533587234375 0.5525148265625 0.6435522375 0.5910281984375 0.6046960953125 0.5433127984375 0.5854529234375 0.4852134859375 0.59465495
1 0.619626965625 0.29642695625000004 0.634638925 0.3536060671875 0.685457703125 0.467648546875 0.6937125 0.46336327656250004 0.6891114859374999 0.4343136203125 0.69889094375 0.4208533515625 0.6814070921875001 0.3104646546875 0.642235203125 0.251156421875 0.5841088609375 0.2037837984375 0.49143867343750003 0.18272725 0.42171949687500004 0.1937696828125 0.36149106249999996 0.2271316390625 0.284780065625 0.3256387859375 0.26861324531249997 0.41157883906250003 0.2671156140625 0.477328490625 0.272321084375 0.49139321875 0.29892587812500004 0.49015727187499997 0.3117816875 0.5149216578125 0.30686493125 0.46507714062499994 0.3248721546875 0.39075695 0.327289990625 0.33081723125 0.354183496875 0.29380149375000003 0.5624208265624999 0.2548642625 0.619626965625 0.29642695625000004
4 0.513577596875 0.435314909375 0.5823765703125 0.41846254375 0.6132666343750001 0.42548139375 0.6273313609375 0.42027592187499996 0.6196810234375 0.4095762609375 0.5777755578125 0.38941288749999997 0.5264063765625 0.40350464375 0.50256219375 0.4221703859375 0.513577596875 0.435314909375
3 0.544467659375 0.44233375781250006 0.537133065625 0.452428959375 0.5472282671875 0.459763553125 0.59370771875 0.45240193125 0.60685224375 0.4413865265625 0.5909471109375 0.43497213593749995 0.544467659375 0.44233375781250006
5 0.4457799109375 0.6277011625 0.47606551562500005 0.6497049406250001 0.512765509375 0.6558035875 0.5525148265625 0.6435522375 0.5910281984375 0.6046960953125 0.53813435625 0.6279628484375 0.4457799109375 0.6277011625
10 0.5433127984375 0.5854529234375 0.4852134859375 0.59465495 0.4589244359375 0.6166857593749999 0.5717579984375 0.5958368390625 0.5433127984375 0.5854529234375
2 0.456479571875 0.6200508265625 0.4607648421875 0.6283056218749999 0.5032747671875 0.6334840640625 0.53813435625 0.6279628484375 0.5769634703125 0.6099015671875 0.5784881328125 0.6007265687500001 0.5509631359375 0.5961525828124999 0.475434028125 0.60811521875 0.456479571875 0.6200508265625
6 0.44451693593749997 0.5445217171875 0.45645254375000005 0.5634761734375 0.4931525375 0.5695748203125001 0.5387117859375 0.5564032671875 0.5625559703125 0.537737525 0.5597953625 0.5203077296874999 0.539604959375 0.5056385453125001 0.5206234750000001 0.46099949999999995 0.5037981406250001 0.448775178125 0.46893855 0.45429639374999997 0.4567142296875 0.4711217296875 0.44451693593749997 0.5445217171875
8 0.3744279578125 0.42161998437500003 0.3505837734375 0.440285725 0.3508995171875 0.46108058593749995 0.44966835156249996 0.4454371390625 0.4618926734375 0.4286118046875 0.42671734062500005 0.413338159375 0.3744279578125 0.42161998437500003
7 0.38667930781250004 0.4613693 0.36864505625 0.47911483906249996 0.38455018750000003 0.48552922968749995 0.4310296390625 0.4781676078125 0.4441741640625 0.46715220312500005 0.421538896875 0.455848084375 0.38667930781250004 0.4613693