0 0.447447884375 0 0 0.095107984375 0 0.552552115625 0.095107984375 1 0.552552115625 1 1 0.904892015625 1 0.447447884375 0.904892015625 0 0.447447884375 0
0 0.3978378 0.7555484671875 0.46657169375 0.7844424812499999 0.528292178125 0.7967006375000001 0.55767786875 0.795892496875 0.5996344140625001 0.78878701875 0.6543600734374999 0.751777471875 0.6815525250000001 0.707931665625 0.6978469281249999 0.653713684375 0.702307753125 0.609261653125 0.6997551671875 0.5481737609375 0.67580300625 0.4191280609375 0.6765588671875 0.389964828125 0.6636658390625 0.31294825937500004 0.6481644671875 0.2727393234375 0.61307883125 0.22219186406250002 0.5824168484375 0.19245605625 0.5397416125000001 0.1634610859375 0.4765465765625 0.1442657140625 0.435147634375 0.14581468749999998 0.35529885 0.1627870703125 0.3083424625 0.18726924375 0.2702519671875 0.22074287812499999 0.2260464234375 0.28270621406249996 0.21196384531249998 0.3473300203125 0.22410101249999997 0.4535098234375 0.2104149515625 0.4709201703125 0.2126081921875 0.5139578375 0.2631951984375 0.6047142328125 0.2775813640625 0.656036178125 0.2844151015625 0.663646925 0.2890370125 0.660851846875 0.28407434375 0.612964859375 0.3005112484375 0.633035675 0.3167498953125 0.6767132203124999 0.359226871875 0.729314921875 0.3978378 0.7555484671875
1 0.650717053125 0.333827215625 0.6720980437499999 0.4344168625 0.6796690562500001 0.4454962171875 0.665877665625 0.323354084375 0.6481644671875 0.2727393234375 0.61307883125 0.22219186406250002 0.5824168484375 0.19245605625 0.5168303140625 0.153829746875 0.45917413749999997 0.14433301875 0.35529885 0.1627870703125 0.3083424625 0.18726924375 0.2702519671875 0.22074287812499999 0.2532388734375 0.2388604078125 0.2216041828125 0.2945264046875 0.2115859140625 0.3619116375 0.22410101249999997 0.4535098234375 0.244422553125 0.467316953125 0.271020228125 0.494291334375 0.2772963640625 0.5074585859375 0.290784165625 0.5136549671874999 0.2965212828125 0.49974688125 0.29026373437499997 0.45394778750000003 0.293609353125 0.4206087625 0.30693607031250003 0.3851481921875 0.3058394484375 0.3636293578125 0.2851585625 0.331772003125 0.279997634375 0.30749174375 0.2840805296875 0.277621328125 0.307208671875 0.2310140953125 0.34603644375 0.20100907031249998 0.41257709687500005 0.1868654171875 0.431064740625 0.17568510312500002 0.46766209999999997 0.1679060953125 0.529382584375 0.18016425 0.578711884375 0.20774485625 0.6307920296875 0.2728066265625 0.650717053125 0.333827215625
1 0.2652273546875 0.6060949453125 0.268356128125 0.6289944921874999 0.2844151015625 0.663646925 0.2890370125 0.660851846875 0.2827794640625 0.615052753125 0.2652273546875 0.6060949453125
9 0.46657169375 0.7844424812499999 0.4961370578125 0.7926594546875 0.559710021875 0.7972732109375 0.5996344140625001 0.78878701875 0.630692915625 0.7713093671875 0.6543600734374999 0.751777471875 0.6815525250000001 0.707931665625 0.6978469281249999 0.653713684375 0.702307753125 0.609261653125 0.6927603437500001 0.49890605781249997 0.6817012109375 0.44687693125 0.6720980437499999 0.4344168625 0.654762775 0.3692204828125 0.6370681640625 0.28597387812499997 0.6252531703125 0.2631079828125 0.578711884375 0.20774485625 0.55229388125 0.1897955875 0.4998172203125 0.1719472765625 0.46766209999999997 0.1679060953125 0.431064740625 0.17568510312500002 0.41257709687500005 0.1868654171875 0.34603644375 0.20100907031249998 0.307208671875 0.2310140953125 0.2840805296875 0.277621328125 0.279997634375 0.30749174375 0.2851585625 0.331772003125 0.3058394484375 0.3636293578125 0.30693607031250003 0.3851481921875 0.295461834375 0.4129643625 0.29026373437499997 0.45394778750000003 0.29466880156249997 0.50739128125 0.287457134375 0.51436215 0.2772963640625 0.5074585859375 0.271020228125 0.494291334375 0.226133165625 0.4548905375 0.2194791015625 0.45630490156250003 0.2104149515625 0.4709201703125 0.209659090625 0.5000834046875 0.22035887656250003 0.53406230625 0.2591308921875 0.6019528078125 0.2901708046875 0.617106996875 0.3167498953125 0.6767132203124999 0.359226871875 0.729314921875 0.3978378 0.7555484671875 0.46657169375 0.7844424812499999
9 0.36662439999999996 0.396025634375 0.3531180109375 0.42246109374999996 0.41208764999999997 0.39723808437499997 0.490263625 0.3969352140625 0.5074563921874999 0.387842796875 0.50727671875 0.378817684375 0.4782689578125 0.36504420625 0.450178146875 0.36376445 0.386964525 0.3772009203125 0.36662439999999996 0.396025634375
9 0.5386945640625 0.3793902578125 0.5503298859375 0.3932310390625 0.6128062296875 0.3763259609375 0.6551221218750001 0.3872707078125 0.657711878125 0.383094915625 0.6385055421875 0.3581747796875 0.5995166843749999 0.34652285 0.5603295687500001 0.35847765 0.5386945640625 0.3793902578125
9 0.43609556875 0.42838825625 0.4028252421875 0.43546008281250004 0.39561357343750003 0.44243095156249995 0.43774979218750004 0.44435058749999995 0.47102011875 0.4372787609375 0.43609556875 0.42838825625
9 0.492797625 0.49065494843749996 0.482797940625 0.5254083374999999 0.5025618796875 0.5447719703125 0.5474675265625 0.5515409265625 0.58129545625 0.538912596875 0.5996034296875 0.518707171875 0.5944425 0.4944269109375 0.5767107171875 0.476443990625 0.5556704859375 0.42653641249999996 0.534054065625 0.414817178125 0.514091871875 0.4190602734375 0.4950466234375 0.43579709062500005 0.492797625 0.49065494843749996
9 0.6087233359375 0.4061963765625 0.5787800421875 0.4125610203125 0.5689786156250001 0.42370768124999997 0.5896780875000001 0.42293319374999994 0.6329295125 0.41373981875 0.6087233359375 0.4061963765625
9 0.474811825 0.5941742828125001 0.46427312499999995 0.601852334375 0.522846246875 0.6238427843750001 0.5522319390625 0.6230346453125 0.5934512093750001 0.6124605578125 0.6295095500000001 0.5776062125 0.612694715625 0.5721170125 0.5454167859375 0.5827920546875001 0.5239800390625 0.580097934375 0.474811825 0.5941742828125001
4 0.5503298859375 0.3932310390625 0.6128062296875 0.3763259609375 0.657154275 0.3886514203125 0.6385055421875 0.3581747796875 0.5995166843749999 0.34652285 0.5603295687500001 0.35847765 0.5386945640625 0.3793902578125 0.5503298859375 0.3932310390625
3 0.5787800421875 0.4125610203125 0.5689786156250001 0.42370768124999997 0.5917102421875 0.42431390625 0.6329295125 0.41373981875 0.6087233359375 0.4061963765625 0.5787800421875 0.4125610203125
5 0.46427312499999995 0.601852334375 0.522846246875 0.6238427843750001 0.5542640921875 0.6244153578125 0.5934512093750001 0.6124605578125 0.6295095500000001 0.5776062125 0.5450388562499999 0.5973736734374999 0.46427312499999995 0.601852334375
10 0.474811825 0.5941742828125001 0.4709271890625 0.60043796875 0.5450388562499999 0.5973736734374999 0.611579509375 0.5832300203125 0.6221182093750001 0.5755519671875 0.612694715625 0.5721170125 0.5454167859375 0.5827920546875001 0.5239800390625 0.580097934375 0.474811825 0.5941742828125001
6 0.482797940625 0.5254083374999999 0.5025618796875 0.5447719703125 0.5494996796875 0.5529216406249999 0.58129545625 0.538912596875 0.5996034296875 0.518707171875 0.5944425 0.4944269109375 0.582249575 0.486142634375 0.5556704859375 0.42653641249999996 0.534054065625 0.414817178125 0.514091871875 0.4190602734375 0.4950466234375 0.43579709062500005 0.492797625 0.49065494843749996 0.482797940625 0.5254083374999999
8 0.41208764999999997 0.39723808437499997 0.4808401296875 0.39350025781250003 0.4922957796875 0.3983159265625 0.5074563921874999 0.387842796875 0.50727671875 0.378817684375 0.4782689578125 0.36504420625 0.450178146875 0.36376445 0.386964525 0.3772009203125 0.36662439999999996 0.396025634375 0.3531180109375 0.42246109374999996 0.41208764999999997 0.39723808437499997
7 0.4028252421875 0.43546008281250004 0.39561357343750003 0.44243095156249995 0.439781946875 0.44573129843750003 0.47102011875 0.4372787609375 0.43609556875 0.42838825625 0.4028252421875 0.43546008281250004