0 0.0337424578125 0 0 0.48253961562500003 0 0.9662575421874999 0.48253961562500003 1 0.9662575421874999 1 1 0.517460384375 1 0.0337424578125 0.517460384375 0 0.0337424578125 0
0 0.7394258015624999 0.6599482671875 0.7462448187499999 0.6092801046874999 0.7822284125000001 0.5163256656249999 0.7785555875 0.47515284218750004 0.763204590625 0.46044072968750005 0.7605425578125 0.35796459375 0.7384959890625 0.29845862031250003 0.6881461421874999 0.245497653125 0.6474268375000001 0.21878261875 0.59947570625 0.2017908828125 0.5212353890625 0.1963197875 0.481640696875 0.200370390625 0.42408506875 0.22703270468749998 0.387363628125 0.26026638750000003 0.362170865625 0.2926014015625 0.3355545015625 0.345294865625 0.3261872734375 0.38555584062500003 0.3242274140625 0.460431453125 0.3288493046875 0.488031978125 0.32333044218749996 0.613803715625 0.3290769453125 0.6721698765624999 0.3392697953125 0.713798625 0.3620281640625 0.763125375 0.393767 0.8011462671875 0.4507863703125 0.8290011140625 0.49165516875000004 0.83015410625 0.51972118125 0.827002171875 0.576802275 0.8071260078125 0.6383297156250001 0.7705124296875 0.671553878125 0.740443859375 0.704927534375 0.6848132437500001 0.71453203125 0.6411591953125 0.7274843109375 0.6199020749999999 0.729171228125 0.66605053125 0.7339426140625 0.6680890125000001 0.7394258015624999 0.6599482671875
1 0.6134031046875 0.23686144531250003 0.6543596734375 0.2601834046875 0.6826012296874999 0.30136941093749997 0.690483134375 0.3291978984375 0.688822265625 0.352949421875 0.67340954375 0.38596832187499996 0.6752459562500001 0.40655473593749997 0.6926706328125001 0.43846018437499995 0.700315271875 0.4696817453125 0.7004908140625 0.5140196828125 0.7078104125 0.526465353125 0.7198136265625 0.5187805328125 0.7240227078125 0.5054361953125001 0.7457181890625 0.47626629375 0.763204590625 0.46044072968750005 0.762853503125 0.37176485625 0.7443042140625 0.30909376875 0.706757153125 0.260437728125 0.6881461421874999 0.245497653125 0.6474268375000001 0.21878261875 0.59947570625 0.2017908828125 0.49817802968749997 0.1981171265625 0.44459421718750003 0.21482817812500002 0.387363628125 0.26026638750000003 0.362170865625 0.2926014015625 0.3355545015625 0.345294865625 0.3254754734375 0.395735065625 0.328699809375 0.513594021875 0.3344202640625 0.5020602015625 0.3413010046875 0.40366102656249997 0.3520918359375 0.3430416015625 0.3929345859375 0.2742946125 0.4361760546875 0.241516853125 0.4932571484375 0.2216406890625 0.5291172937499999 0.22414827499999998 0.5482028390625 0.2323021984375 0.6134031046875 0.23686144531250003
1 0.729171228125 0.66605053125 0.7339426140625 0.6680890125000001 0.74458395 0.6330316296875 0.7444961796875 0.6108626625 0.7289956859375 0.62171259375 0.729171228125 0.66605053125
9 0.7831774796875 0.5027533656250001 0.7785555875 0.47515284218750004 0.7679759765624999 0.4624792125 0.76145595 0.4620232875 0.7240227078125 0.5054361953125001 0.7198136265625 0.5187805328125 0.7110704250000001 0.5266933140625001 0.70327629375 0.5210337953125 0.700315271875 0.4696817453125 0.6898851546875 0.43144607187500006 0.6752459562500001 0.40655473593749997 0.67340954375 0.38596832187499996 0.688822265625 0.352949421875 0.690483134375 0.3291978984375 0.6826012296874999 0.30136941093749997 0.6543596734375 0.2601834046875 0.6134031046875 0.23686144531250003 0.5482028390625 0.2323021984375 0.5291172937499999 0.22414827499999998 0.4932571484375 0.2216406890625 0.463205228125 0.2297682515625 0.4156669078125 0.2537213796875 0.3929345859375 0.2742946125 0.35606365 0.333090340625 0.34788275468749996 0.3563859390625 0.3421883484375 0.437819740625 0.3344202640625 0.5020602015625 0.32695116875 0.515176578125 0.323392165625 0.5660727015625 0.3290769453125 0.6721698765624999 0.3392697953125 0.713798625 0.3620281640625 0.763125375 0.393767 0.8011462671875 0.4188980375 0.816542265625 0.4507863703125 0.8290011140625 0.489906528125 0.8317366625 0.5497731015625 0.8188746078125 0.576802275 0.8071260078125 0.6383297156250001 0.7705124296875 0.671553878125 0.740443859375 0.704927534375 0.6848132437500001 0.7222383906250001 0.62464974375 0.7497421 0.6061149921875 0.777544796875 0.5364561546875 0.7831774796875 0.5027533656250001
9 0.5768215296875 0.43206405937500003 0.636301340625 0.448157125 0.6199135015625 0.4248483453125 0.598042478125 0.40968030781250003 0.536102225 0.4053490234375 0.5095475859375 0.410311475 0.4837925203125 0.42726366875000005 0.48482935781250003 0.43586033750000003 0.5024035296875 0.44220374375000004 0.5768215296875 0.43206405937500003
9 0.44476013124999997 0.446697090625 0.45397786562500003 0.43199815937499997 0.43059546875 0.415019603125 0.39171257656249997 0.40889098125 0.35617746875 0.4251592890625 0.34123928124999997 0.45139204062499994 0.344262028125 0.455013078125 0.38305714687500003 0.43897273124999997 0.44476013124999997 0.446697090625
9 0.5587111 0.48023781562499995 0.5985430593750001 0.4727941390625 0.5907489265625 0.4671346203125 0.5581487953125001 0.46485499687500004 0.5261109687500001 0.47795819218749996 0.5587111 0.48023781562499995
9 0.4146725375 0.5724556468750001 0.434794921875 0.589206240625 0.468669159375 0.5966894578125 0.5104870265625 0.5842701484374999 0.526699321875 0.5632409921875 0.5125346578125 0.53156350625 0.503053609375 0.47975553125000003 0.48269395625 0.46639801406250003 0.46313387656250005 0.46503023906249996 0.44413610312499996 0.479045284375 0.430797059375 0.529257521875 0.41633340468749996 0.5487041234375 0.4146725375 0.5724556468750001
9 0.41129870312500005 0.48015873593749997 0.43109605 0.478133434375 0.42027917031250006 0.468852878125 0.39093905156250003 0.46680121718749995 0.36891853281250003 0.477195225 0.41129870312500005 0.48015873593749997
9 0.5017698734375 0.6620829125000001 0.554554115625 0.633382115625 0.5434999687500001 0.627494634375 0.49483703749999997 0.620682125 0.47480242500000003 0.6261005015625 0.40936489218750005 0.6249343296875 0.3941016671875 0.6323911875 0.433072328125 0.660688778125 0.47370386093750005 0.6652348453125 0.5017698734375 0.6620829125000001
4 0.44476013124999997 0.446697090625 0.45397786562500003 0.43199815937499997 0.43059546875 0.415019603125 0.39171257656249997 0.40889098125 0.35617746875 0.4251592890625 0.34251338750000004 0.4565956328125 0.38305714687500003 0.43897273124999997 0.44476013124999997 0.446697090625
3 0.36891853281250003 0.477195225 0.4095500625 0.48174129218750006 0.43109605 0.478133434375 0.42027917031250006 0.468852878125 0.39093905156250003 0.46680121718749995 0.36891853281250003 0.477195225
5 0.4771133703125 0.6399007625 0.3941016671875 0.6323911875 0.433072328125 0.660688778125 0.47195522187499994 0.6668174015624999 0.5017698734375 0.6620829125000001 0.554554115625 0.633382115625 0.4771133703125 0.6399007625
10 0.5480340890625001 0.632926190625 0.5434999687500001 0.627494634375 0.49483703749999997 0.620682125 0.47480242500000003 0.6261005015625 0.40936489218750005 0.6249343296875 0.400858959375 0.6294540359374999 0.41191310625 0.6353415171875 0.4771133703125 0.6399007625 0.5480340890625001 0.632926190625
6 0.41633340468749996 0.5487041234375 0.4146725375 0.5724556468750001 0.434794921875 0.589206240625 0.46692052031250003 0.5982720140625 0.5104870265625 0.5842701484374999 0.526699321875 0.5632409921875 0.5125346578125 0.53156350625 0.503053609375 0.47975553125000003 0.48269395625 0.46639801406250003 0.46313387656250005 0.46503023906249996 0.44413610312499996 0.479045284375 0.4268252453125 0.5392087859375 0.41633340468749996 0.5487041234375
8 0.48482935781250003 0.43586033750000003 0.500654890625 0.4437863 0.510909465625 0.43768403749999996 0.5768215296875 0.43206405937500003 0.636301340625 0.448157125 0.6199135015625 0.4248483453125 0.598042478125 0.40968030781250003 0.536102225 0.4053490234375 0.5095475859375 0.410311475 0.4837925203125 0.42726366875000005 0.48482935781250003 0.43586033750000003
7 0.5261109687500001 0.47795819218749996 0.5569624609375 0.48182037187500004 0.5985430593750001 0.4727941390625 0.5907489265625 0.4671346203125 0.5581487953125001 0.46485499687500004 0.5261109687500001 0.47795819218749996