0 0.46941869062499997 0 0 0.0576373671875 0 0.530581309375 0.0576373671875 1 0.530581309375 1 1 0.9423626328125 1 0.46941869062499997 0.9423626328125 0 0.46941869062499997 0
0 0.61724496875 0.6458897828125 0.659382246875 0.7290366421875001 0.6796264078124999 0.7494489203125 0.7122673734375 0.7552545234375 0.7511067437500001 0.7537567828125 0.790671234375 0.7292720593750001 0.8208718875000001 0.68631025625 0.8689426234375001 0.64442541875 0.8797567078125 0.6169285296875 0.8686776765625 0.5266970609375 0.8459932015625 0.4575173765625 0.7663343265625 0.27103010781250003 0.7087010421875 0.20614159999999998 0.6347803921875 0.15306633281249998 0.522020375 0.1014888078125 0.44275891874999995 0.091594075 0.3588817796875 0.1018928921875 0.28911663593750003 0.1693394203125 0.20998765156250002 0.218308865625 0.170489396875 0.2722256796875 0.1450369 0.35385811093749997 0.1429277671875 0.4522511546875 0.102704390625 0.529154953125 0.14859975625 0.5562310671875 0.1595463140625 0.5875983578125 0.1292794265625 0.6011280703125 0.1207731828125 0.6185281859375 0.1690426265625 0.664939615625 0.32776424843749996 0.773025346875 0.337786975 0.7390833531250001 0.4038602671875 0.757139659375 0.5288846171875 0.735246328125 0.568449109375 0.7107616046875 0.61724496875 0.6458897828125
1 0.6422372859375 0.704972690625 0.675735846875 0.7466554859375 0.7161579359375 0.7580479578125 0.7511067437500001 0.7537567828125 0.790671234375 0.7292720593750001 0.8208718875000001 0.68631025625 0.8689426234375001 0.64442541875 0.8797567078125 0.6169285296875 0.8686776765625 0.5266970609375 0.8241000843749999 0.394782796875 0.7663343265625 0.27103010781250003 0.7087010421875 0.20614159999999998 0.6347803921875 0.15306633281249998 0.522020375 0.1014888078125 0.44275891874999995 0.091594075 0.3588817796875 0.1018928921875 0.28911663593750003 0.1693394203125 0.20998765156250002 0.218308865625 0.170489396875 0.2722256796875 0.1450369 0.35385811093749997 0.1429277671875 0.4522511546875 0.102704390625 0.529154953125 0.14859975625 0.5562310671875 0.1595463140625 0.5875983578125 0.1292794265625 0.6011280703125 0.1207731828125 0.6185281859375 0.1690426265625 0.664939615625 0.32776424843749996 0.773025346875 0.34088617499999996 0.7354316828125 0.2972324140625 0.6688267031249999 0.2909015390625 0.6172658640625001 0.26360137968749997 0.56827973125 0.2393341859375 0.48620983593749995 0.2298378734375 0.408868578125 0.2422346765625 0.39426189843750004 0.24526764218750002 0.3611781390625 0.260763646875 0.342919790625 0.2817329328125 0.3403450859375 0.31206605625 0.35624746093750004 0.383546390625 0.360555321875 0.544310909375 0.340815921875 0.579325953125 0.3659568375 0.5980536328125 0.40291099687500004 0.594229309375 0.42954965156249997 0.6270689843749999 0.5236515203125001 0.60860625 0.6044257187500001 0.6422372859375 0.704972690625
9 0.2972324140625 0.6688267031249999 0.33310505468749996 0.7298448140625 0.4038602671875 0.757139659375 0.5017169296875 0.745124371875 0.5490625437500001 0.72622651875 0.62034416875 0.6422381125000001 0.607814890625 0.5979806140624999 0.6270689843749999 0.5236515203125001 0.594229309375 0.42954965156249997 0.5980536328125 0.40291099687500004 0.579325953125 0.3659568375 0.544310909375 0.340815921875 0.5062629000000001 0.348758765625 0.5327054640625 0.36186770625000003 0.44882832500000003 0.372166525 0.399108634375 0.3717290640625 0.3757652703125 0.354968453125 0.31206605625 0.35624746093750004 0.2817329328125 0.3403450859375 0.260763646875 0.342919790625 0.24685036093749999 0.3740683484375 0.2988778921875 0.36440903593749996 0.32532045625 0.37751797656249997 0.326903175 0.39040818593750004 0.23913547500000001 0.39791356875 0.2298378734375 0.408868578125 0.2393341859375 0.48620983593749995 0.26360137968749997 0.56827973125 0.2909015390625 0.6172658640625001 0.2972324140625 0.6688267031249999
9 0.29821900625 0.41682810937500003 0.25628043749999996 0.4219775171875 0.24078443125 0.44023586718749996 0.27032619687500004 0.4496931375 0.2881962796875 0.450770103125 0.317671809375 0.430795284375 0.29821900625 0.41682810937500003
9 0.3077815546875 0.5236014578125 0.3093642734375 0.5364916671875 0.336598196875 0.5560457125 0.35446828125 0.557122678125 0.42746509843749997 0.544888659375 0.43597134375 0.5274885453125 0.40234030781249996 0.42694157187500004 0.37589774375 0.41383263125 0.347938696875 0.41726557187499996 0.332442690625 0.4355239203125 0.32479404375 0.488801228125 0.3077815546875 0.5236014578125
9 0.474545765625 0.40826244999999994 0.4395969578125 0.41255362343749996 0.4302993546875 0.4235086328125 0.4598411203125 0.43296590312500005 0.4986804875 0.43146816406250005 0.514967853125 0.41965491874999994 0.474545765625 0.40826244999999994
9 0.398847165625 0.6007406734375 0.3569085953125 0.60589008125 0.32822442500000004 0.63231000625 0.359348909375 0.6546574859375001 0.42614732499999997 0.64972680625 0.46182125625000003 0.62244865 0.398847165625 0.6007406734375
4 0.3944267140625 0.36249052187499997 0.399108634375 0.3717290640625 0.44882832500000003 0.372166525 0.535804665625 0.3582160375 0.502372340625 0.3459653296875 0.3944267140625 0.36249052187499997
3 0.4395969578125 0.41255362343749996 0.4302993546875 0.4235086328125 0.4637316796875 0.43575933750000007 0.514967853125 0.41965491874999994 0.474545765625 0.40826244999999994 0.4395969578125 0.41255362343749996
5 0.46182125625000003 0.62244865 0.33132362656250003 0.6286583359375 0.36323947031250003 0.6574509203125001 0.42614732499999997 0.64972680625 0.46182125625000003 0.62244865
6 0.3077815546875 0.5236014578125 0.3093642734375 0.5364916671875 0.3583588421875 0.5599161125000001 0.42746509843749997 0.544888659375 0.43597134375 0.5274885453125 0.40234030781249996 0.42694157187500004 0.37589774375 0.41383263125 0.347938696875 0.41726557187499996 0.332442690625 0.4355239203125 0.32479404375 0.488801228125 0.3077815546875 0.5236014578125
10 0.398847165625 0.6007406734375 0.3569085953125 0.60589008125 0.33831338906249997 0.6278001015625 0.43227949062500004 0.612991378125 0.398847165625 0.6007406734375
8 0.2406519578125 0.3813716875 0.24612523749999998 0.39705533437499996 0.3098244515625 0.39577632500000004 0.323803975 0.39405985625 0.32532045625 0.37751797656249997 0.2988778921875 0.36440903593749996 0.25693932343750003 0.36955844375 0.2406519578125 0.3813716875
7 0.25628043749999996 0.4219775171875 0.24078443125 0.44023586718749996 0.27421675625 0.4524865734375 0.317671809375 0.430795284375 0.29821900625 0.41682810937500003 0.25628043749999996 0.4219775171875