0 0 0 0 1 1 1 1 0 0 0
0 0.6418918921875 0.7746913578125 0.7804054046875 0.6543209875 0.8209459453125 0.604938271875 0.8108108109375 0.5895061734375 0.7804054046875 0.5802469140625 0.7871621625 0.549382715625 0.827702703125 0.51851851875 0.7804054046875 0.450617284375 0.7668918921875 0.35802469062500003 0.7331081078125 0.28395061718750003 0.6891891890624999 0.23765432031249997 0.6081081078125 0.20061728437499998 0.533783784375 0.145061728125 0.45270270312500005 0.145061728125 0.37837837812499997 0.163580246875 0.2770270265625 0.2253086421875 0.21283783750000002 0.28395061718750003 0.165540540625 0.3518518515625 0.11148648593749999 0.5370370375 0.0979729734375 0.604938271875 0.0979729734375 0.691358025 0.11148648593749999 0.7160493828125001 0.16216216249999998 0.75 0.1959459453125 0.7870370375 0.2364864859375 0.8055555562500001 0.2736486484375 0.8024691359375 0.3040540546875 0.7932098765625 0.3209459453125 0.7716049375 0.3513513515625 0.6882716046875 0.40540540468749997 0.7438271609375 0.4459459453125 0.7623456796875 0.5675675671875 0.76851851875 0.6283783781250001 0.7438271609375 0.6418918921875 0.7746913578125
1 0.3547297296875 0.4197530859375 0.385135134375 0.39197530937499997 0.540540540625 0.39197530937499997 0.6081081078125 0.3796296296875 0.635135134375 0.3611111109375 0.6554054046875 0.3611111109375 0.672297296875 0.37654320937499997 0.6790540546875 0.4074074078125 0.6925675671875 0.4197530859375 0.6925675671875 0.49382716093749995 0.6790540546875 0.5740740734374999 0.658783784375 0.6234567906249999 0.658783784375 0.67283950625 0.625 0.740740740625 0.6418918921875 0.7746913578125 0.7804054046875 0.6543209875 0.8209459453125 0.604938271875 0.8108108109375 0.5895061734375 0.7804054046875 0.5802469140625 0.7871621625 0.549382715625 0.827702703125 0.51851851875 0.7804054046875 0.450617284375 0.7668918921875 0.35802469062500003 0.7331081078125 0.28395061718750003 0.6891891890624999 0.23765432031249997 0.6081081078125 0.20061728437499998 0.533783784375 0.145061728125 0.45270270312500005 0.145061728125 0.37837837812499997 0.163580246875 0.2770270265625 0.2253086421875 0.21283783750000002 0.28395061718750003 0.165540540625 0.3518518515625 0.125 0.4753086421875 0.0979729734375 0.604938271875 0.0979729734375 0.691358025 0.11148648593749999 0.7160493828125001 0.16216216249999998 0.75 0.1959459453125 0.7870370375 0.2364864859375 0.8055555562500001 0.2702702703125 0.8055555562500001 0.3074324328125 0.79012345625 0.334459459375 0.7469135796875 0.3547297296875 0.6481481484375 0.327702703125 0.5740740734374999 0.3479729734375 0.48148148125 0.341216215625 0.45679012343750003 0.3547297296875 0.4197530859375
9 0.6824324328125 0.4104938265625 0.5979729734375 0.41358024687499995 0.5979729734375 0.4012345671875 0.6216216218749999 0.38580246875 0.672297296875 0.3888888890625 0.6554054046875 0.3611111109375 0.635135134375 0.3611111109375 0.6081081078125 0.3796296296875 0.547297296875 0.38580246875 0.5270270265625 0.40432098749999995 0.47972972968749994 0.4104938265625 0.3986486484375 0.4104938265625 0.42229729687499995 0.395061728125 0.385135134375 0.39197530937499997 0.3547297296875 0.4197530859375 0.341216215625 0.45679012343750003 0.3479729734375 0.48148148125 0.327702703125 0.5740740734374999 0.3547297296875 0.641975309375 0.3479729734375 0.6851851859375 0.42567567500000003 0.7561728390625 0.4729729734375 0.76851851875 0.5675675671875 0.76851851875 0.6317567562499999 0.7345679015625 0.658783784375 0.67283950625 0.658783784375 0.6234567906249999 0.6790540546875 0.5740740734374999 0.6925675671875 0.49382716093749995 0.6925675671875 0.4197530859375 0.6824324328125 0.4104938265625
9 0.66891891875 0.43518518593750005 0.6283783781250001 0.43518518593750005 0.6114864859375 0.450617284375 0.6418918921875 0.4660493828125 0.658783784375 0.46296296249999996 0.6858108109375001 0.450617284375 0.66891891875 0.43518518593750005
9 0.5304054046875 0.45679012343750003 0.510135134375 0.5555555562500001 0.5202702703125001 0.5709876546875 0.591216215625 0.5740740734374999 0.6081081078125 0.5709876546875 0.6317567562499999 0.549382715625 0.6317567562499999 0.5370370375 0.6114864859375 0.5061728390625 0.5979729734375 0.45679012343750003 0.58108108125 0.441358025 0.5540540546875 0.441358025 0.5304054046875 0.45679012343750003
9 0.49324324375 0.44753086406250003 0.459459459375 0.44753086406250003 0.42229729687499995 0.46296296249999996 0.4391891890625 0.47222222187499996 0.4763513515625 0.46913580312500003 0.5033783781250001 0.45679012343750003 0.49324324375 0.44753086406250003
9 0.5945945953125 0.6203703703125 0.5540540546875 0.6203703703125 0.496621621875 0.6481481484375 0.533783784375 0.6697530859375 0.5979729734375 0.6666666671875 0.625 0.641975309375 0.5945945953125 0.6203703703125
4 0.5304054046875 0.395061728125 0.42567567500000003 0.39197530937499997 0.3952702703125 0.4074074078125 0.47972972968749994 0.4104938265625 0.5270270265625 0.40432098749999995 0.5304054046875 0.395061728125
3 0.49324324375 0.44753086406250003 0.459459459375 0.44753086406250003 0.42229729687499995 0.46296296249999996 0.4729729734375 0.47222222187499996 0.5033783781250001 0.45679012343750003 0.49324324375 0.44753086406250003
5 0.533783784375 0.6697530859375 0.5945945953125 0.6697530859375 0.6216216218749999 0.6388888890625 0.496621621875 0.6481481484375 0.533783784375 0.6697530859375
6 0.5304054046875 0.45679012343750003 0.510135134375 0.5555555562500001 0.5202702703125001 0.5709876546875 0.5878378375 0.57716049375 0.6317567562499999 0.549382715625 0.6317567562499999 0.5370370375 0.6114864859375 0.5061728390625 0.5979729734375 0.45679012343750003 0.58108108125 0.441358025 0.5540540546875 0.441358025 0.5304054046875 0.45679012343750003
10 0.5236486484375 0.63580246875 0.614864865625 0.6388888890625 0.5945945953125 0.6203703703125 0.5540540546875 0.6203703703125 0.5236486484375 0.63580246875
8 0.614864865625 0.4166666671875 0.675675675 0.4104938265625 0.6790540546875 0.395061728125 0.6621621625 0.38580246875 0.6216216218749999 0.38580246875 0.5979729734375 0.4012345671875 0.6013513515625 0.4166666671875 0.614864865625 0.4166666671875
7 0.66891891875 0.43518518593750005 0.6283783781250001 0.43518518593750005 0.6114864859375 0.450617284375 0.6554054046875 0.4660493828125 0.6858108109375001 0.450617284375 0.66891891875 0.43518518593750005