0 0.48690704218749997 0 0 0.0255177171875 0 0.5130929578125001 0.0255177171875 1 0.5130929578125001 1 1 0.9744822828125 1 0.48690704218749997 0.9744822828125 0 0.48690704218749997 0
0 0.759016121875 0.478896425 0.7484598046875 0.42674585 0.7423263640625 0.235074846875 0.7280659015625 0.1868829578125 0.7219194296875 0.18155824375000001 0.7024149453125 0.1825804296875 0.6719947796875 0.199232915625 0.625774275 0.2129489015625 0.37769090625 0.2560668609375 0.186546971875 0.266084290625 0.1282302734375 0.27290509687500003 0.0898115625 0.286212209375 0.0733396625 0.3077805328125 0.074520171875 0.3303060109375 0.09677917968750001 0.3818432734375 0.100123959375 0.4456654609375 0.08766840000000001 0.506551153125 0.09101317812500001 0.570373340625 0.1107485515625 0.648394765625 0.13730195781250001 0.7072360843750001 0.151643728125 0.719660415625 0.22343388125 0.7460145140625001 0.2468392609375 0.744787890625 0.2598037671875 0.7309324968750001 0.253148346875 0.6785774859375 0.25791755781250003 0.6576224749999999 0.31871072031250003 0.7353744296875 0.38222426875000004 0.7903964703125 0.42261049687499996 0.814631821875 0.46650411875 0.83115424375 0.506103340625 0.840372609375 0.5352616890624999 0.8369622046874999 0.5605191406250001 0.8337562390625 0.5987411 0.8166948812499999 0.6413387671875 0.77117001875 0.6666775265625 0.7321964921874999 0.7015547062499999 0.651312946875 0.7112898796875 0.6131571703125 0.7397425281250001 0.5589622234375 0.759016121875 0.478896425
1 0.6294784203125 0.20899021874999998 0.623922203125 0.21492824375000003 0.690352890625 0.2509746140625 0.7177746109375 0.2890653578125 0.740114925 0.3048350625 0.7452776390625 0.29138854375 0.7423263640625 0.235074846875 0.7323603015625 0.19418701249999998 0.7219194296875 0.18155824375000001 0.7024149453125 0.1825804296875 0.6719947796875 0.199232915625 0.6294784203125 0.20899021874999998
1 0.132280753125 0.38751182968750003 0.1454420109375 0.3774106828125 0.176649184375 0.375775184375 0.1989894984375 0.3915448890625 0.2247558984375 0.4353692203125 0.24319531562500002 0.45134336093750005 0.25489800625000003 0.45073005000000005 0.26435512031249997 0.4445875859375 0.289103625 0.394351321875 0.3129838140625 0.36486563125 0.3547131671875 0.34009134375 0.4184706375 0.2878107046875 0.4680017828125 0.2626275421875 0.4785239625 0.2394887515625 0.439514996875 0.241533125 0.3271760015625 0.26247879375 0.1282302734375 0.27290509687500003 0.09741660468749999 0.2820490875 0.0768470546875 0.30006760312499997 0.074520171875 0.3303060109375 0.09677917968750001 0.3818432734375 0.100123959375 0.4456654609375 0.08766840000000001 0.506551153125 0.09101317812500001 0.570373340625 0.1107485515625 0.648394765625 0.12871315781249998 0.6926279734375 0.151643728125 0.719660415625 0.22343388125 0.7460145140625001 0.2468392609375 0.744787890625 0.2598037671875 0.7309324968750001 0.2498035671875 0.6147552968750001 0.2350682953125 0.5948224718749999 0.20736851562499997 0.588745040625 0.18053705 0.5619170359375001 0.1364125390625 0.46635100312500005 0.132280753125 0.38751182968750003
9 0.759016121875 0.478896425 0.7484598046875 0.42674585 0.74216375 0.306609965625 0.7177746109375 0.2890653578125 0.690352890625 0.2509746140625 0.6218733796875 0.2131533390625 0.48612900468750003 0.23532563125 0.4680017828125 0.2626275421875 0.4184706375 0.2878107046875 0.3547131671875 0.34009134375 0.3129838140625 0.36486563125 0.289103625 0.394351321875 0.26435512031249997 0.4445875859375 0.25489800625000003 0.45073005000000005 0.24319531562500002 0.45134336093750005 0.2247558984375 0.4353692203125 0.1989894984375 0.3915448890625 0.176649184375 0.375775184375 0.1454420109375 0.3774106828125 0.128773359375 0.39522476093750003 0.1364125390625 0.46635100312500005 0.18053705 0.5619170359375001 0.20736851562499997 0.588745040625 0.2412147671875 0.6001471859375 0.2498035671875 0.6147552968750001 0.2558687328125 0.6558475687499999 0.31871072031250003 0.7353744296875 0.35783513125 0.7728518625 0.42261049687499996 0.814631821875 0.4903030015625 0.8374361125 0.5334096171875 0.838941546875 0.5605191406250001 0.8337562390625 0.5987411 0.8166948812499999 0.65225445 0.755539721875 0.691229278125 0.6782059828125 0.7112898796875 0.6131571703125 0.7397425281250001 0.5589622234375 0.759016121875 0.478896425
9 0.5724918156250001 0.3531476734375 0.5622476953125 0.34427315 0.522451721875 0.3313005375 0.471740065625 0.3339582234375 0.42835539218749996 0.36446610156250003 0.51212629375 0.358193575 0.565280278125 0.3648192875 0.5724918156250001 0.3531476734375
9 0.7098915109374999 0.3252417921875 0.6706857937499999 0.3235319203125 0.618909071875 0.34318593124999996 0.6213513984375 0.3524693296875 0.64290470625 0.3532220484375 0.7324285765625 0.3447657421875 0.7098915109374999 0.3252417921875
9 0.5097994109374999 0.3884319828125 0.47079044531249997 0.39047635468749997 0.44612324687499993 0.40494506093749993 0.47197095468750005 0.413001834375 0.4972284078125 0.40979586875 0.531746221875 0.39669319375 0.5097994109374999 0.3884319828125
9 0.6853397593749999 0.3792323015625 0.66213113125 0.38421317187500004 0.6452657265624999 0.398273003125 0.67501433125 0.40612534062499994 0.7041726796875001 0.40271493593749996 0.7156786171875 0.398347378125 0.6853397593749999 0.3792323015625
9 0.551840959375 0.4069337453125 0.5436798015625001 0.47512349218749994 0.5179475375 0.506588525 0.5193247999999999 0.5328682484375 0.537567465625 0.5450881437499999 0.6106194359375 0.5582001625 0.643285178125 0.547076828125 0.6599538296875 0.5292627515625 0.6587733203125 0.5067372734375 0.6415957203125 0.4775210515625 0.6181562031250001 0.4034583109375 0.599716784375 0.3874841703125 0.5802123015625 0.38850635625 0.551840959375 0.4069337453125
9 0.608916946875 0.674990675 0.6356329671875 0.6622968734375 0.6398119234374999 0.6300791234374999 0.6160130390624999 0.6237972546874999 0.5614004875 0.626659378125 0.530390065625 0.632049121875 0.5020187234375 0.6504765109374999 0.5602541140625 0.6794232625000001 0.608916946875 0.674990675
4 0.5634282046875 0.366798628125 0.5724918156250001 0.3531476734375 0.5622476953125 0.34427315 0.522451721875 0.3313005375 0.471740065625 0.3339582234375 0.42835539218749996 0.36446610156250003 0.51212629375 0.358193575 0.5634282046875 0.366798628125
3 0.531746221875 0.39669319375 0.5097994109374999 0.3884319828125 0.47079044531249997 0.39047635468749997 0.44612324687499993 0.40494506093749993 0.47197095468750005 0.413001834375 0.49537633437500006 0.4117752109375 0.531746221875 0.39669319375
2 0.6286994875 0.641955175 0.5020187234375 0.6504765109374999 0.5670721484375 0.66024315625 0.6216847015625 0.657381034375 0.6309450640625001 0.6474843265625 0.6286994875 0.641955175
10 0.6329938875 0.6492592296875 0.641860746875 0.6318540265625 0.6160130390624999 0.6237972546874999 0.530390065625 0.632049121875 0.50572286875 0.6465178265625 0.621094446875 0.6461182953125 0.6286994875 0.641955175 0.6329938875 0.6492592296875
5 0.5602541140625 0.6794232625000001 0.6070648734375 0.676970015625 0.63007675 0.6682348984375001 0.6387468578125 0.6470754515625 0.6216847015625 0.657381034375 0.5670721484375 0.66024315625 0.51001726875 0.6538218828125 0.5323575828125 0.6695915859375 0.5602541140625 0.6794232625000001
6 0.5802123015625 0.38850635625 0.551840959375 0.4069337453125 0.5436798015625001 0.47512349218749994 0.5179475375 0.506588525 0.5193247999999999 0.5328682484375 0.537567465625 0.5450881437499999 0.553171053125 0.54427039375 0.6087673640625 0.560179503125 0.643285178125 0.547076828125 0.6599538296875 0.5292627515625 0.6587733203125 0.5067372734375 0.6415957203125 0.4775210515625 0.6181562031250001 0.4034583109375 0.599716784375 0.3874841703125 0.5802123015625 0.38850635625
8 0.7324285765625 0.3447657421875 0.7098915109374999 0.3252417921875 0.6706857937499999 0.3235319203125 0.618909071875 0.34318593124999996 0.6213513984375 0.3524693296875 0.641052634375 0.3552013890625 0.7324285765625 0.3447657421875
7 0.7156786171875 0.398347378125 0.6853397593749999 0.3792323015625 0.66213113125 0.38421317187500004 0.6452657265624999 0.398273003125 0.67501433125 0.40612534062499994 0.7023206078124999 0.40469427812500003 0.7156786171875 0.398347378125