0 0.43860771875 0 0 0.10935718593749999 0 0.5613922812500001 0.10935718593749999 1 0.5613922812500001 1 1 0.8906428140625 1 0.43860771875 0.8906428140625 0 0.43860771875 0
0 0.4411255875 0.7951181234375 0.48987866249999995 0.8232757328125 0.5273354593749999 0.827958659375 0.5499543625000001 0.8240718781249999 0.5759898031249999 0.8193332578125 0.607686553125 0.8009139046874999 0.6411541140625 0.7750420625000001 0.6695594109375 0.74342140625 0.7097613046875 0.679062875 0.741609484375 0.5957542296875 0.751260034375 0.6126282640625 0.7593635921875 0.659684659375 0.774201484375 0.66825436875 0.794700690625 0.6631433421875 0.8496153968750001 0.621407659375 0.8586932453125 0.6068750875 0.8660266328124999 0.5489588515625 0.8624126343749999 0.4762446640625 0.848423953125 0.42013912812500004 0.8215920000000001 0.37074127031250004 0.80760331875 0.31463573437500003 0.8131658984374999 0.26417198750000004 0.8082287171875 0.244370034375 0.7883285625 0.2300515140625 0.7516946296875 0.22866891250000002 0.699623753125 0.23814615312499998 0.532213575 0.27988619843749996 0.30697247499999997 0.308001203125 0.263505471875 0.308322278125 0.23288174375 0.301935678125 0.21579907343750002 0.306194865625 0.2119085671875 0.3124231109375 0.212356190625 0.35788285468750003 0.25773876875 0.525347625 0.262425790625 0.5732558578125 0.3002051296875 0.6374516703124999 0.33905749375 0.6768415265625001 0.35753573437499997 0.7072892703125 0.4089812109375 0.7680777296875 0.4411255875 0.7951181234375
1 0.212356190625 0.35788285468750003 0.22469914531250001 0.40738774062500005 0.23270396718750003 0.41766112343749995 0.247792021875 0.39812455 0.2613594265625 0.3579341875 0.30909217187500004 0.30922544687500003 0.3027330765625 0.305552715625 0.263505471875 0.308322278125 0.23288174375 0.301935678125 0.21579907343750002 0.306194865625 0.210137759375 0.3198755984375 0.212356190625 0.35788285468750003
1 0.7372713546874999 0.5565227296875 0.7593635921875 0.659684659375 0.774201484375 0.66825436875 0.794700690625 0.6631433421875 0.8496153968750001 0.621407659375 0.8622348578125001 0.5919701109375 0.8660266328124999 0.5489588515625 0.8624126343749999 0.4762446640625 0.848423953125 0.42013912812500004 0.8215920000000001 0.37074127031250004 0.80760331875 0.31463573437500003 0.8131658984374999 0.26417198750000004 0.8031664546874999 0.2386212203125 0.7806726312500001 0.22845486250000002 0.7516946296875 0.22866891250000002 0.577451384375 0.2721126328125 0.47508043593749993 0.28361462187500003 0.44091509375 0.29213299843749996 0.45610187812499997 0.309379440625 0.5054540046875 0.31810750312499997 0.5742323140625001 0.346530496875 0.6167513718750001 0.3569622375 0.645130321875 0.3761777328125 0.6797432890625 0.413119103125 0.6895189187499999 0.415939996875 0.699768521875 0.41338448281250006 0.7114400390625 0.39469975 0.7220648828125 0.349984815625 0.737152934375 0.33044824375 0.7644852078125 0.32363354218749996 0.7785002375000001 0.3289029234375 0.7957803718750001 0.3982097625 0.7830094828124999 0.492536603125 0.7669734874999999 0.522825990625 0.744703475 0.53538950625 0.7372713546874999 0.5565227296875
9 0.48987866249999995 0.8232757328125 0.5273354593749999 0.827958659375 0.5520740625 0.825296121875 0.5888330749999999 0.8126255812500001 0.6411541140625 0.7750420625000001 0.6859442984374999 0.7218087515625 0.7097613046875 0.679062875 0.7429063203124999 0.5936781484375 0.7372713546874999 0.5565227296875 0.7408129703124999 0.5416177515625 0.7669734874999999 0.522825990625 0.7830094828124999 0.492536603125 0.7957803718750001 0.3982097625 0.7835624984375 0.3346517390625 0.7644852078125 0.32363354218749996 0.737152934375 0.33044824375 0.7220648828125 0.349984815625 0.7114400390625 0.39469975 0.699768521875 0.41338448281250006 0.6895189187499999 0.415939996875 0.6797432890625 0.413119103125 0.645130321875 0.3761777328125 0.6167513718750001 0.3569622375 0.5742323140625001 0.346530496875 0.5054540046875 0.31810750312499997 0.45610187812499997 0.309379440625 0.4332591609375 0.29053635 0.3103890078125 0.307149365625 0.2613594265625 0.3579341875 0.247792021875 0.39812455 0.231407134375 0.41973720468750003 0.25773876875 0.525347625 0.262425790625 0.5732558578125 0.3002051296875 0.6374516703124999 0.33905749375 0.6768415265625001 0.37354538125 0.7278360359375 0.42758452968749994 0.7844723328125001 0.48987866249999995 0.8232757328125
9 0.427321340625 0.383159515625 0.3964474515625 0.4048791953125 0.389963275 0.415259603125 0.3992649359375 0.4234569046875 0.4433309890625 0.40370628125 0.5171979062500001 0.3870419359375 0.4717362859375 0.3720856265625 0.427321340625 0.383159515625
9 0.2974930390625 0.415529346875 0.264150559375 0.42734805 0.24988537187499998 0.450184946875 0.3292885234375 0.4338930078125 0.3476680296875 0.4275577359375 0.3473191375 0.4188810046875 0.2974930390625 0.415529346875
9 0.4874957734375 0.42073867187499997 0.45333043125000005 0.4292570484375 0.43659665312499996 0.44219297031250004 0.4698140515625 0.44442740937499997 0.4924329546875 0.44054062656250004 0.5125832703125 0.42675286718749994 0.4874957734375 0.42073867187499997
9 0.320908459375 0.46577904375 0.299586390625 0.46758974374999995 0.278488134375 0.49213031875 0.2895606 0.4928751296875 0.3155960390625 0.48813651093750005 0.3391628859375 0.4734969140625 0.320908459375 0.46577904375
9 0.35619286250000004 0.5709100312500001 0.36113004375 0.5907119859375001 0.380207334375 0.60173018125 0.41130503437500004 0.602740375 0.47080803125 0.5721299140625 0.48330241249999994 0.5567455046875 0.4775423671875 0.5336432249999999 0.4470437203125 0.5132034828125 0.421982571875 0.45635313593750004 0.3926556796875 0.44789045312500003 0.3755730078125 0.45214964062499996 0.36390148906249997 0.4708343765625 0.36327608906250003 0.5411000765625 0.35619286250000004 0.5709100312500001
9 0.4239968796875 0.6609219921875 0.40514340156250006 0.67263366875 0.41726254375 0.6994086796875 0.4436468734375 0.7033467921875001 0.486764984375 0.6943489859375 0.5293103890624999 0.653944571875 0.499983496875 0.6454818890625 0.471828359375 0.6489962640625 0.4239968796875 0.6609219921875
4 0.3964474515625 0.4048791953125 0.389963275 0.415259603125 0.401384634375 0.42468114999999995 0.4433309890625 0.40370628125 0.5171979062500001 0.3870419359375 0.4717362859375 0.3720856265625 0.427321340625 0.383159515625 0.3964474515625 0.4048791953125
3 0.45333043125000005 0.4292570484375 0.43659665312499996 0.44219297031250004 0.47193375 0.445651653125 0.4924329546875 0.44054062656250004 0.5125832703125 0.42675286718749994 0.4874957734375 0.42073867187499997 0.45333043125000005 0.4292570484375
2 0.4178615953125 0.6799791328125 0.4173876234375 0.685355540625 0.4279861171875 0.691476759375 0.47581759687499997 0.6795510328125001 0.5293103890624999 0.653944571875 0.4178615953125 0.6799791328125
10 0.4239968796875 0.6609219921875 0.403846565625 0.67470975 0.41609078750000006 0.687431621875 0.4178615953125 0.6799791328125 0.42551752656249997 0.6815757828125 0.5250709921875 0.651496084375 0.499983496875 0.6454818890625 0.4239968796875 0.6609219921875
5 0.41055455468749996 0.6870592156249999 0.42362164062499996 0.7030814109375 0.445766571875 0.7045710374999999 0.486764984375 0.6943489859375 0.5082121328125 0.6784851453125 0.523300184375 0.658948571875 0.47581759687499997 0.6795510328125001 0.4279861171875 0.691476759375 0.41055455468749996 0.6870592156249999
6 0.36113004375 0.5907119859375001 0.380207334375 0.60173018125 0.41342473281250003 0.6039646203125 0.45714189375 0.5755372640624999 0.47080803125 0.5721299140625 0.48330241249999994 0.5567455046875 0.4775423671875 0.5336432249999999 0.4470437203125 0.5132034828125 0.421982571875 0.45635313593750004 0.3926556796875 0.44789045312500003 0.3755730078125 0.45214964062499996 0.36390148906249997 0.4708343765625 0.36327608906250003 0.5411000765625 0.35619286250000004 0.5709100312500001 0.36113004375 0.5907119859375001
8 0.264150559375 0.42734805 0.24988537187499998 0.450184946875 0.33140822187499996 0.43511724999999996 0.3476680296875 0.4275577359375 0.3473191375 0.4188810046875 0.2974930390625 0.415529346875 0.264150559375 0.42734805
7 0.299586390625 0.46758974374999995 0.278488134375 0.49213031875 0.2916802984375 0.49409937499999995 0.3155960390625 0.48813651093750005 0.3391628859375 0.4734969140625 0.320908459375 0.46577904375 0.299586390625 0.46758974374999995