0 0.4650365953125 0 0 0.06535663124999999 0 0.5349634046875 0.06535663124999999 1 0.5349634046875 1 1 0.93464336875 1 0.4650365953125 0.93464336875 0 0.4650365953125 0
0 0.295942815625 0.668654465625 0.35099006718750003 0.7284065562500001 0.41501370625 0.75440264375 0.4449586 0.7526937390625 0.48566727343749994 0.7494720796875 0.538108240625 0.732103690625 0.622710640625 0.670222134375 0.6672933421875 0.6164645531249999 0.70539573125 0.536122415625 0.7644666250000001 0.487827371875 0.778415459375 0.43087638124999994 0.7613209796875 0.3482933640625 0.7393839671875 0.3288802515625 0.713443015625 0.3200281484375 0.6948406703125001 0.1876655859375 0.6711162609375 0.136009221875 0.638006021875 0.0956702453125 0.5864036484375 0.0604297421875 0.5069233109375 0.041605096875000004 0.34008466875 0.0650527390625 0.2829507875 0.0880798203125 0.212427134375 0.1329852984375 0.16384049218750002 0.197303890625 0.13180897187500001 0.28179196875 0.14007668125 0.340619775 0.218568809375 0.469564525 0.2322184109375 0.5276359546875 0.2673955765625 0.5826818828125 0.27290738281250004 0.621900421875 0.295942815625 0.668654465625
9 0.33581289999999997 0.7180417015625 0.3921081875 0.7476235140624999 0.4479940328125 0.7547667078125 0.522651540625 0.7392751328125 0.6032500015625 0.6879545890625 0.6672933421875 0.6164645531249999 0.70539573125 0.536122415625 0.7218209375 0.516316990625 0.7527343359375 0.501974103125 0.768470565625 0.47726636093749997 0.778415459375 0.43087638124999994 0.7613209796875 0.3482933640625 0.7393839671875 0.3288802515625 0.7164784484375 0.32210111874999997 0.7064036421875 0.3285161875 0.6852855203125 0.35398030468749997 0.6854154343750001 0.39395521875 0.66595479375 0.41168767187500005 0.644986290625 0.3796405765625 0.6334036171874999 0.3362760984375 0.6138130625 0.314033640625 0.613553234375 0.2340838125 0.5923051984375001 0.21957301875000002 0.5700886546875 0.217696203125 0.45844688125 0.2433847234375 0.2795964203125 0.29851539531250004 0.259446803125 0.3113455328125 0.23432474062500003 0.347370659375 0.22713575156250002 0.41336990937499996 0.2367814125 0.48200234999999997 0.22739557968750002 0.4933197359375 0.2322184109375 0.5276359546875 0.2673955765625 0.5826818828125 0.28104517812499996 0.6407533140624999 0.33581289999999997 0.7180417015625
9 0.48243111875 0.3749909125 0.42598621249999996 0.40292031250000004 0.41963581406249995 0.4163106671875 0.42570668281249996 0.42045660937499996 0.5521161796875 0.38269432812500004 0.520104359375 0.369696284375 0.48243111875 0.3749909125
9 0.3456672828125 0.43670456093750004 0.31972633125 0.42785245781250003 0.28205308906250004 0.4331470859375 0.2562420515625 0.46426989531249996 0.2848089921875 0.45275635468750003 0.3446987765625 0.449338540625 0.3456672828125 0.43670456093750004
9 0.5042185140625 0.4519152359375 0.53678939375 0.42984068437499995 0.452057078125 0.451747328125 0.4635098375 0.45513689375000005 0.5042185140625 0.4519152359375
9 0.368702715625 0.48345860468749996 0.364958603125 0.573969440625 0.37475387968749996 0.5850906703125001 0.388553096875 0.585650890625 0.434643665625 0.58167285625 0.477978328125 0.5580855546875 0.475222425 0.5384762859375 0.4495610046875 0.512087884375 0.43190746406249997 0.464577465625 0.41741927187499994 0.45911492656249997 0.37974602968750004 0.46440955625 0.368702715625 0.48345860468749996
9 0.3518680640625 0.4808254140625 0.3104704125 0.4791447546875 0.28259244843750003 0.4955606140625 0.29404520624999997 0.49895017968750005 0.33475388281249996 0.495728521875 0.3518680640625 0.4808254140625
9 0.41186806093749995 0.6148686375 0.369222371875 0.6433582578125 0.3897814328125 0.6529667359375 0.43117908437499997 0.65464739375 0.45036019375 0.6544512390625 0.4906594234375 0.628790965625 0.5070846296875 0.608985540625 0.448852328125 0.604671690625 0.43408460312499997 0.616745453125 0.41186806093749995 0.6148686375
1 0.14007668125 0.340619775 0.2029821953125 0.43676105625000006 0.224360146875 0.49124676406249995 0.2367814125 0.48200234999999997 0.2276948140625 0.3782973125 0.23432474062500003 0.347370659375 0.259446803125 0.3113455328125 0.2795964203125 0.29851539531250004 0.4160807234375 0.25433804531250004 0.5700886546875 0.217696203125 0.5923051984375001 0.21957301875000002 0.613553234375 0.2340838125 0.6138130625 0.314033640625 0.6334036171874999 0.3362760984375 0.644986290625 0.3796405765625 0.6689902296875 0.41376064218749997 0.6854154343750001 0.39395521875 0.6892894593750001 0.34341929375 0.7117855328125 0.3277598109375 0.71744695625 0.3094671375 0.6948406703125001 0.1876655859375 0.6711162609375 0.136009221875 0.638006021875 0.0956702453125 0.5864036484375 0.0604297421875 0.5069233109375 0.041605096875000004 0.34008466875 0.0650527390625 0.2829507875 0.0880798203125 0.212427134375 0.1329852984375 0.16384049218750002 0.197303890625 0.13180897187500001 0.28179196875 0.14007668125 0.340619775
4 0.42598621249999996 0.40292031250000004 0.41963581406249995 0.4163106671875 0.428742115625 0.4225295796875 0.48049410468750003 0.4002588734375 0.534313021875 0.39269511874999996 0.5521161796875 0.38269432812500004 0.520104359375 0.369696284375 0.48243111875 0.3749909125 0.42598621249999996 0.40292031250000004
3 0.53678939375 0.42984068437499995 0.452057078125 0.451747328125 0.466545271875 0.45720986406249997 0.5042185140625 0.4519152359375 0.53678939375 0.42984068437499995
5 0.369222371875 0.6433582578125 0.3897814328125 0.6529667359375 0.4342145171875 0.656720365625 0.45036019375 0.6544512390625 0.4906594234375 0.628790965625 0.5070846296875 0.608985540625 0.369222371875 0.6433582578125
10 0.43408460312499997 0.616745453125 0.41186806093749995 0.6148686375 0.376950721875 0.639772534375 0.4963208453125 0.6104982921875 0.4872145453125 0.6042793796875 0.448852328125 0.604671690625 0.43408460312499997 0.616745453125
6 0.364958603125 0.573969440625 0.37475387968749996 0.5850906703125001 0.39158853125 0.5877238609375001 0.434643665625 0.58167285625 0.477978328125 0.5580855546875 0.475222425 0.5384762859375 0.4495610046875 0.512087884375 0.43190746406249997 0.464577465625 0.41741927187499994 0.45911492656249997 0.37974602968750004 0.46440955625 0.368702715625 0.48345860468749996 0.364958603125 0.573969440625
8 0.28205308906250004 0.4331470859375 0.2649389078125 0.44805019375 0.2592774859375 0.46634286718749995 0.2848089921875 0.45275635468750003 0.3446987765625 0.449338540625 0.3456672828125 0.43670456093750004 0.31972633125 0.42785245781250003 0.28205308906250004 0.4331470859375
7 0.3104704125 0.4791447546875 0.28259244843750003 0.4955606140625 0.29708064218749997 0.50102315 0.33475388281249996 0.495728521875 0.3518680640625 0.4808254140625 0.3104704125 0.4791447546875