0 0.0418344125 0 0 0.4781695265625 0 0.9581655874999999 0.4781695265625 1 0.9581655874999999 1 1 0.5218304734375 1 0.0418344125 0.5218304734375 0 0.0418344125 0
0 0.22475944375 0.579763003125 0.2672706453125 0.6873256828125001 0.31167771875 0.7402479750000001 0.38098940312499996 0.77227281875 0.452304665625 0.7813966359375 0.5167851765625 0.7697307109375 0.55886555625 0.7503359484375001 0.5931093921875 0.7216019593749999 0.706968296875 0.5411836984375 0.7172016078125 0.49015727968749995 0.7154835125 0.44385433125 0.6779111890625 0.4117217796875 0.6702524249999999 0.3014392140625 0.65286124375 0.236457809375 0.59800544375 0.1710832125 0.503681446875 0.12821645625 0.41157644375 0.1259273921875 0.3341427328125 0.153767296875 0.26926903125 0.20289783906249997 0.22117791250000002 0.290995684375 0.2153825828125 0.4231774875 0.19942401406250002 0.473703009375 0.22475944375 0.579763003125
9 0.257322815625 0.669148121875 0.31167771875 0.7402479750000001 0.3836015828125 0.7753858953125 0.4814318453125 0.7781758546875001 0.55886555625 0.7503359484375001 0.6257428375 0.6783043796875 0.654153709375 0.6173301343750001 0.706968296875 0.5411836984375 0.7154835125 0.44385433125 0.6971982453125001 0.42206279843749994 0.6747981140625 0.41433396250000004 0.6639562 0.439346275 0.652004790625 0.4440697421875 0.6008330359375 0.23767500937500002 0.5720990453125 0.20343117500000002 0.5335249328125 0.1827491375 0.41279364375 0.1779555984375 0.3425878765625 0.189120628125 0.31245890625 0.2037919234375 0.2714880234375 0.24347553125000002 0.24880240625 0.304950671875 0.23706640937499998 0.373152859375 0.21788705937500003 0.3945512015625 0.20915643125 0.42840185000000003 0.2026447953125 0.5028301890625 0.21731608906250002 0.5329591578125 0.22475944375 0.579763003125 0.254102034375 0.6400209421875 0.257322815625 0.669148121875
9 0.5637992406250001 0.3642392609375 0.512772825 0.35400595 0.4711933421875 0.36767545468749996 0.460852321875 0.3869625125 0.51599360625 0.383133128125 0.58730886875 0.392256946875 0.5637992406250001 0.3642392609375
9 0.3504620515625 0.36288191406250003 0.327561025 0.360878334375 0.28598154062500003 0.3745478390625 0.2574629609375 0.403782725 0.26580039843750003 0.40739669687499996 0.32555744375 0.3837793625 0.365133346875 0.393010884375 0.38069872656250003 0.37994998125 0.3504620515625 0.36288191406250003
9 0.5551763203125 0.42982926875 0.5082647687499999 0.40553326093750003 0.474521828125 0.42854199531250003 0.485471446875 0.43526904218749995 0.5167099125 0.4408865921875 0.5551763203125 0.42982926875
9 0.387641184375 0.43247908281249997 0.375404290625 0.5064065265625 0.36094840625 0.5397562765624999 0.3828476453125 0.553210371875 0.43698713749999996 0.5608315046875 0.4821805921875 0.538824559375 0.47895981093750006 0.50969738125 0.4580623640625 0.48479277343750005 0.4511199046875 0.43226367187500003 0.43233374375 0.416197396875 0.40943271562500005 0.414193815625 0.387641184375 0.43247908281249997
9 0.32927911875000004 0.4071812859375 0.30176233125 0.42496565625000005 0.2950352828125 0.435915275 0.30598490312500004 0.442642321875 0.3200475984375 0.4467571875 0.3704654140625 0.43097639687499995 0.357404509375 0.41541101718749995 0.32927911875000004 0.4071812859375
9 0.37672919843749997 0.59017409375 0.33676010624999997 0.6184071890625 0.35404358281250004 0.651649234375 0.3790558953125 0.6624911484375 0.4623225671875 0.666891496875 0.5080169171875 0.6391592984375001 0.5214710109375 0.6172600593750001 0.46360984062500005 0.58623700625 0.37672919843749997 0.59017409375
1 0.550199809375 0.1899770796875 0.6008330359375 0.23767500937500002 0.654616971875 0.44718281718749997 0.6789129796875 0.4002712671875 0.662308178125 0.2603606265625 0.6246281484375 0.196488715625 0.5484817125 0.14367413125 0.503681446875 0.12821645625 0.440703621875 0.122706609375 0.3762231109375 0.13437253437500002 0.3097390203125 0.1689394875 0.26926903125 0.20289783906249997 0.236134690625 0.251920675 0.22117791250000002 0.290995684375 0.2141653828125 0.3711492796875 0.22100013437500002 0.39193902187499996 0.23706640937499998 0.373152859375 0.24880240625 0.304950671875 0.2714880234375 0.24347553125000002 0.31245890625 0.2037919234375 0.3425878765625 0.189120628125 0.41279364375 0.1779555984375 0.550199809375 0.1899770796875
4 0.4711933421875 0.36767545468749996 0.4618541125 0.3755119984375 0.4634645046875 0.39007558750000004 0.51599360625 0.383133128125 0.58730886875 0.392256946875 0.5637992406250001 0.3642392609375 0.512772825 0.35400595 0.4711933421875 0.36767545468749996
3 0.5082647687499999 0.40553326093750003 0.474521828125 0.42854199531250003 0.4880836265625 0.4383821171875 0.5167099125 0.4408865921875 0.5551763203125 0.42982926875 0.5082647687499999 0.40553326093750003
5 0.34198446875 0.624633340625 0.35404358281250004 0.651649234375 0.381668075 0.6656042234374999 0.4623225671875 0.666891496875 0.49245153750000004 0.6522202015625 0.5214710109375 0.6172600593750001 0.5131335734375 0.6136460890625 0.44142512187499994 0.6419868890625 0.36699678125 0.635475253125 0.34198446875 0.624633340625
10 0.4349835578125 0.58373253125 0.37672919843749997 0.59017409375 0.35182459062500004 0.6110715421874999 0.41007895000000005 0.604629978125 0.5105213921875 0.6105330125 0.486009975 0.59396584375 0.4349835578125 0.58373253125
2 0.36950125625 0.6068489703125 0.34248536406249996 0.618908084375 0.36699678125 0.635475253125 0.44142512187499994 0.6419868890625 0.510020496875 0.6162582703124999 0.41007895000000005 0.604629978125 0.36950125625 0.6068489703125
6 0.375404290625 0.5064065265625 0.36094840625 0.5397562765624999 0.3854598265625 0.5563234484375 0.43698713749999996 0.5608315046875 0.4821805921875 0.538824559375 0.47895981093750006 0.50969738125 0.4580623640625 0.48479277343750005 0.4511199046875 0.43226367187500003 0.43233374375 0.416197396875 0.40943271562500005 0.414193815625 0.387641184375 0.43247908281249997 0.375404290625 0.5064065265625
8 0.327561025 0.360878334375 0.28598154062500003 0.3745478390625 0.2600751421875 0.40689580156250005 0.32555744375 0.3837793625 0.365133346875 0.393010884375 0.38069872656250003 0.37994998125 0.3504620515625 0.36288191406250003 0.327561025 0.360878334375
7 0.32927911875000004 0.4071812859375 0.2950352828125 0.435915275 0.308597084375 0.4457553984375 0.3704654140625 0.43097639687499995 0.357404509375 0.41541101718749995 0.32927911875000004 0.4071812859375