0 0 0 0 1 1 1 1 0 0 0
0 0.852777778125 0.28571428593750003 0.852777778125 0.22448979531250002 0.8083333328125001 0.1428571421875 0.75 0.0841836734375 0.672222221875 0.0484693875 0.6111111109375 0.033163265625 0.4388888890625 0.033163265625 0.3611111109375 0.0637755109375 0.3138888890625 0.10714285781249999 0.28611111093749997 0.153061225 0.26944444375 0.20918367343750002 0.26944444375 0.34693877500000003 0.24444444375000002 0.359693878125 0.225 0.38265306093749996 0.21944444375 0.4693877546875 0.2416666671875 0.5255102046875 0.3083333328125 0.56632653125 0.3583333328125 0.6428571421875 0.41111111093749997 0.69132653125 0.50555555625 0.7423469390624999 0.5611111109375 0.7525510203125 0.602777778125 0.75 0.6333333328124999 0.7474489796875 0.6944444437499999 0.71173469375 0.7416666671875001 0.6428571421875 0.7583333328124999 0.591836734375 0.7583333328124999 0.5510204078125 0.7861111109375 0.48979591874999995 0.7916666671875 0.428571428125 0.852777778125 0.28571428593750003
9 0.775 0.44387755156250003 0.775 0.3724489796875 0.7583333328124999 0.30612244843749997 0.727777778125 0.272959184375 0.70555555625 0.2627551015625 0.5166666671875 0.2321428578125 0.4 0.221938775 0.377777778125 0.22704081562499998 0.3583333328125 0.24489795937499997 0.36944444375 0.3265306125 0.352777778125 0.352040815625 0.34722222187499996 0.397959184375 0.33055555625 0.43367346875 0.3083333328125 0.41836734687500005 0.302777778125 0.3775510203125 0.27777777812500004 0.3545918375 0.2666666671875 0.3494897953125 0.24444444375000002 0.359693878125 0.225 0.38265306093749996 0.21944444375 0.4693877546875 0.23611111093749998 0.5153061218749999 0.25555555625 0.53826530625 0.2888888890625 0.5484693875 0.3083333328125 0.56632653125 0.3583333328125 0.6428571421875 0.43333333281249997 0.706632653125 0.522222221875 0.7474489796875 0.6 0.7525510203125 0.6555555562500001 0.7372448984375 0.7083333328125 0.6989795921875 0.752777778125 0.6122448984375 0.7583333328124999 0.5510204078125 0.7861111109375 0.48979591874999995 0.7861111109375 0.45408163281249997 0.775 0.44387755156250003
9 0.5722222218749999 0.390306121875 0.5111111109375 0.369897959375 0.47222222187499996 0.369897959375 0.44166666718750003 0.3877551015625 0.575 0.408163265625 0.58055555625 0.40306122499999997 0.5722222218749999 0.390306121875
9 0.6833333328125 0.4005102046875 0.6583333328125 0.41326530625 0.6611111109375 0.42602040781249995 0.722222221875 0.42091836718750003 0.752777778125 0.428571428125 0.722222221875 0.4005102046875 0.6833333328125 0.4005102046875
9 0.5416666671875 0.44897959218750005 0.5527777781250001 0.44387755156250003 0.46388888906250003 0.43367346875 0.5 0.45153061250000004 0.5416666671875 0.44897959218750005
9 0.5416666671875 0.5357142859375 0.5416666671875 0.5561224484375 0.5888888890625 0.5739795921875 0.6361111109375 0.5714285718750001 0.65 0.5688775515625 0.6583333328125 0.5561224484375 0.6416666671875 0.46428571406249997 0.627777778125 0.446428571875 0.5888888890625 0.446428571875 0.575 0.45408163281249997 0.5638888890625 0.505102040625 0.5416666671875 0.5357142859375
9 0.6583333328125 0.4591836734375 0.6777777781250001 0.47193877500000003 0.7194444437499999 0.4693877546875 0.73055555625 0.46428571406249997 0.7 0.45153061250000004 0.6583333328125 0.4591836734375
9 0.5833333328125 0.6505102046875 0.602777778125 0.647959184375 0.64444444375 0.6403061218749999 0.6638888890625 0.6275510203125 0.6166666671875001 0.6045918375 0.5944444437499999 0.6096938781250001 0.577777778125 0.5994897953125 0.51944444375 0.6122448984375 0.5388888890625 0.630102040625 0.5833333328125 0.6505102046875
1 0.6111111109375 0.033163265625 0.4388888890625 0.033163265625 0.3611111109375 0.0637755109375 0.3138888890625 0.10714285781249999 0.28611111093749997 0.153061225 0.26944444375 0.20918367343750002 0.2638888890625 0.33673469375 0.272222221875 0.3545918375 0.29722222187499997 0.36734693906250004 0.3083333328125 0.41836734687500005 0.32777777812500003 0.4362244890625 0.34722222187499996 0.397959184375 0.352777778125 0.352040815625 0.36944444375 0.3265306125 0.3583333328125 0.24489795937499997 0.377777778125 0.22704081562499998 0.4 0.221938775 0.5611111109375 0.23724489843750002 0.70555555625 0.2627551015625 0.727777778125 0.272959184375 0.7583333328124999 0.30612244843749997 0.76944444375 0.33673469375 0.775 0.44387755156250003 0.7888888890625 0.45153061250000004 0.8027777781250001 0.3928571421875 0.852777778125 0.28571428593750003 0.852777778125 0.22448979531250002 0.8083333328125001 0.1428571421875 0.75 0.0841836734375 0.672222221875 0.0484693875 0.6111111109375 0.033163265625
4 0.5166666671875 0.3954081625 0.5722222218749999 0.41071428593750003 0.58055555625 0.40306122499999997 0.5722222218749999 0.390306121875 0.5111111109375 0.369897959375 0.47222222187499996 0.369897959375 0.44166666718750003 0.3877551015625 0.4611111109375 0.3954081625 0.5166666671875 0.3954081625
3 0.5 0.45153061250000004 0.5388888890625 0.45153061250000004 0.5527777781250001 0.44387755156250003 0.46388888906250003 0.43367346875 0.5 0.45153061250000004
5 0.64444444375 0.6403061218749999 0.6638888890625 0.6275510203125 0.51944444375 0.6122448984375 0.5388888890625 0.630102040625 0.5833333328125 0.6505102046875 0.6 0.6505102046875 0.64444444375 0.6403061218749999
10 0.6166666671875001 0.6045918375 0.5944444437499999 0.6096938781250001 0.577777778125 0.5994897953125 0.5388888890625 0.6045918375 0.5305555562500001 0.6122448984375 0.6555555562500001 0.625 0.6166666671875001 0.6045918375
6 0.5638888890625 0.505102040625 0.5416666671875 0.5357142859375 0.5416666671875 0.5561224484375 0.5888888890625 0.5739795921875 0.6333333328124999 0.5739795921875 0.65 0.5688775515625 0.6583333328125 0.5561224484375 0.6416666671875 0.46428571406249997 0.627777778125 0.446428571875 0.5888888890625 0.446428571875 0.575 0.45408163281249997 0.5638888890625 0.505102040625
8 0.75 0.43112244843749997 0.7416666671875001 0.41326530625 0.722222221875 0.4005102046875 0.6833333328125 0.4005102046875 0.6583333328125 0.41326530625 0.6611111109375 0.42602040781249995 0.722222221875 0.42091836718750003 0.75 0.43112244843749997
7 0.7 0.45153061250000004 0.6583333328125 0.4591836734375 0.6777777781250001 0.47193877500000003 0.7166666671875 0.47193877500000003 0.73055555625 0.46428571406249997 0.7 0.45153061250000004