0 0.473796109375 0 0 0.049797978124999996 0 0.526203890625 0.049797978124999996 1 0.526203890625 1 1 0.9502020218749999 1 0.473796109375 0.9502020218749999 0 0.473796109375 0
0 0.64119875 0.17729311406249998 0.565041696875 0.15140400468749998 0.47505923125000005 0.1552126203125 0.38360023593750003 0.1987188859375 0.3311006234375 0.2635505078125 0.3152114390625 0.32735868125 0.30960736718750004 0.435277228125 0.2734331484375 0.46732390625000003 0.2725438546875 0.5126087593750001 0.2834162046875 0.562306334375 0.39777750625 0.7367009343750001 0.43173692499999994 0.76420073125 0.4731962921875 0.7824388671875 0.5364172265625 0.7927408484375 0.605963628125 0.782606765625 0.673161075 0.7501238765625 0.7156607609375001 0.697641134375 0.75537528125 0.5917863578125 0.7783281984375 0.487693296875 0.761868646875 0.43858295781249995 0.7539493609375 0.30949008125 0.7054431328125 0.224205525 0.64119875 0.17729311406249998
9 0.7680430874999999 0.44358292187500004 0.7589324546875 0.41064695 0.7398218953125 0.390059859375 0.72718783125 0.323600678125 0.703966603125 0.2639031765625 0.6632455015625001 0.2258162125 0.633547778125 0.2119908015625 0.5647396437500001 0.202276059375 0.4468211703125 0.20902086718750001 0.40947247343750004 0.22989314218749998 0.381972675 0.2638525640625 0.33547960625 0.46645148281250004 0.3237179640625 0.46203875937500005 0.3126945875 0.4377772109375 0.2909330203125 0.44571336562499997 0.2734331484375 0.46732390625000003 0.2834162046875 0.562306334375 0.3363351578125 0.63582925 0.3651435890625 0.6949395140625 0.43173692499999994 0.76420073125 0.5078939796874999 0.7900898390625 0.6034636453125 0.7856939859375001 0.673161075 0.7501238765625 0.7250734484375 0.6797050515625 0.7277244578125 0.6511818046875 0.75537528125 0.5917863578125 0.7618517765624999 0.5459142671875 0.7756771875 0.5162165437499999 0.7680430874999999 0.44358292187500004
9 0.47002552656249996 0.3760496796875 0.42032795156249997 0.3869220265625 0.3978281171875 0.41470700781250003 0.46737451874999997 0.40457292499999997 0.5213337921875 0.4073749609375 0.5108976546874999 0.3887006125 0.47002552656249996 0.3760496796875
9 0.7204092828124999 0.420344821875 0.6920370625000001 0.3922577859375 0.651164934375 0.3796068515625 0.628816128125 0.3819558046875 0.599554615625 0.399153621875 0.6149907171875 0.4116535296875 0.6535138890625001 0.4019556578125 0.7123220984375 0.42401928125 0.7204092828124999 0.420344821875
9 0.4298747953125 0.4508812265625 0.467659703125 0.46103218124999995 0.49809569218750005 0.45500876718749994 0.50868285625 0.4482470875 0.47531067499999996 0.42633449375000004 0.4298747953125 0.4508812265625
9 0.5057297937499999 0.5276423890624999 0.503078784375 0.5561656359375 0.5476253703125 0.5769037531250001 0.6004101671875001 0.5685313875 0.621584496875 0.5550080281249999 0.6068866625 0.522659296875 0.593665359375 0.45061291406250004 0.5720548187500001 0.43311304218749996 0.5497060109375 0.435461996875 0.531618903125 0.45148533593750007 0.5257296453125 0.5029446281250001 0.5057297937499999 0.5276423890624999
9 0.6842350625 0.45239149999999995 0.677473384375 0.4418043359375 0.650275640625 0.424891703125 0.6229268718750001 0.43341509843750003 0.6104269640625 0.4488511984375 0.6599735124999999 0.46341487499999995 0.6736478984375001 0.45915317968749997 0.6842350625 0.45239149999999995
9 0.6059804984375 0.67527545625 0.6302420468750001 0.66425208125 0.6465674421875 0.6314671374999999 0.6070208187499999 0.604554578125 0.5220383156249999 0.602188753125 0.466015271875 0.6334971656249999 0.4795386296875 0.6546714953125 0.5246724546875 0.680996815625 0.6059804984375 0.67527545625
1 0.72718783125 0.323600678125 0.7398218953125 0.390059859375 0.755845234375 0.40814696875 0.7621707015625 0.38771090625000004 0.7539493609375 0.30949008125 0.7386642890624999 0.27155414843750003 0.7054431328125 0.224205525 0.6653092734375 0.191705765625 0.5997393843750001 0.1590549765625 0.53651845 0.1487529953125 0.47505923125000005 0.1552126203125 0.43153609531250003 0.17108493281249998 0.35801318125 0.22400388593749998 0.322275175 0.2870737921875 0.308432890625 0.42410282343750005 0.3329796234375 0.469538703125 0.381972675 0.2638525640625 0.430646803125 0.216369784375 0.5647396437500001 0.202276059375 0.633547778125 0.2119908015625 0.6632455015625001 0.2258162125 0.703966603125 0.2639031765625 0.72718783125 0.323600678125
4 0.5188338109374999 0.41046218124999995 0.5201593156250001 0.39620055781249996 0.5108976546874999 0.3887006125 0.47002552656249996 0.3760496796875 0.42032795156249997 0.3869220265625 0.3978281171875 0.41470700781250003 0.46737451874999997 0.40457292499999997 0.5188338109374999 0.41046218124999995
3 0.47531067499999996 0.42633449375000004 0.4298747953125 0.4508812265625 0.467659703125 0.46103218124999995 0.49559571093750004 0.45809598749999997 0.50868285625 0.4482470875 0.47531067499999996 0.42633449375000004
5 0.49497473125 0.667171403125 0.5246724546875 0.680996815625 0.603480515625 0.6783626765624999 0.6302420468750001 0.66425208125 0.641567478125 0.637641578125 0.617305928125 0.648664953125 0.5446723078125 0.6562990546874999 0.47410245624999997 0.6298227062499999 0.466015271875 0.6334971656249999 0.49497473125 0.667171403125
10 0.6070208187499999 0.604554578125 0.549974325 0.5992525609375 0.5002767484375 0.610124909375 0.4766024375 0.6267354875 0.5746720859375001 0.6192524125000001 0.6317185796875 0.62455443125 0.6070208187499999 0.604554578125
2 0.6409802390625 0.632054375 0.6143697359375 0.6207289453125 0.5746720859375001 0.6192524125000001 0.477189675 0.6323226890625 0.5446723078125 0.6562990546874999 0.617305928125 0.648664953125 0.6409802390625 0.632054375
6 0.5257296453125 0.5029446281250001 0.5057297937499999 0.5276423890624999 0.503078784375 0.5561656359375 0.5476253703125 0.5769037531250001 0.5979101859375 0.57161860625 0.621584496875 0.5550080281249999 0.6068866625 0.522659296875 0.593665359375 0.45061291406250004 0.5720548187500001 0.43311304218749996 0.5497060109375 0.435461996875 0.531618903125 0.45148533593750007 0.5257296453125 0.5029446281250001
8 0.7179093 0.4234320421875 0.6920370625000001 0.3922577859375 0.651164934375 0.3796068515625 0.628816128125 0.3819558046875 0.599554615625 0.399153621875 0.6149907171875 0.4116535296875 0.6535138890625001 0.4019556578125 0.7179093 0.4234320421875
7 0.650275640625 0.424891703125 0.6229268718750001 0.43341509843750003 0.6104269640625 0.4488511984375 0.671147915625 0.46224039843750003 0.6842350625 0.45239149999999995 0.650275640625 0.424891703125