0 0.0729596578125 0 0 0.4606491453125 0 0.9270403421875001 0.4606491453125 1 0.9270403421875001 1 1 0.5393508546875 1 0.0729596578125 0.5393508546875 0 0.0729596578125 0
0 0.3072188796875 0.6741928749999999 0.3349582796875 0.700920153125 0.4101650046875 0.747573178125 0.43649784843750006 0.757947721875 0.484390965625 0.7667740125 0.53309329375 0.7620800421875 0.615114728125 0.7068288265625 0.6618555265625 0.6472304734375001 0.7030992921875 0.5718722828125 0.7154978453124999 0.544057634375 0.729514815625 0.4892024640625 0.74826198125 0.4549487421875 0.7540979921875001 0.4012793671875 0.7645794578125 0.38556874375 0.7612558140625 0.3813200296875 0.7222681171875001 0.3751449859375 0.6683674296875 0.3790156171875 0.5454391421875 0.3645087546875 0.3736793453125 0.30504475625 0.3577008484375 0.3049955421875 0.3336261390625 0.28877482187500003 0.29097375312499996 0.27209321875 0.267581134375 0.2683881921875 0.246020859375 0.2699364453125 0.2400556640625 0.273954715625 0.2270597640625 0.2718963671875 0.2103991765625 0.259331459375 0.1996190390625 0.2601055875 0.185047096875 0.2764091078125 0.1770800671875 0.30988870625 0.1811726125 0.384982865625 0.1932321859375 0.42659742968750003 0.2098504015625 0.44784098749999995 0.2268944078125 0.457985090625 0.2473468015625 0.4550206 0.251992253125 0.49297935 0.2457728234375 0.549069528125 0.25301745625 0.5874399484375 0.26073025 0.6060322609375 0.2773060921875 0.6359544703125 0.3072188796875 0.6741928749999999
9 0.327927575 0.694843534375 0.3734778140625 0.7268733046875 0.43760572968749994 0.7593639578125 0.484390965625 0.7667740125 0.53309329375 0.7620800421875 0.615114728125 0.7068288265625 0.6618555265625 0.6472304734375001 0.7030992921875 0.5718722828125 0.7154978453124999 0.544057634375 0.729514815625 0.4892024640625 0.74826198125 0.4549487421875 0.7540979921875001 0.4012793671875 0.7645794578125 0.38556874375 0.7612558140625 0.3813200296875 0.7222681171875001 0.3751449859375 0.6683674296875 0.3790156171875 0.5454391421875 0.3645087546875 0.36068344531249996 0.3029864078125 0.312152675 0.3486528296875 0.2915731640625 0.377653275 0.28151749062500003 0.3822644421875 0.276361503125 0.3727624515625 0.27499732187500003 0.347731065625 0.256589134375 0.3125555765625 0.2522423546875 0.289533325 0.2400556640625 0.273954715625 0.2270597640625 0.2718963671875 0.2103991765625 0.259331459375 0.1996190390625 0.2601055875 0.185047096875 0.2764091078125 0.1770800671875 0.30988870625 0.1811726125 0.384982865625 0.1932321859375 0.42659742968750003 0.2098504015625 0.44784098749999995 0.2268944078125 0.457985090625 0.2473468015625 0.4550206 0.251992253125 0.49297935 0.2457728234375 0.549069528125 0.25301745625 0.5874399484375 0.26073025 0.6060322609375 0.2773060921875 0.6359544703125 0.327927575 0.694843534375
9 0.44603265625 0.4033580203125 0.46047748125 0.413090453125 0.511310825 0.428586259375 0.5650843937500001 0.45075158281250005 0.5795715921875 0.45180536250000003 0.587794921875 0.44194091718750006 0.56039656875 0.42147148437500004 0.5422023109375 0.418589796875 0.4921358015625 0.3982523796875 0.44275138593749996 0.39043065625 0.41893297656249995 0.3978250875 0.44603265625 0.4033580203125
9 0.6773596625 0.43999661874999996 0.644252415625 0.4471606078125 0.6338133234375001 0.4541925796875 0.6378614296875 0.4622783328125 0.668327125 0.46338132656250003 0.6768915 0.4597747265625 0.6950857578125 0.46265641406249997 0.7374818453125 0.45572286718750005 0.7193299578125 0.444162528125 0.6773596625 0.43999661874999996
9 0.503559790625 0.5700467171875 0.5131473015625 0.58521365625 0.54501955 0.6026693843750001 0.566537453125 0.609799784375 0.5918047890625 0.6100794390625001 0.6189892125 0.59825506875 0.623206809375 0.571626215625 0.6147271765625 0.5578755140625 0.6117848859375 0.4755189390625 0.5962321796875 0.4643702703125 0.5806371015625 0.4619002515625 0.56167600625 0.46386017500000004 0.5542195125 0.4688830125 0.5304879140625001 0.5346071968749999 0.5114420749999999 0.553924421875 0.503559790625 0.5700467171875
9 0.50854215625 0.46288919687499996 0.46695527812500004 0.4563024828125 0.43619091093750006 0.44026298906249994 0.46469714375000004 0.46214865781250003 0.4995943625 0.46891660156250003 0.5260119515625 0.461933840625 0.50854215625 0.46288919687499996
9 0.6659418734375 0.495263459375 0.69197604375 0.4907015046875 0.626996546875 0.4804097625 0.6492389125 0.491377203125 0.6659418734375 0.495263459375
9 0.518091428125 0.638108903125 0.449320125 0.6433465593750001 0.4978105890625 0.682045846875 0.52712603125 0.6904112546875 0.53863063125 0.6934741703125 0.563173503125 0.68991678125 0.5821769703124999 0.6792782093749999 0.5918915984375 0.66840919375 0.574506546875 0.6520072453125 0.5433163890625 0.6470672093750001 0.53368650625 0.640578921875 0.518091428125 0.638108903125
4 0.644252415625 0.4471606078125 0.6338133234375001 0.4541925796875 0.638969309375 0.4636945703125 0.6527320453125001 0.46091130937499997 0.668327125 0.46338132656250003 0.6768915 0.4597747265625 0.716646034375 0.46110816093749996 0.7374818453125 0.45572286718750005 0.7193299578125 0.444162528125 0.6773596625 0.43999661874999996 0.644252415625 0.4471606078125
3 0.69197604375 0.4907015046875 0.626996546875 0.4804097625 0.65034679375 0.492793440625 0.6659418734375 0.495263459375 0.69197604375 0.4907015046875
6 0.503559790625 0.5700467171875 0.5131473015625 0.58521365625 0.5676453343750001 0.611216021875 0.5918047890625 0.6100794390625001 0.6189892125 0.59825506875 0.623206809375 0.571626215625 0.6147271765625 0.5578755140625 0.6117848859375 0.4755189390625 0.5962321796875 0.4643702703125 0.5806371015625 0.4619002515625 0.56167600625 0.46386017500000004 0.5542195125 0.4688830125 0.5304879140625001 0.5346071968749999 0.5148080890625 0.5494944828125 0.503559790625 0.5700467171875
5 0.4667051765625 0.6597485062499999 0.4978105890625 0.682045846875 0.5282339125 0.6918274921875 0.563173503125 0.68991678125 0.5821769703124999 0.6792782093749999 0.5918915984375 0.66840919375 0.5610424859375 0.66972700625 0.5142572484375 0.6623169515625 0.4519193046875 0.6437582296875 0.4667051765625 0.6597485062499999
10 0.518091428125 0.638108903125 0.46010026406250004 0.6425724328125 0.5306191640625 0.6599453609375 0.5896758375 0.6655767203125 0.574506546875 0.6520072453125 0.5433163890625 0.6470672093750001 0.53368650625 0.640578921875 0.518091428125 0.638108903125
2 0.5866932390625 0.6675858546875 0.45971684531249996 0.6449932390625001 0.5142572484375 0.6623169515625 0.5610424859375 0.66972700625 0.5866932390625 0.6675858546875
8 0.46047748125 0.413090453125 0.511310825 0.428586259375 0.5661922749999999 0.4521678203125 0.5795715921875 0.45180536250000003 0.587794921875 0.44194091718750006 0.56039656875 0.42147148437500004 0.5422023109375 0.418589796875 0.4921358015625 0.3982523796875 0.44275138593749996 0.39043065625 0.41893297656249995 0.3978250875 0.44603265625 0.4033580203125 0.46047748125 0.413090453125
7 0.46695527812500004 0.4563024828125 0.4432216140625 0.44633960781250004 0.465805025 0.4635648953125 0.4995943625 0.46891660156250003 0.5260119515625 0.461933840625 0.50854215625 0.46288919687499996 0.46695527812500004 0.4563024828125
1 0.2713326328125 0.33722450625 0.276361503125 0.3727624515625 0.28151749062500003 0.3822644421875 0.297921778125 0.37121419843750003 0.312152675 0.3486528296875 0.3334142765625 0.3321680796875 0.352460115625 0.3128508546875 0.3565929671875 0.3035793046875 0.3336261390625 0.28877482187500003 0.29097375312499996 0.27209321875 0.267581134375 0.2683881921875 0.246020859375 0.2699364453125 0.2411635453125 0.27537095312500004 0.2522423546875 0.289533325 0.256589134375 0.3125555765625 0.2713326328125 0.33722450625