0 0.46941869062499997 0 0 0.0576373671875 0 0.530581309375 0.0576373671875 1 0.530581309375 1 1 0.9423626328125 1 0.46941869062499997 0.9423626328125 0 0.46941869062499997 0
0 0.7593549312500001 0.5374548359375 0.7658622312500001 0.4966752921875 0.7879370921875 0.5006282640624999 0.8068207968750001 0.490313528125 0.8256716015625001 0.46800866562500004 0.8403640343750001 0.42355874218749995 0.8477069390624999 0.34269605 0.8403574140625001 0.306283278125 0.8251780640625 0.2881567953125 0.8135122750000001 0.286923803125 0.794950975 0.29986432500000004 0.7807717421875 0.301605315625 0.774455240625 0.29705014375 0.7511236578125 0.29458416249999997 0.7256010421875 0.2977179453125 0.67868128125 0.3141404484375 0.6519348484374999 0.3307513453125 0.634597365625 0.33021475312500004 0.4459511015625 0.388027409375 0.312021521875 0.399141153125 0.25369257031250003 0.3929762 0.21115487812499997 0.398199171875 0.20738471718749998 0.40266014375000003 0.21814909531249999 0.4199960328125 0.222406175 0.47811146718749997 0.24142149062499998 0.5157572296875 0.2545085125 0.575453853125 0.26688491875000003 0.605918659375 0.3087186140625 0.6887393359375 0.3571254140625 0.754760715625 0.44397733749999996 0.8173943124999999 0.496634596875 0.8242556640625001 0.5489365484375 0.8165011062499999 0.57790691875 0.8062805687499999 0.66130446875 0.7587254578125 0.692432971875 0.730915028125 0.72636441875 0.6907662765625 0.745504725 0.6590970734375 0.7545912703125001 0.6393237968750001 0.763934415625 0.5981960546875 0.7593549312500001 0.5374548359375
9 0.7593549312500001 0.5374548359375 0.7658622312500001 0.4966752921875 0.7879370921875 0.5006282640624999 0.8068207968750001 0.490313528125 0.8256716015625001 0.46800866562500004 0.8403640343750001 0.42355874218749995 0.8477069390624999 0.34269605 0.8403574140625001 0.306283278125 0.8251780640625 0.2881567953125 0.8135122750000001 0.286923803125 0.794950975 0.29986432500000004 0.7807717421875 0.301605315625 0.7669478203125 0.31796221406249997 0.7613419328125001 0.342638859375 0.7400105906250001 0.379907828125 0.73756295625 0.40686205781250007 0.7316017593749999 0.4169227953125 0.720870284375 0.41157703124999995 0.6996639328125001 0.379531034375 0.648776596875 0.3284737625 0.4459511015625 0.388027409375 0.312021521875 0.399141153125 0.25369257031250003 0.3929762 0.21115487812499997 0.398199171875 0.20738471718749998 0.40266014375000003 0.21814909531249999 0.4199960328125 0.222406175 0.47811146718749997 0.24142149062499998 0.5157572296875 0.2545085125 0.575453853125 0.26688491875000003 0.605918659375 0.3087186140625 0.6887393359375 0.3571254140625 0.754760715625 0.44397733749999996 0.8173943124999999 0.496634596875 0.8242556640625001 0.5476798265625 0.8179880984375 0.618510175 0.7853028937500001 0.6691671968749999 0.752429296875 0.72636441875 0.6907662765625 0.745504725 0.6590970734375 0.7545912703125001 0.6393237968750001 0.763934415625 0.5981960546875 0.7593549312500001 0.5374548359375
9 0.42752141093749996 0.44892842968749996 0.39700481718749997 0.4700003 0.4055452578125 0.48094583125 0.42130361406250005 0.48034363124999996 0.4805010765625 0.45841556250000004 0.5362507812499999 0.44357425 0.5522986421875 0.4336077109375 0.5819138234375 0.42863873906250005 0.55635830625 0.41978239687499996 0.5024772296875 0.42639816093749994 0.44737233437499996 0.4464910421875 0.42752141093749996 0.44892842968749996
9 0.308804084375 0.49015878281249997 0.34189992187499996 0.4900931796875 0.3466043984375 0.4815194328125 0.3355505171875 0.473547884375 0.29990833437500003 0.46459734375000006 0.254212390625 0.46754273125 0.23407196406250003 0.47934445937500003 0.279800809375 0.48838919687500004 0.2996517328125 0.48595180937500004 0.308804084375 0.49015878281249997
9 0.40399903437500007 0.4917971609375 0.3869839578125 0.49388635000000003 0.36967937812499996 0.5053398796875 0.3633036875 0.5940799234374999 0.3535723328125 0.608601634375 0.35711879375 0.6374852515625 0.38615496875 0.6512449625000001 0.41357911718749996 0.65187575625 0.43720020000000004 0.6449773953125 0.47245417187500005 0.627321903125 0.48344224843749994 0.6113132015625 0.475513715625 0.593629115625 0.45559698906249996 0.5720862515625 0.4323903984375 0.50030530625 0.42449476875 0.4946113421875 0.40399903437500007 0.4917971609375
9 0.5275524468749999 0.48995356093750003 0.48217890781249995 0.49552473125 0.46326229999999996 0.4938493421875 0.491653665625 0.5023574859375 0.5297763843750001 0.49634392031249996 0.5615496984374999 0.4737850578125 0.5275524468749999 0.48995356093750003
9 0.328431309375 0.5210659859375 0.35298670625 0.510054853125 0.28209055312500003 0.5187598062500001 0.3101595109375 0.524642165625 0.328431309375 0.5210659859375
9 0.3939256078125 0.7262538890625 0.4141318390625 0.7384324125 0.44062167187499995 0.7431759796875 0.4532217765625 0.7402961953125 0.4853503984375 0.732353240625 0.5394551734374999 0.6923928859374999 0.465045459375 0.684204346875 0.44803038281249996 0.6862935343750001 0.437331809375 0.6929378953125 0.40330165625000003 0.6971162734374999 0.383806040625 0.7141695671875 0.3939256078125 0.7262538890625
4 0.2996517328125 0.48595180937500004 0.308804084375 0.49015878281249997 0.325819159375 0.48806959375 0.3406432015625 0.4915801703125 0.3466043984375 0.4815194328125 0.3355505171875 0.473547884375 0.29990833437500003 0.46459734375000006 0.254212390625 0.46754273125 0.23407196406250003 0.47934445937500003 0.2564692296875 0.485923215625 0.2996517328125 0.48595180937500004
3 0.3101595109375 0.524642165625 0.3271745875 0.522552978125 0.35298670625 0.510054853125 0.28209055312500003 0.5187598062500001 0.3101595109375 0.524642165625
6 0.40399903437500007 0.4917971609375 0.3869839578125 0.49388635000000003 0.36967937812499996 0.5053398796875 0.3633036875 0.5940799234374999 0.3535723328125 0.608601634375 0.35711879375 0.6374852515625 0.38615496875 0.6512449625000001 0.4123223953125 0.653362746875 0.47245417187500005 0.627321903125 0.48344224843749994 0.6113132015625 0.472033059375 0.5887257453125 0.45559698906249996 0.5720862515625 0.4323903984375 0.50030530625 0.42449476875 0.4946113421875 0.40399903437500007 0.4917971609375
5 0.3939256078125 0.7262538890625 0.4141318390625 0.7384324125 0.4519650546875 0.7417831875 0.4853503984375 0.732353240625 0.5199595578125 0.7094461828124999 0.5366193265625 0.6927410843749999 0.468269515625 0.7104621812499999 0.41722428593750005 0.716729746875 0.383806040625 0.7141695671875 0.3939256078125 0.7262538890625
10 0.45060962812499994 0.707299803125 0.5277893828125 0.691159896875 0.465045459375 0.684204346875 0.44803038281249996 0.6862935343750001 0.437331809375 0.6929378953125 0.40330165625000003 0.6971162734374999 0.38631948125000004 0.7111955859375 0.45060962812499994 0.707299803125
2 0.41722428593750005 0.716729746875 0.468269515625 0.7104621812499999 0.5281117890625 0.6937856796874999 0.3894777328125 0.713473171875 0.41722428593750005 0.716729746875
8 0.44737233437499996 0.4464910421875 0.42752141093749996 0.44892842968749996 0.39700481718749997 0.4700003 0.4055452578125 0.48094583125 0.42004689375000004 0.48183062187500003 0.4805010765625 0.45841556250000004 0.5362507812499999 0.44357425 0.5522986421875 0.4336077109375 0.5819138234375 0.42863873906250005 0.55635830625 0.41978239687499996 0.5024772296875 0.42639816093749994 0.44737233437499996 0.4464910421875
7 0.553686971875 0.4800812203125 0.5275524468749999 0.48995356093750003 0.48217890781249995 0.49552473125 0.46326229999999996 0.4938493421875 0.491653665625 0.5023574859375 0.5285196640625001 0.4978309109375 0.553686971875 0.4800812203125
1 0.7511236578125 0.29458416249999997 0.7256010421875 0.2977179453125 0.67868128125 0.3141404484375 0.6531915671874999 0.3292643546875 0.6573170375 0.339419290625 0.677233765625 0.36096215468750004 0.6996639328125001 0.379531034375 0.714231375 0.4043960765625 0.7316017593749999 0.4169227953125 0.73756295625 0.40686205781250007 0.7443926609375 0.36870829843749997 0.7613419328125001 0.342638859375 0.7669478203125 0.31796221406249997 0.7795150234375 0.30309230625 0.774455240625 0.29705014375 0.7511236578125 0.29458416249999997