0 0.008651368750000001 0 0 0.4956365609375 0 0.99134863125 0.4956365609375 1 0.99134863125 1 1 0.5043634390625 1 0.008651368750000001 0.5043634390625 0 0.008651368750000001 0
0 0.36171530937499996 0.681663346875 0.418276646875 0.7332718359375 0.44906014218749996 0.7491489234375 0.47537333437499996 0.75421015 0.517265646875 0.7564753578125 0.545425840625 0.7446950890624999 0.6051725546875 0.7027866453125 0.64465570625 0.6651264265625 0.6864141375 0.5860885734375 0.6974694203125 0.5755437109375 0.722524496875 0.5637092421875 0.7493730390625 0.53810029375 0.743216340625 0.5349248765625 0.746535596875 0.52271100625 0.772126021875 0.4802063625 0.769609790625 0.4464149703125 0.7588757187499999 0.43855772656249997 0.7216143125000001 0.437907325 0.6944712859375 0.3914142625 0.6575846249999999 0.369294740625 0.6020137265625001 0.3499170359375 0.5275979875 0.34248220156250003 0.356763015625 0.3425682171875 0.3099185828125 0.35709030468749997 0.2878080203125 0.3781800265625 0.266125734375 0.374733609375 0.25191180156250004 0.3882912875 0.25073403125 0.45576567187499994 0.25603417031250003 0.50801336875 0.2620838 0.5173228203125 0.22297539375 0.5335139156250001 0.2212354625 0.544221378125 0.24139195624999998 0.5461071859375 0.266661171875 0.5220046484374999 0.2788675015625 0.5344895171874999 0.29739113281249996 0.540948753125 0.3050200890625 0.5487517953125 0.307696925 0.5733421359374999 0.33146716249999997 0.635116084375 0.36171530937499996 0.681663346875
9 0.418276646875 0.7332718359375 0.44906014218749996 0.7491489234375 0.476899125 0.7557707578125 0.517265646875 0.7564753578125 0.545425840625 0.7446950890624999 0.6051725546875 0.7027866453125 0.64465570625 0.6651264265625 0.6864141375 0.5860885734375 0.6974694203125 0.5755437109375 0.722524496875 0.5637092421875 0.7493730390625 0.53810029375 0.743216340625 0.5349248765625 0.746535596875 0.52271100625 0.772126021875 0.4802063625 0.769609790625 0.4464149703125 0.7557706015625001 0.43850352656249997 0.7353464328125 0.4519528046875 0.7218552640625 0.5130763546875 0.712218703125 0.531315859375 0.704375609375 0.535780884375 0.7034387015625 0.500483084375 0.7099166125 0.485256396875 0.7171440109375 0.4270914640625 0.6944712859375 0.3914142625 0.6575846249999999 0.369294740625 0.6020137265625001 0.3499170359375 0.5275979875 0.34248220156250003 0.3691834828125 0.3427850171875 0.3348130546875 0.3544568859375 0.3237577734375 0.36500174687500003 0.3171192578125 0.3894294875 0.316423303125 0.4293007140625 0.308312534375 0.449100828125 0.2976855328125 0.43510954843749994 0.2923318578125 0.38592886875 0.278546203125 0.374950409375 0.266125734375 0.374733609375 0.25191180156250004 0.3882912875 0.25073403125 0.45576567187499994 0.2590322171875 0.514201603125 0.2788675015625 0.5344895171874999 0.29739113281249996 0.540948753125 0.3050200890625 0.5487517953125 0.3165304625 0.6011078921874999 0.33146716249999997 0.635116084375 0.36171530937499996 0.681663346875 0.418276646875 0.7332718359375
9 0.3934890703125 0.3738887921875 0.3636424796875 0.39330950625 0.4459013140625 0.3962793140625 0.478049996875 0.42291806249999997 0.492049790625 0.42162845468750004 0.493789721875 0.41092099375 0.48310918437500006 0.3999967328125 0.4399587546875 0.3808358265625 0.3934890703125 0.3738887921875
9 0.5820446515625 0.426267271875 0.561566946875 0.44278356875 0.5723010203125 0.4506408125 0.592403978125 0.4555936375 0.624980940625 0.457696246875 0.6452980375 0.45038100468750003 0.6224647078125 0.4239048546875 0.6101513093750001 0.4175540203125 0.650464296875 0.4213256375 0.659672578125 0.42762227187499996 0.6921960046875 0.43279189999999995 0.6662575562499999 0.40626154999999997 0.6539441578125 0.399910715625 0.5825264671875 0.39866411562500004 0.569998928125 0.40458135000000006 0.5620487625 0.4151804109375 0.5696777171875 0.4229834546875 0.5960979796875 0.4219106453125 0.5820446515625 0.426267271875
9 0.41163795625 0.40181714843750005 0.39126732343750004 0.41219941093749995 0.4112096765625 0.42635328906250003 0.42820751875 0.431251915625 0.46078448125 0.4333545234375 0.4748913453125 0.42593088124999995 0.43958401093750005 0.4023049484375 0.41163795625 0.40181714843750005
9 0.45117473124999996 0.5390311265625 0.4510141265625 0.5482321796875 0.47084940937499997 0.5685200921875 0.49400395 0.5765941375 0.5141604421875 0.5784799453125 0.5422135671875 0.5728337109375 0.556373965625 0.5623430500000001 0.5536971296875 0.5377527093750001 0.5445423828125 0.5283890578125 0.546094896875 0.43944555 0.526206078125 0.4222246546875 0.5013116078125 0.424858071875 0.49341497656250005 0.43239011562499996 0.473392365625 0.5118073703125 0.45117473124999996 0.5390311265625
9 0.4296798625 0.6138207546875 0.4155729984375 0.6212443984375 0.4384598640625 0.6446535296875 0.48318961875 0.6623080265625 0.509556346875 0.664302234375 0.534504353125 0.6586017984375 0.567456059375 0.6392352859375 0.51972825625 0.6153925546875 0.4917822046875 0.6149047546874999 0.4825739234375 0.6086081203125 0.4296798625 0.6138207546875
1 0.2953299046875 0.3921171046875 0.2976855328125 0.43510954843749994 0.308312534375 0.449100828125 0.316423303125 0.4293007140625 0.3171192578125 0.3894294875 0.3237577734375 0.36500174687500003 0.3536043625 0.345581034375 0.3099185828125 0.35709030468749997 0.28622869375 0.379686434375 0.2953299046875 0.3921171046875
1 0.7099166125 0.485256396875 0.7034387015625 0.500483084375 0.704375609375 0.535780884375 0.712218703125 0.531315859375 0.7218552640625 0.5130763546875 0.731705965625 0.4825687796875 0.7321342453125 0.4580326390625 0.752665484375 0.4384493265625 0.7216143125000001 0.437907325 0.717036940625 0.4332255 0.7099166125 0.485256396875
1 0.232397815625 0.52754248125 0.2213960671875 0.535020325 0.222761253125 0.5457819859375 0.24139195624999998 0.5461071859375 0.2650283109375 0.5265780734375001 0.26513538125 0.5204440375 0.2542942390625 0.518720828125 0.232397815625 0.52754248125
4 0.622571778125 0.4177708203125 0.6783032796875 0.42794747187500004 0.6875115609375 0.4342441078125 0.6921960046875 0.43279189999999995 0.6662575562499999 0.40626154999999997 0.641577225 0.3966268984375 0.5825264671875 0.39866411562500004 0.562102296875 0.41211339375 0.5696777171875 0.4229834546875 0.622571778125 0.4177708203125
3 0.5820446515625 0.426267271875 0.561566946875 0.44278356875 0.59392976875 0.45715424687499995 0.624980940625 0.457696246875 0.6452980375 0.45038100468750003 0.6224647078125 0.4239048546875 0.59767730625 0.4204042375 0.5820446515625 0.426267271875
5 0.4155729984375 0.6212443984375 0.4384598640625 0.6446535296875 0.484715409375 0.663868634375 0.534504353125 0.6586017984375 0.567456059375 0.6392352859375 0.4821456421875 0.6331442593750001 0.4155729984375 0.6212443984375
10 0.42183676718749996 0.61828578125 0.47598894375 0.6299688421875 0.54419445 0.6372952781250001 0.5612993609375 0.63605986875 0.51972825625 0.6153925546875 0.4917822046875 0.6149047546874999 0.4825739234375 0.6086081203125 0.46083810312500006 0.6082287203125001 0.45141568125 0.6142001546875 0.4296798625 0.6138207546875 0.42183676718749996 0.61828578125
6 0.4510141265625 0.5482321796875 0.47084940937499997 0.5685200921875 0.495529740625 0.5781547453125 0.5422135671875 0.5728337109375 0.556373965625 0.5623430500000001 0.5536971296875 0.5377527093750001 0.5445423828125 0.5283890578125 0.546094896875 0.43944555 0.526206078125 0.4222246546875 0.51068049375 0.4219536546875 0.49341497656250005 0.43239011562499996 0.473392365625 0.5118073703125 0.45117473124999996 0.5390311265625 0.4510141265625 0.5482321796875
8 0.3636424796875 0.39330950625 0.4459013140625 0.3962793140625 0.4795757890625 0.42447867187500005 0.492049790625 0.42162845468750004 0.493789721875 0.41092099375 0.48310918437500006 0.3999967328125 0.4399587546875 0.3808358265625 0.3934890703125 0.3738887921875 0.3636424796875 0.39330950625
7 0.39126732343750004 0.41219941093749995 0.40505297812499996 0.42317787031250004 0.429733309375 0.43281252343750004 0.46078448125 0.4333545234375 0.4748913453125 0.42593088124999995 0.43958401093750005 0.4023049484375 0.41163795625 0.40181714843750005 0.39126732343750004 0.41219941093749995