0 0.095107984375 0 0 0.447447884375 0 0.904892015625 0.447447884375 1 0.904892015625 1 1 0.552552115625 1 0.095107984375 0.552552115625 0 0.095107984375 0
0 0.67299289375 0.5977814218749999 0.6941058796874999 0.6006201890625 0.6948549890625 0.5892368640625001 0.658586734375 0.56338950625 0.6669919046875 0.5552824625 0.684786634375 0.5030010109374999 0.6995416578125 0.43358408437499996 0.6881752078125001 0.41632764218749996 0.6651286 0.41472680625 0.6474474546875 0.387883453125 0.6028524562500001 0.3619151296875 0.4277122953125 0.32139006718749996 0.349653471875 0.31139389687499996 0.28809127968750003 0.3180956875 0.24503777031250001 0.332029490625 0.20620847968749997 0.3732441625 0.16784975156249998 0.3650907625 0.15498508125 0.3706009765625 0.1444110078125 0.4046299890625 0.160593934375 0.454239996875 0.1611077640625 0.46754070625 0.15404395937499998 0.46933712187500004 0.17551392187499998 0.501932621875 0.1984036765625 0.51998948125 0.20724425000000002 0.5334111578125 0.231361784375 0.6242821937499999 0.262935259375 0.6722167546875 0.31428035312499997 0.7293007109375 0.34036666875 0.7480370203125 0.38385558125 0.7556319375 0.41203237187499997 0.7566742890625 0.44735139375 0.7476922140625 0.5175540359374999 0.70819934375 0.5595798875 0.667664121875 0.5985660312500001 0.6099934234375 0.60712805625 0.5854303546875 0.6167961640625 0.57924069375 0.63731689375 0.5770067640625001 0.65278586875 0.567103303125 0.67299289375 0.5977814218749999
9 0.6624539796875 0.5609136421875001 0.684786634375 0.5030010109374999 0.6995416578125 0.43358408437499996 0.6881752078125001 0.41632764218749996 0.6753889656250001 0.4136098421875 0.6586570515625 0.42159592031250004 0.641533003125 0.47072205624999996 0.62732696875 0.4825428984375 0.6236950046875 0.46033472656249996 0.6324138828125 0.419315634375 0.6313862234375 0.392714215625 0.6225456515625 0.3792925390625 0.5900662140625 0.3591973296875 0.4277122953125 0.32139006718749996 0.349653471875 0.31139389687499996 0.28809127968750003 0.3180956875 0.24503777031250001 0.332029490625 0.2133507109375 0.3632197359375 0.20700085937499998 0.42452961718750004 0.210040565625 0.4416650921875 0.2007294328125 0.4776114890625 0.1937440546875 0.47117989062500004 0.18817847031249998 0.45020965312500005 0.188805884375 0.3843855546875 0.1710463109375 0.3657702125 0.15498508125 0.3706009765625 0.1444110078125 0.4046299890625 0.160593934375 0.454239996875 0.1611077640625 0.46754070625 0.15404395937499998 0.46933712187500004 0.17551392187499998 0.501932621875 0.1984036765625 0.51998948125 0.20724425000000002 0.5334111578125 0.231361784375 0.6242821937499999 0.262935259375 0.6722167546875 0.31428035312499997 0.7293007109375 0.34036666875 0.7480370203125 0.381921959375 0.7568698687500001 0.41203237187499997 0.7566742890625 0.44735139375 0.7476922140625 0.5175540359374999 0.70819934375 0.5595798875 0.667664121875 0.5829402015625 0.636352909375 0.60712805625 0.5854303546875 0.6167961640625 0.57924069375 0.63731689375 0.5770067640625001 0.6624539796875 0.5609136421875001
9 0.5837947875 0.41227919999999996 0.5577868984375 0.385314878125 0.508497121875 0.3814337578125 0.45972117343749996 0.39085334843749997 0.44618581874999996 0.399518875 0.445436709375 0.4109022015625 0.45948589218749997 0.415537384375 0.49875058437500003 0.3958514328125 0.5837947875 0.41227919999999996
9 0.270453403125 0.3539211140625 0.23758183125 0.374965965625 0.2721517453125 0.37736721875 0.2830827921875 0.3730949390625 0.325308765625 0.3787724734375 0.3111811578125 0.382365303125 0.28150614687500003 0.4040896046875 0.30060708593749996 0.416394315625 0.33450631406250003 0.4219508828125 0.356289984375 0.4216343359375 0.36915465468750003 0.41612412499999996 0.3520657640625 0.39435346718750003 0.338687265625 0.38656297031250003 0.365522690625 0.393915953125 0.3751908 0.38772629062499997 0.3695467875 0.3749840625 0.358101909375 0.365955634375 0.2845810125 0.350328284375 0.270453403125 0.3539211140625
9 0.5325713875 0.40963601250000004 0.5038023421875 0.4035209625 0.46201177031249996 0.4193721484375 0.4747195875 0.4303179609375 0.508618815625 0.435874528125 0.527205925 0.43487852968749996 0.5510016421875 0.4250960390625 0.5325713875 0.40963601250000004
9 0.35475660625 0.515297784375 0.34619458281250004 0.539860853125 0.3582317171875 0.5539619796874999 0.385659396875 0.566387659375 0.40677238437499996 0.569226425 0.432423296875 0.5664340140624999 0.45756038125 0.5503408921874999 0.4595724296875 0.5408749484375 0.44323265 0.507720965625 0.4414910390625 0.42160607812500006 0.4351763453125 0.41201916718750003 0.410274540625 0.40342825156249995 0.385808140625 0.41636605937500004 0.3663583375 0.5078701890625 0.35475660625 0.515297784375
9 0.3975829453125 0.6596135921874999 0.4476218328125 0.652111384375 0.47662616093750004 0.6335423984374999 0.46391834374999996 0.6225965859375 0.4109181765625 0.6047353078125 0.399987128125 0.6090075875000001 0.37121808125 0.6028925375 0.31664126718749996 0.6160259234375001 0.3458457171875 0.6436696953125 0.3700768375 0.655415925 0.3975829453125 0.6596135921874999
1 0.62732696875 0.4825428984375 0.641533003125 0.47072205624999996 0.654119125 0.4272270984375 0.6663915375 0.4166441890625 0.6474474546875 0.387883453125 0.605378334375 0.36574989375 0.6313862234375 0.392714215625 0.6324138828125 0.419315634375 0.6236950046875 0.46033472656249996 0.62732696875 0.4825428984375
1 0.1937440546875 0.47117989062500004 0.2007294328125 0.4776114890625 0.210040565625 0.4416650921875 0.20700085937499998 0.42452961718750004 0.21200934531249999 0.369530365625 0.20620847968749997 0.3732441625 0.1742428734375 0.3664496625 0.19066107968749998 0.391375634375 0.1852956171875 0.41661815312500006 0.18817847031249998 0.45020965312500005 0.1937440546875 0.47117989062500004
1 0.686606671875 0.5808878843749999 0.6662427953125001 0.5666657890625 0.654719490625 0.565865371875 0.6533781249999999 0.5721760015624999 0.67299289375 0.5977814218749999 0.6921722578125 0.601858121875 0.696117928125 0.5911542453124999 0.686606671875 0.5808878843749999
4 0.24204133125 0.37756279843749996 0.25297237968749997 0.37329051875 0.31252252343750003 0.3760546734375 0.365522690625 0.393915953125 0.3758614828125 0.3845709765625 0.358101909375 0.365955634375 0.2980379375 0.3498907703125 0.270453403125 0.3539211140625 0.23758183125 0.374965965625 0.24204133125 0.37756279843749996
3 0.3520657640625 0.39435346718750003 0.3374243265625 0.3846455890625 0.3111811578125 0.382365303125 0.28150614687500003 0.4040896046875 0.30060708593749996 0.416394315625 0.33257269218749996 0.423188815625 0.36915465468750003 0.41612412499999996 0.3520657640625 0.39435346718750003
5 0.40555271406250004 0.6299778265625 0.31664126718749996 0.6160259234375001 0.3458457171875 0.6436696953125 0.3956493234375 0.6608515234375 0.4476218328125 0.652111384375 0.47662616093750004 0.6335423984374999 0.40555271406250004 0.6299778265625
10 0.323705071875 0.614229509375 0.3409508140625 0.619544140625 0.4126165171875 0.6281814109375 0.47090372187499996 0.6290281828125 0.46391834374999996 0.6225965859375 0.44154241875 0.6178404359375 0.433294103125 0.6094914578124999 0.4109181765625 0.6047353078125 0.399987128125 0.6090075875000001 0.37121808125 0.6028925375 0.323705071875 0.614229509375
6 0.3663583375 0.5078701890625 0.35475660625 0.515297784375 0.34619458281250004 0.539860853125 0.3582317171875 0.5539619796874999 0.4048387625 0.5704643593750001 0.432423296875 0.5664340140624999 0.45756038125 0.5503408921874999 0.4595724296875 0.5408749484375 0.44323265 0.507720965625 0.4414910390625 0.42160607812500006 0.42625734531250004 0.40682550156249997 0.410274540625 0.40342825156249995 0.385808140625 0.41636605937500004 0.3663583375 0.5078701890625
8 0.49875058437500003 0.3958514328125 0.5837947875 0.41227919999999996 0.5577868984375 0.385314878125 0.508497121875 0.3814337578125 0.45972117343749996 0.39085334843749997 0.44618581874999996 0.399518875 0.445436709375 0.4109022015625 0.4575522703125 0.4167753171875 0.49875058437500003 0.3958514328125
7 0.5510016421875 0.4250960390625 0.5325713875 0.40963601250000004 0.5038023421875 0.4035209625 0.46201177031249996 0.4193721484375 0.4747195875 0.4303179609375 0.50668519375 0.43711245937500004 0.5342697296875001 0.433082115625 0.5510016421875 0.4250960390625