0 0.0576373671875 0 0 0.46941869062499997 0 0.9423626328125 0.46941869062499997 1 0.9423626328125 1 1 0.530581309375 1 0.0576373671875 0.530581309375 0 0.0576373671875 0
0 0.319287825 0.6259745437500001 0.36696342187500003 0.668869175 0.43363735937500003 0.7007618171875001 0.50630729375 0.723019253125 0.5519622125 0.7301066031250001 0.5720033796874999 0.72367755625 0.6089572296875 0.6971006453124999 0.636102203125 0.6589479296875 0.6555564484375 0.6050345921875 0.6752706078124999 0.44447565625 0.6879794859375 0.41936673124999996 0.6806471968750001 0.40068685468750004 0.679995296875 0.3798639625 0.6621372531249999 0.3554467890625 0.6390000890625 0.3348263171875 0.5852635140625 0.32822829531250003 0.522272496875 0.3708694625 0.466026846875 0.3847062140625 0.412290271875 0.37810819218749997 0.39052188593750004 0.37247210625 0.3698288171875 0.3580782609375 0.3508629671875 0.355749546875 0.28506941406249997 0.395083340625 0.272067075 0.39645011874999997 0.24469361875 0.3841992875 0.21973176875 0.39150578281250004 0.2119110828125 0.42906795937500003 0.217386196875 0.489005503125 0.229248240625 0.523057884375 0.2446621875 0.54124843125 0.2565892109375 0.5486394140625 0.27871603437500003 0.551356246875 0.28953525 0.5808356890625 0.319287825 0.6259745437500001
9 0.36696342187500003 0.668869175 0.43363735937500003 0.7007618171875001 0.5077085625 0.7246729390625 0.5519622125 0.7301066031250001 0.5720033796874999 0.72367755625 0.6089572296875 0.6971006453124999 0.636102203125 0.6589479296875 0.6555564484375 0.6050345921875 0.6752706078124999 0.44447565625 0.6879794859375 0.41936673124999996 0.6837756828125 0.4144056734375 0.6458439828125 0.409748246875 0.6356441796875 0.41442239687500004 0.6251184249999999 0.4086851 0.6258353046875 0.4028465921875 0.6377948140624999 0.3969068765625 0.66415793125 0.3912540671875 0.6813640750000001 0.3948483484375 0.674390225 0.37324921718750004 0.6621372531249999 0.3554467890625 0.6418026234374999 0.3381336890625 0.6295171640625 0.333661959375 0.5852635140625 0.32822829531250003 0.5381098609375 0.3594793578125 0.5549575640625 0.36599289062499996 0.5735324859375 0.3845715578125 0.5612145359375 0.393430528125 0.5370020531249999 0.3815678171875 0.5057507421875 0.3747673734375 0.466026846875 0.3847062140625 0.4372196328125 0.38413239843749997 0.39052188593750004 0.37247210625 0.3698288171875 0.3580782609375 0.3508629671875 0.355749546875 0.28506941406249997 0.395083340625 0.272067075 0.39645011874999997 0.24469361875 0.3841992875 0.21973176875 0.39150578281250004 0.2119110828125 0.42906795937500003 0.217386196875 0.489005503125 0.229248240625 0.523057884375 0.2446621875 0.54124843125 0.2565892109375 0.5486394140625 0.27871603437500003 0.551356246875 0.28953525 0.5808356890625 0.319287825 0.6259745437500001 0.36696342187500003 0.668869175
9 0.5025247890625 0.4010406546875 0.4832005 0.40163119375 0.4610411859375 0.4122450625 0.48841464375 0.4244958921875 0.53266829375 0.42992955625 0.5204153218750001 0.412127128125 0.5025247890625 0.4010406546875
9 0.6521009546875 0.43718588281250004 0.63981549375 0.43271415468749996 0.610975790625 0.44547103593750004 0.6292247625 0.4536382578125 0.6527528546875 0.45800877656249994 0.6643539265625 0.4549883125 0.6521009546875 0.43718588281250004
9 0.5215566765624999 0.5204264125 0.5201229203125 0.5321034250000001 0.5330927703125 0.5440673484375 0.5653869109375 0.5554407296874999 0.598756365625 0.558056353125 0.6275960703125001 0.54529946875 0.629388265625 0.5307032031250001 0.6185365625 0.514554459375 0.6102589109375 0.45130954375 0.594486525 0.43603825 0.5786816499999999 0.4340976546875 0.5568807765625 0.44179226875 0.5405875046874999 0.49609372656249995 0.5215566765624999 0.5204264125
9 0.543879496875 0.5868774906249999 0.495715503125 0.6002249125 0.535700371875 0.6273589187499999 0.55570905 0.6342605703124999 0.5823981171875 0.639019209375 0.5957588968749999 0.6347331781250001 0.585950021875 0.623157375 0.6066755781250001 0.6242205203125 0.606349628125 0.613809075 0.5877747062500001 0.5952304078124999 0.57161139375 0.5962090671875 0.5628453453125 0.589206203125 0.543879496875 0.5868774906249999
4 0.631114425 0.3990498921875 0.6258353046875 0.4028465921875 0.6293222296875001 0.413646159375 0.6458439828125 0.409748246875 0.685535390625 0.41314010625 0.67960436875 0.396113915625 0.66415793125 0.3912540671875 0.631114425 0.3990498921875
3 0.63981549375 0.43271415468749996 0.610975790625 0.44547103593750004 0.6306260296875 0.45529194375 0.6643539265625 0.4549883125 0.6521009546875 0.43718588281250004 0.63981549375 0.43271415468749996
6 0.5201229203125 0.5321034250000001 0.5243267234375 0.537064484375 0.566788178125 0.5570944171875001 0.598756365625 0.558056353125 0.6275960703125001 0.54529946875 0.629388265625 0.5307032031250001 0.6185365625 0.514554459375 0.6102589109375 0.45130954375 0.594486525 0.43603825 0.5786816499999999 0.4340976546875 0.5568807765625 0.44179226875 0.5405875046874999 0.49609372656249995 0.5215566765624999 0.5204264125 0.5201229203125 0.5321034250000001
10 0.516082621875 0.6042073109375 0.588785046875 0.6131340468750001 0.6066755781250001 0.6242205203125 0.606349628125 0.613809075 0.5877747062500001 0.5952304078124999 0.57161139375 0.5962090671875 0.5628453453125 0.589206203125 0.543879496875 0.5868774906249999 0.4992349171875 0.597693778125 0.516082621875 0.6042073109375
2 0.517842328125 0.6029417453125 0.5757827078125 0.614500825 0.587709728125 0.6218918078125 0.6052743109375001 0.6225668359375 0.588785046875 0.6131340468750001 0.517842328125 0.6029417453125
5 0.495715503125 0.6002249125 0.535700371875 0.6273589187499999 0.55711031875 0.6359142578125 0.5823981171875 0.639019209375 0.5975186031249999 0.6334676109374999 0.5757827078125 0.614500825 0.495715503125 0.6002249125
8 0.510671425 0.37388992656250003 0.5370020531249999 0.3815678171875 0.5548925859375 0.392654290625 0.5678949265625 0.3912875140625 0.5735324859375 0.3845715578125 0.545833078125 0.36190928125 0.536350153125 0.36074492343750003 0.510671425 0.37388992656250003
7 0.4832005 0.40163119375 0.4610411859375 0.4122450625 0.4898159125 0.426149578125 0.53266829375 0.42992955625 0.5204153218750001 0.412127128125 0.5025247890625 0.4010406546875 0.4832005 0.40163119375