0 0.48690704218749997 0 0 0.0255177171875 0 0.5130929578125001 0.0255177171875 1 0.5130929578125001 1 1 0.9744822828125 1 0.48690704218749997 0.9744822828125 0 0.48690704218749997 0
0 0.7902578296875 0.556314828125 0.805225484375 0.521322034375 0.8153792281250001 0.45859285937500005 0.8099151796875 0.4184511421875 0.7842130171874999 0.40891365312500005 0.7545406671875 0.41979827187499996 0.740973709375 0.41739943281249997 0.6747021531249999 0.3711149453125 0.65459551875 0.372168690625 0.6317879140625 0.38580339375 0.6084927078125 0.3901340953125 0.551523909375 0.3931197046875 0.493417371875 0.374395975 0.43033438906250004 0.32483452968750004 0.373365590625 0.3278201390625 0.3475319484375 0.34783313437499996 0.3269687640625 0.37223469531250003 0.324755396875 0.39411965625 0.31567728281249996 0.41325453124999995 0.3271934078125 0.440639665625 0.336132778125 0.6112130328125 0.35262534843750004 0.6694358828125 0.37835856562500003 0.7116251890624999 0.415251784375 0.7423451437499999 0.43584602187500004 0.7505954015625 0.4843557875 0.7464981875000001 0.562375371875 0.72841501875 0.634799428125 0.6997406203125001 0.6880609984375 0.6580761500000001 0.7226476859375001 0.612725609375 0.7361835890624999 0.582472628125 0.75964133125 0.5812432609375 0.7727206859375 0.574338096875 0.7902578296875 0.556314828125
9 0.7727206859375 0.574338096875 0.7902578296875 0.556314828125 0.805225484375 0.521322034375 0.8153792281250001 0.45859285937500005 0.8099151796875 0.4184511421875 0.7842130171874999 0.40891365312500005 0.7545406671875 0.41979827187499996 0.740973709375 0.41739943281249997 0.6747021531249999 0.3711149453125 0.65459551875 0.372168690625 0.6317879140625 0.38580339375 0.5818463953124999 0.39464042187500004 0.551523909375 0.3931197046875 0.51049796875 0.37972052343749996 0.47714944531250003 0.384578096875 0.4508282 0.395287090625 0.4385304609375 0.38504710625 0.45941871250000005 0.3668482140625 0.47760599218750005 0.3612302796875 0.43033438906250004 0.32483452968750004 0.3834189078125 0.327293265625 0.37017701875000003 0.3310970953125 0.3475319484375 0.34783313437499996 0.3333459078125 0.3656807796875 0.324430328125 0.38791698750000003 0.34278014375 0.3854003890625 0.37007659375 0.3932993984375 0.3822117984375 0.40043805 0.382536865625 0.40664071875 0.371051796875 0.411907403125 0.3606734125 0.4062316078125 0.3204601421875 0.4083390953125 0.31567728281249996 0.41325453124999995 0.3271934078125 0.440639665625 0.336132778125 0.6112130328125 0.35262534843750004 0.6694358828125 0.37835856562500003 0.7116251890624999 0.415251784375 0.7423451437499999 0.43584602187500004 0.7505954015625 0.482761503125 0.7481366656249999 0.562375371875 0.72841501875 0.634799428125 0.6997406203125001 0.6880609984375 0.6580761500000001 0.7226476859375001 0.612725609375 0.7361835890624999 0.582472628125 0.75964133125 0.5812432609375 0.7727206859375 0.574338096875
9 0.53222994375 0.40968011718749997 0.511960775 0.407632528125 0.49234174218750004 0.417990275 0.478155703125 0.43583792031249996 0.5250711859375 0.43337918281250004 0.5547435359375 0.422494565625 0.53222994375 0.40968011718749997
9 0.3653247890625 0.4308666546875 0.3520829 0.43467048437500005 0.33789686093750004 0.45251812812500003 0.3498695328125 0.45655544687500005 0.374921559375 0.45368759843750006 0.39470312500000004 0.4464311875 0.3653247890625 0.4308666546875
9 0.39502819375 0.45263385468750006 0.3816858796875 0.5186399890625 0.36909412656249996 0.5348491546874999 0.36990679531250004 0.5503558234375 0.3992851328125 0.56592035625 0.4345530109375 0.565626971875 0.46933328750000003 0.5560295843749999 0.48384439375 0.5443846078125001 0.4831942578125 0.5319792703124999 0.464975921875 0.5049453859375 0.45183445781250003 0.4465469125 0.4294834015625 0.43683379999999994 0.41272787343750006 0.4377119203125 0.39502819375 0.45263385468750006
9 0.386105353125 0.6350278234375 0.40796880625 0.635436934375 0.39680880625000003 0.6469062875 0.4105382984375 0.6524064593750001 0.43894142968749994 0.6493629890625 0.46047981718750003 0.64356943125 0.5045007390625 0.6179385015625 0.45485323437499997 0.6003263796875 0.4347466 0.601380125 0.42501835000000004 0.6081096640625 0.40810028750000005 0.6058864500000001 0.38721203593750003 0.6240853421875 0.386105353125 0.6350278234375
4 0.377754009375 0.4115561546875 0.3822117984375 0.40043805 0.3769413390625 0.3960494859375 0.34278014375 0.3854003890625 0.32618715 0.38937984375 0.318703321875 0.40687624062500005 0.3606734125 0.4062316078125 0.377754009375 0.4115561546875
3 0.3653247890625 0.4308666546875 0.3520829 0.43467048437500005 0.33789686093750004 0.45251812812500003 0.3733272734375 0.455326078125 0.39470312500000004 0.4464311875 0.3653247890625 0.4308666546875
6 0.41272787343750006 0.4377119203125 0.39502819375 0.45263385468750006 0.3816858796875 0.5186399890625 0.36909412656249996 0.5348491546874999 0.36990679531250004 0.5503558234375 0.3992851328125 0.56592035625 0.43295872500000004 0.5672654515625 0.4790615359375 0.54930004375 0.48384439375 0.5443846078125001 0.4831942578125 0.5319792703124999 0.464975921875 0.5049453859375 0.45183445781250003 0.4465469125 0.4294834015625 0.43683379999999994 0.41272787343750006 0.4377119203125
10 0.40810028750000005 0.6058864500000001 0.38721203593750003 0.6240853421875 0.386105353125 0.6350278234375 0.40572438593750004 0.6246700781250001 0.48279981875000005 0.620630725 0.5009871 0.61501279375 0.45485323437499997 0.6003263796875 0.4347466 0.601380125 0.42501835000000004 0.6081096640625 0.40810028750000005 0.6058864500000001
2 0.48104299843750004 0.6191678703125 0.40572438593750004 0.6246700781250001 0.3876996375 0.63338934375 0.4062119875 0.6339740796875 0.41929134218749997 0.627068915625 0.48104299843750004 0.6191678703125
5 0.46047981718750003 0.64356943125 0.5045007390625 0.6179385015625 0.41929134218749997 0.627068915625 0.3950519859375 0.6454434328125 0.4105382984375 0.6524064593750001 0.43734714375 0.6510014671875 0.46047981718750003 0.64356943125
8 0.4575304125 0.3949358421875 0.47714944531250003 0.384578096875 0.5053900437500001 0.3784332921875 0.47936281249999996 0.362693134375 0.4693094953125 0.36322000625 0.4385304609375 0.38504710625 0.44396345468750004 0.39253700468749997 0.4575304125 0.3949358421875
7 0.5547435359375 0.422494565625 0.53222994375 0.40968011718749997 0.511960775 0.407632528125 0.49234174218750004 0.417990275 0.478155703125 0.43583792031249996 0.5234768984375 0.43501766093749994 0.5547435359375 0.422494565625