0 0.4606491453125 0 0 0.0729596578125 0 0.5393508546875 0.0729596578125 1 0.5393508546875 1 1 0.9270403421875001 1 0.4606491453125 0.9270403421875001 0 0.4606491453125 0
0 0.46081570625 0.8233548562499999 0.493004665625 0.8363363609375 0.519154775 0.8397278140625 0.5347038000000001 0.8380184109375 0.559842878125 0.8302701625 0.5760834328125 0.8186580421875 0.5982761234375 0.7970633328125001 0.6172964765625 0.774464425 0.642428715625 0.7524041343750001 0.678148365625 0.70682061875 0.6940694171875 0.67416608125 0.7041113734375 0.6424426999999999 0.7048691046875 0.6091765078125 0.711811759375 0.567397496875 0.708625746875 0.537769221875 0.6956899296875 0.503658584375 0.681444090625 0.48030194687499994 0.6671252125 0.46599674375 0.6509508578125 0.4542453875 0.612417221875 0.4392554921875 0.57481474375 0.43014469375 0.544022521875 0.4259818359375 0.5107563296875 0.42522410468749994 0.460784003125 0.43313894375000006 0.4252035921875 0.44630755000000005 0.3849080296875 0.4677561859375 0.3470134015625 0.494851128125 0.3312384234375 0.5094027953125 0.31624169062499996 0.533624390625 0.30488971249999997 0.5761017703125 0.3043647703125 0.6108377359375 0.310577046875 0.659573078125 0.318711 0.6823910984375 0.33652171875 0.718742915625 0.3573450234375 0.7455777203125 0.40401261093749996 0.7833856359375 0.419102896875 0.793048725 0.4280812921875 0.8021732 0.46081570625 0.8233548562499999
9 0.493004665625 0.8363363609375 0.519154775 0.8397278140625 0.5355550828125 0.8386369046875 0.559842878125 0.8302701625 0.5879146656249999 0.8077442921875001 0.6172964765625 0.774464425 0.642428715625 0.7524041343750001 0.678148365625 0.70682061875 0.690824040625 0.6822133203125 0.7041113734375 0.6424426999999999 0.7048691046875 0.6091765078125 0.711811759375 0.567397496875 0.708625746875 0.537769221875 0.697858071875 0.50783511875 0.681444090625 0.48030194687499994 0.6611662390624999 0.46166729687499997 0.6032927484374999 0.44823389062499996 0.564147459375 0.448407315625 0.55989105 0.445314853125 0.5574901171875 0.439668546875 0.560349790625 0.43394236093750005 0.57481474375 0.43014469375 0.544022521875 0.4259818359375 0.5107563296875 0.42522410468749994 0.4945888125 0.4277847890625 0.502715928125 0.43629076875 0.49420994687500003 0.44441788437499996 0.48322315781249997 0.4416380859375 0.4308499 0.44390661875 0.3849080296875 0.4677561859375 0.3470134015625 0.494851128125 0.3312384234375 0.5094027953125 0.31624169062499996 0.533624390625 0.30488971249999997 0.5761017703125 0.3043647703125 0.6108377359375 0.310577046875 0.659573078125 0.318711 0.6823910984375 0.33652171875 0.718742915625 0.3573450234375 0.7455777203125 0.373133675 0.75965013125 0.419102896875 0.793048725 0.4280812921875 0.8021732 0.46081570625 0.8233548562499999 0.493004665625 0.8363363609375
9 0.41623886875 0.4658071578125 0.393966303125 0.4821412625 0.4184937265625 0.489556334375 0.43891765156250007 0.490088115625 0.4647550984375 0.48674918749999996 0.473959446875 0.48303139531249994 0.454147175 0.46733629375 0.4353459359375 0.4627808953125 0.41623886875 0.4658071578125
9 0.4729300765625 0.59543945 0.4853866390625 0.59798645625 0.50318368125 0.60571419375 0.527245525 0.6101897171874999 0.5545527453125 0.6066180015625 0.5776035562499999 0.599953821875 0.583017075 0.596083115625 0.585876746875 0.5903569328125 0.585018628125 0.5754264 0.580449553125 0.5656035593750001 0.57317371875 0.5577160703125 0.56053005625 0.4873996921875 0.5458254734375 0.47541554531249997 0.5331361234374999 0.47139876249999996 0.5125592812499999 0.4746578140625 0.49693722031250004 0.48541865 0.4792542390625 0.5545117187499999 0.47012976718750005 0.5634901171875 0.4628676078125 0.584226709375 0.465268540625 0.589873015625 0.4729300765625 0.59543945
9 0.589845665625 0.4774833 0.5759261671875 0.48948112187500004 0.6004535890625 0.4968961921875 0.6194077421874999 0.4976607609375 0.649654509375 0.4936234671875 0.6500402125 0.4913024109375 0.6299951515625 0.47413753593749997 0.61436625 0.47058633125 0.5996685078125 0.47291422499999997 0.589845665625 0.4774833
9 0.4385478 0.6875171265625 0.47174779375 0.7116383328125 0.5002988359375 0.7206760937500001 0.5283044234375 0.7215137 0.557081415625 0.71770919375 0.5767271 0.7085710453125 0.5993853703124999 0.6899158828124999 0.619795621875 0.66182358125 0.6043196328125 0.654481546875 0.5806434921875 0.6476849671875 0.540799834375 0.643449071875 0.5233953328125 0.64771231875 0.5121757546875 0.6434627468749999 0.49677964374999994 0.6413813171875 0.43164399531250003 0.6486845015625 0.41679333906249993 0.6548032265625 0.4213624125 0.6646260671875 0.4385478 0.6875171265625
4 0.564147459375 0.448407315625 0.6032927484374999 0.44823389062499996 0.6565241265624999 0.46089589062499997 0.65861239375 0.45981181875 0.6460759546875 0.45200420625 0.5950857578125001 0.43446730312500004 0.5779870828125 0.43114888906250004 0.560349790625 0.43394236093750005 0.5574901171875 0.439668546875 0.55989105 0.445314853125 0.564147459375 0.448407315625
3 0.5759261671875 0.48948112187500004 0.6004535890625 0.4968961921875 0.6202590234375001 0.4982792546875 0.649654509375 0.4936234671875 0.6500402125 0.4913024109375 0.6299951515625 0.47413753593749997 0.61436625 0.47058633125 0.5996685078125 0.47291422499999997 0.589845665625 0.4774833 0.5759261671875 0.48948112187500004
2 0.46902735937499995 0.68494960625 0.48976395000000006 0.6922117640625001 0.526668059375 0.6969132390625 0.5705285 0.6884597828125 0.5928809421875 0.67738628125 0.6139165234374999 0.6627547390624999 0.611362678125 0.6608992625 0.5815016125 0.6626155015624999 0.5452958703124999 0.6623233484375 0.538951196875 0.6603149578124999 0.513499453125 0.661332828125 0.507154778125 0.6593244359375 0.4557857140625 0.65842063125 0.4447989265625 0.6556408328125001 0.43598027968749997 0.6570375703125 0.4249934921875 0.654257771875 0.4199656765625 0.655807421875 0.4495277515625 0.675984884375 0.46902735937499995 0.68494960625
5 0.47174779375 0.7116383328125 0.5002988359375 0.7206760937500001 0.5291557046875 0.7221321921875 0.557081415625 0.71770919375 0.5767271 0.7085710453125 0.5993853703124999 0.6899158828124999 0.613610696875 0.6703363999999999 0.616856071875 0.662289159375 0.5705285 0.6884597828125 0.5176166234374999 0.6968402015625 0.48976395000000006 0.6922117640625001 0.46902735937499995 0.68494960625 0.4495277515625 0.675984884375 0.41679333906249993 0.6548032265625 0.4213624125 0.6646260671875 0.4385478 0.6875171265625 0.47174779375 0.7116383328125
10 0.507154778125 0.6593244359375 0.513499453125 0.661332828125 0.613065240625 0.6621362468750001 0.616004790625 0.66167066875 0.61639049375 0.6593496109375 0.5806434921875 0.6476849671875 0.540799834375 0.643449071875 0.5233953328125 0.64771231875 0.5121757546875 0.6434627468749999 0.49677964374999994 0.6413813171875 0.43164399531250003 0.6486845015625 0.41973288750000004 0.6543376484375 0.43598027968749997 0.6570375703125 0.4447989265625 0.6556408328125001 0.4557857140625 0.65842063125 0.507154778125 0.6593244359375
6 0.50318368125 0.60571419375 0.52469168125 0.6083342390625 0.5280968078125 0.610808209375 0.5545527453125 0.6066180015625 0.5776035562499999 0.599953821875 0.5848725515625001 0.5935292703124999 0.586182575 0.582775271875 0.5826176953125 0.569780090625 0.57317371875 0.5577160703125 0.56053005625 0.4873996921875 0.5458254734375 0.47541554531249997 0.5331361234374999 0.47139876249999996 0.5125592812499999 0.4746578140625 0.49693722031250004 0.48541865 0.4792542390625 0.5545117187499999 0.47012976718750005 0.5634901171875 0.4628676078125 0.584226709375 0.465268540625 0.589873015625 0.4729300765625 0.59543945 0.4853866390625 0.59798645625 0.50318368125 0.60571419375
8 0.463883303125 0.44319457343749996 0.48322315781249997 0.4416380859375 0.49274017187499997 0.44465067343750003 0.502715928125 0.43629076875 0.5005477843749999 0.4321142359375 0.49311903749999997 0.42801757812499996 0.460784003125 0.43313894375000006 0.43317095468750005 0.444292321875 0.456068853125 0.44141897343750003 0.463883303125 0.44319457343749996
7 0.393966303125 0.4821412625 0.4184937265625 0.489556334375 0.439768934375 0.49070660625 0.4647550984375 0.48674918749999996 0.473959446875 0.48303139531249994 0.454147175 0.46733629375 0.4353459359375 0.4627808953125 0.41623886875 0.4658071578125 0.393966303125 0.4821412625