0 0.4825396140625 0 0 0.0337424578125 0 0.4967457484375 0.0356911984375 1 0.49732260312500004 1 1 0.964363153125 1 0.4825396203125 0.9662575421874999 0 0.4825396140625 0
0 0.43184660781249995 0.6869402859375 0.456711578125 0.7025515140625 0.5016936921874999 0.7225393328124999 0.532721 0.7271168968749999 0.5651831875 0.723883034375 0.601433803125 0.7039981890625 0.6148112875 0.682821128125 0.63695258125 0.6311507625 0.6361069625 0.5907266640625 0.6432406375 0.522755778125 0.638545490625 0.45561204375 0.6421794015625 0.422585796875 0.652130165625 0.3949011515625 0.64908551875 0.37969187031249996 0.64026060625 0.3668145578125 0.6317974015625001 0.33077867968749997 0.630321784375 0.30967636249999997 0.6329232546875 0.2902167203125 0.625419446875 0.282066459375 0.615159653125 0.2770005765625 0.547995509375 0.279769378125 0.524606159375 0.2852604671875 0.4733479265625 0.288844790625 0.42630092968750005 0.2959901828125 0.3238252015625 0.332072578125 0.295192175 0.34756920468749997 0.2821967640625 0.36004456875 0.2517264125 0.37759744687499996 0.23124756093749999 0.3963794234375 0.219304959375 0.4097450546875 0.2127605484375 0.4294804140625 0.2071144296875 0.433730775 0.208053459375 0.4471595203125 0.202809784375 0.457165059375 0.2036554015625 0.4975891578125 0.20934225468749998 0.5222525421875 0.21122031406250003 0.5491100359375001 0.2154315484375 0.552671103125 0.21834205 0.5659619921875 0.22940672499999998 0.58253823125 0.2632307515625 0.6129451640625 0.269950046875 0.624041940625 0.27942532343750004 0.6320543421875 0.2840186328125 0.626913715625 0.282274721875 0.6019746140625 0.2722424859375 0.5718317703125 0.3055095578125 0.5801082609375 0.31930985 0.57914325 0.3420895703125 0.6074308171875 0.374076275 0.6398940015625 0.43184660781249995 0.6869402859375
9 0.45052887343750003 0.69912830625 0.5016936921874999 0.7225393328124999 0.5337738078125 0.7280071640625 0.5651831875 0.723883034375 0.601433803125 0.7039981890625 0.6148112875 0.682821128125 0.63695258125 0.6311507625 0.6361069625 0.5907266640625 0.6432406375 0.522755778125 0.638545490625 0.45561204375 0.6407445203125001 0.430397225 0.652130165625 0.3949011515625 0.6514594296875 0.385309190625 0.64026060625 0.3668145578125 0.6311266671875 0.32118671718749997 0.6267812828125 0.31570725624999996 0.6237366359375 0.3004979765625 0.6189888140625001 0.2892633390625 0.60964768125 0.283169328125 0.591904446875 0.28441005625 0.5806122125 0.292910778125 0.5589260390625 0.2944272234375 0.5209315109375 0.2893729671875 0.48544504374999997 0.2918544234375 0.4620556921875 0.2973455125 0.4238336078125 0.31736821718749997 0.40651318124999997 0.3388209953125 0.3944568 0.36472510625 0.3883148296875 0.3902156421875 0.3797989484375 0.41008885937499995 0.35317812656249997 0.454361371875 0.33941856875 0.484240128125 0.3274759671875 0.497605759375 0.31392359999999997 0.48795068124999996 0.31154968906249997 0.48233336250000003 0.288387896875 0.4627474921875 0.27219332343749997 0.44363831249999996 0.245625178125 0.4320017265625 0.223939003125 0.433518171875 0.2143499453125 0.43804425 0.20621613593750002 0.44921577187499995 0.20150905 0.46689488125 0.2061634609375 0.5051248687500001 0.228158665625 0.5363589531249999 0.254478884375 0.5586156250000001 0.2772382375 0.57244631875 0.3055095578125 0.5801082609375 0.31930985 0.57914325 0.3420895703125 0.6074308171875 0.3910553609375 0.6560566640625 0.45052887343750003 0.69912830625
9 0.4788886921875 0.396412625 0.4497190765625 0.40423568125 0.43264657812499996 0.415068371875 0.4226754453125 0.4282961453125 0.4589464296875 0.4228681703125 0.4685354859375 0.4183420921875 0.5158507765625 0.415033484375 0.5517396875 0.41830720625 0.560141790625 0.4109724703125 0.5598734953125 0.40713568437500003 0.5464552765625 0.399399 0.5183181015625 0.39365545156250004 0.4788886921875 0.396412625
9 0.61532259375 0.39265555625 0.58655541875 0.40623378906249996 0.583799434375 0.40931816562499995 0.586173346875 0.4149354859375 0.6262531234375001 0.40731339999999994 0.64845551875 0.39901365312500003 0.6330658296875 0.391414828125 0.61532259375 0.39265555625
9 0.53597635 0.518689790625 0.53534635 0.5380115734375 0.5488987171875 0.54766665 0.56375181875 0.54759190625 0.6100143015625 0.5433930328125001 0.631680109375 0.5274197140625 0.628098875 0.504536865625 0.612688815625 0.482481165625 0.589620434375 0.43589994218749994 0.5821166265625 0.4277496828125 0.5760680687499999 0.4262448640625 0.5584589796875 0.4294039859375 0.53876464375 0.4452394453125 0.542923203125 0.504709609375 0.53597635 0.518689790625
9 0.622216771875 0.43458447187499993 0.6103879484375 0.43541162343749995 0.59620558125 0.445078328125 0.6105424625 0.45178688749999996 0.625395565625 0.45171214375 0.6377406078125001 0.44410168906249997 0.622216771875 0.43458447187499993
9 0.48421383906250004 0.44423457656250004 0.45609703125 0.4529479 0.463332546875 0.457261375 0.476348325 0.4592428828125 0.4971158375 0.4587545640625 0.5210214109375 0.44648017187500005 0.5039285437500001 0.44285599062500003 0.48421383906250004 0.44423457656250004
9 0.5447689546875 0.601933071875 0.5211316765625 0.618044246875 0.563223659375 0.6391980515625 0.5782109078125 0.6410416999999999 0.60489283125 0.6401398031250001 0.61842483125 0.6353380093750001 0.6230181406249999 0.63019738125 0.6296966984375 0.612380415625 0.6284893734375 0.5951148828124999 0.614802859375 0.5835414125 0.6032423328125 0.58820535 0.5891737453125 0.585333575 0.5755075984375 0.5882169796875 0.556463628125 0.599187528125 0.5447689546875 0.601933071875
4 0.58655541875 0.40623378906249996 0.583799434375 0.40931816562499995 0.5872261546875001 0.4158257515625 0.635976328125 0.404705715625 0.64845551875 0.39901365312500003 0.6330658296875 0.391414828125 0.61532259375 0.39265555625 0.58655541875 0.40623378906249996
1 0.31154968906249997 0.48233336250000003 0.31392359999999997 0.48795068124999996 0.3274759671875 0.497605759375 0.33941856875 0.484240128125 0.35317812656249997 0.454361371875 0.3797989484375 0.41008885937499995 0.3883148296875 0.3902156421875 0.3944568 0.36472510625 0.40651318124999997 0.3388209953125 0.4154315046875 0.3247029546875 0.4294797234375 0.3131178578125 0.4620556921875 0.2973455125 0.48544504374999997 0.2918544234375 0.5209315109375 0.2893729671875 0.5589260390625 0.2944272234375 0.5806122125 0.292910778125 0.591904446875 0.28441005625 0.60964768125 0.283169328125 0.6189888140625001 0.2892633390625 0.6300738578125 0.32029645 0.6335939890625 0.2998086828125 0.6306834890624999 0.2865177953125 0.615159653125 0.2770005765625 0.5992537421875 0.27618505312499997 0.547995509375 0.279769378125 0.524606159375 0.2852604671875 0.4733479265625 0.288844790625 0.42630092968750005 0.2959901828125 0.3238252015625 0.332072578125 0.295192175 0.34756920468749997 0.2821967640625 0.36004456875 0.2517264125 0.37759744687499996 0.219304959375 0.4097450546875 0.2127605484375 0.4294804140625 0.2071144296875 0.433730775 0.2079193125 0.44524112968749996 0.2143499453125 0.43804425 0.223939003125 0.433518171875 0.2516737359375 0.4335065421875 0.2579905890625 0.43884814531250005 0.27219332343749997 0.44363831249999996 0.288387896875 0.4627474921875 0.31154968906249997 0.48233336250000003
1 0.2632307515625 0.6129451640625 0.269950046875 0.624041940625 0.27942532343750004 0.6320543421875 0.2840186328125 0.626913715625 0.282274721875 0.6019746140625 0.2721083390625 0.5699133765625 0.228158665625 0.5363589531249999 0.20721626875000002 0.5060151359375 0.21122031406250003 0.5491100359375001 0.2154315484375 0.552671103125 0.21834205 0.5659619921875 0.22940672499999998 0.58253823125 0.2632307515625 0.6129451640625
3 0.6103879484375 0.43541162343749995 0.59620558125 0.445078328125 0.611595271875 0.45267715468749997 0.625395565625 0.45171214375 0.6377406078125001 0.44410168906249997 0.622216771875 0.43458447187499993 0.6103879484375 0.43541162343749995
6 0.53534635 0.5380115734375 0.5488987171875 0.54766665 0.564804628125 0.5484821734375 0.6100143015625 0.5433930328125001 0.631680109375 0.5274197140625 0.628098875 0.504536865625 0.612688815625 0.482481165625 0.589620434375 0.43589994218749994 0.5821166265625 0.4277496828125 0.5760680687499999 0.4262448640625 0.5584589796875 0.4294039859375 0.53876464375 0.4452394453125 0.542923203125 0.504709609375 0.53597635 0.518689790625 0.53534635 0.5380115734375
10 0.556463628125 0.599187528125 0.5447689546875 0.601933071875 0.5240218078125001 0.6168782640625 0.5631829234375 0.61028430625 0.6183840968750001 0.6064242640625 0.6285097421875 0.60957175625 0.6284893734375 0.5951148828124999 0.614802859375 0.5835414125 0.6032423328125 0.58820535 0.5832593328125 0.5857471515625 0.556463628125 0.599187528125
5 0.5428382187499999 0.6309846765625 0.563223659375 0.6391980515625 0.5792637171874999 0.641931965625 0.60489283125 0.6401398031250001 0.61842483125 0.6353380093750001 0.6265586390625 0.6241664859375 0.6295625499999999 0.610462021875 0.5211316765625 0.618044246875 0.5428382187499999 0.6309846765625
2 0.6183840968750001 0.6064242640625 0.5631829234375 0.61028430625 0.539793571875 0.6157753953125 0.6274569328124999 0.6086814890625 0.6183840968750001 0.6064242640625
8 0.43829269374999996 0.41081800937499996 0.4262159453125 0.42226525 0.42372825468749997 0.4291864109375 0.437260253125 0.424384615625 0.4589464296875 0.4228681703125 0.4685354859375 0.4183420921875 0.5158507765625 0.415033484375 0.5517396875 0.41830720625 0.560141790625 0.4109724703125 0.5598734953125 0.40713568437500003 0.5464552765625 0.399399 0.5183181015625 0.39365545156250004 0.4788886921875 0.396412625 0.45549933906250006 0.40190371249999995 0.43829269374999996 0.41081800937499996
7 0.48421383906250004 0.44423457656250004 0.45609703125 0.4529479 0.477401134375 0.46013315 0.4971158375 0.4587545640625 0.5210214109375 0.44648017187500005 0.5039285437500001 0.44285599062500003 0.48421383906250004 0.44423457656250004