0 0.10935718593749999 0 0 0.43860771875 0 0.8906428140625 0.43860771875 1 0.8906428140625 1 1 0.5613922812500001 1 0.10935718593749999 0.5613922812500001 0 0.10935718593749999 0
0 0.387732825 0.6550243640625 0.4071751375 0.678275690625 0.4449793890625 0.7122397687500001 0.47399240468750004 0.7266305656250001 0.5069056296875 0.7338143203125 0.5488493734375 0.72586825625 0.5687408796875 0.709356646875 0.6069635171875001 0.6657200453125001 0.619023790625 0.625784775 0.6477050953125 0.5613654359375 0.6645052265625 0.4939837890625 0.6786058765625 0.4627367140625 0.6972071015625 0.43874636406249995 0.6990669359374999 0.4228511265625 0.6945061828125 0.4073999234375 0.6976856671875 0.3693401609375 0.7029657078125 0.348163071875 0.7117261359375 0.329898609375 0.7069554703125001 0.319507240625 0.6984945031249999 0.3112630796875 0.631647865625 0.2925514734375 0.6069255140625 0.290477234375 0.555440434375 0.2776405625 0.5069557375 0.26964170625 0.3948053265625 0.27235249375000004 0.361742371875 0.2784230515625 0.34500098125 0.2865181625 0.309477825 0.2940201921875 0.2833756421875 0.3059160015625 0.2673843484375 0.31522056875 0.2546635296875 0.3324975953125 0.247762934375 0.334866821875 0.24440290937500003 0.34834315 0.23606230468749997 0.3564879453125 0.22400203125 0.396423215625 0.22172237031250003 0.42243812187499996 0.21500231875 0.44939078125 0.21800270156249998 0.454228596875 0.21662287187499998 0.46819864375 0.2222038140625 0.4879939453125 0.24572687499999998 0.5286216640625 0.248787440625 0.5416539578124999 0.255538303125 0.55253904375 0.2616888 0.5489603640625 0.2679288484375 0.523932896875 0.267688128125 0.4911549828125 0.2977213296875 0.509889878125 0.311582696875 0.5133459046875 0.324934690625 0.5483703890625 0.345997553125 0.59042958125 0.387732825 0.6550243640625
9 0.40219455625 0.6729441578124999 0.4449793890625 0.7122397687500001 0.47474249999999996 0.72784001875 0.5069056296875 0.7338143203125 0.5488493734375 0.72586825625 0.5687408796875 0.709356646875 0.6069635171875001 0.6657200453125001 0.619023790625 0.625784775 0.6477050953125 0.5613654359375 0.6645052265625 0.4939837890625 0.6747056671875 0.4699437546875 0.6972071015625 0.43874636406249995 0.6996071203125 0.4291204140625 0.6945061828125 0.4073999234375 0.7000856843750001 0.3597142109375 0.69756530625 0.35295120468749996 0.699425140625 0.3370559671875 0.6983447734375 0.32451739062499996 0.69111390625 0.3155574953125 0.6732921484375 0.3111140328125 0.6594909609374999 0.3158524828125 0.6377088125 0.3104215828125 0.602005115625 0.293340178125 0.5663616 0.2844532515625 0.541639246875 0.28237901249999997 0.49771530625000004 0.28983135937500004 0.4738634109375 0.30535553125 0.45376199375 0.326926975 0.4396011640625 0.34997957031250004 0.42490015000000003 0.3667628796875 0.3846371359375 0.40171128593749994 0.3615955171875 0.42663938906250004 0.34560422343749997 0.43594395468749997 0.3353729734375 0.42214624218749996 0.33483278906249997 0.41587695468749997 0.31833068125 0.389268965625 0.30851925625 0.3653515859375 0.28613674218749996 0.3454569203125 0.26435459375 0.3400260203125 0.253493609375 0.34140780937500004 0.241942709375 0.3497746234375 0.23168209062499998 0.3656201765625 0.22406221093749998 0.40461769375 0.23570410000000003 0.44228310468750004 0.25445649531250003 0.47251945468749995 0.2723986140625 0.493351875 0.2977213296875 0.509889878125 0.311582696875 0.5133459046875 0.324934690625 0.5483703890625 0.3575190828125 0.6117060359375001 0.40219455625 0.6729441578124999
9 0.5265800296875 0.3849574796875 0.49543708750000004 0.383327278125 0.47521530937499995 0.388509765625 0.4612042109375 0.39830804999999997 0.49855783125 0.40455405000000005 0.509418815625 0.40317226093749997 0.5569435046875 0.415021496875 0.591147009375 0.42968399375 0.6017379015625 0.42516756093749997 0.602697909375 0.4213171796875 0.59198665625 0.40944465937499996 0.5661839359374999 0.39483184375 0.5265800296875 0.3849574796875
9 0.6617734984375 0.424799603125 0.6291905437499999 0.4289449703125 0.6255002453125 0.431092178125 0.6260404296875001 0.4373614671875 0.66783444375 0.4426697125 0.692286703125 0.44160930781249996 0.6795952562500001 0.42924306718749994 0.6617734984375 0.424799603125
9 0.54365456875 0.5231535171874999 0.5368743359375 0.541911696875 0.547105584375 0.555709409375 0.561717046875 0.560374890625 0.6084916406249999 0.571014671875 0.634863915625 0.5622535078124999 0.638643765625 0.5386575109375 0.63054244375 0.512099203125 0.6227405828125 0.45903227500000005 0.617969915625 0.4486409046875 0.612509334375 0.44523456093749997 0.594207571875 0.44271628749999997 0.5698154921875 0.4519711703125 0.554935375 0.511652059375 0.54365456875 0.5231535171874999
9 0.6551738046875 0.4681412171875 0.6432926328125 0.46517890937499995 0.62628115 0.470139378125 0.638222503125 0.4812961640625 0.6528339671875 0.485961646875 0.6673852499999999 0.4824326484375 0.6551738046875 0.4681412171875
9 0.5165601296875 0.433580946875 0.4861672828125 0.43316019843750003 0.49189795781249995 0.4397011875 0.504049221875 0.445798140625 0.524601271875 0.451944775 0.551993734375 0.4475277078125 0.5363620828125 0.438518128125 0.5165601296875 0.433580946875
9 0.525744696875 0.6076398562499999 0.497392228125 0.615907303125 0.5319861859375 0.6500933984375 0.5461176453125 0.6566840703125 0.5726102796875 0.6643118609374999 0.5874316546875 0.6639175078124999 0.5935821546875 0.660338828125 0.60582296875 0.6449869921875 0.6101430015625 0.6276602812500001 0.60039175625 0.6119373796875001 0.587550578125 0.6128254515625 0.5746492187500001 0.60551904375 0.5603078453125 0.60398820625 0.5381058734375 0.6086769750000001 0.525744696875 0.6076398562499999
4 0.6291905437499999 0.4289449703125 0.6255002453125 0.431092178125 0.626790525 0.4385709203125 0.678215425 0.44321311406249997 0.692286703125 0.44160930781249996 0.6795952562500001 0.42924306718749994 0.6617734984375 0.424799603125 0.6291905437499999 0.4289449703125
1 0.33483278906249997 0.41587695468749997 0.3353729734375 0.42214624218749996 0.34560422343749997 0.43594395468749997 0.3615955171875 0.42663938906250004 0.3846371359375 0.40171128593749994 0.42490015000000003 0.3667628796875 0.4396011640625 0.34997957031250004 0.45376199375 0.326926975 0.4738634109375 0.30535553125 0.48712441406250007 0.2943477921875 0.5046159 0.287462134375 0.541639246875 0.28237901249999997 0.5663616 0.2844532515625 0.602005115625 0.293340178125 0.6377088125 0.3104215828125 0.6594909609374999 0.3158524828125 0.6732921484375 0.3111140328125 0.69111390625 0.3155574953125 0.6983447734375 0.32451739062499996 0.6993355890624999 0.35850475625 0.7093261171874999 0.3395245578125 0.7107059484375 0.3255545109375 0.6984945031249999 0.3112630796875 0.6831329453125 0.30538814531249997 0.631647865625 0.2925514734375 0.6069255140625 0.290477234375 0.555440434375 0.2776405625 0.5069557375 0.26964170625 0.3948053265625 0.27235249375000004 0.361742371875 0.2784230515625 0.34500098125 0.2865181625 0.309477825 0.2940201921875 0.2673843484375 0.31522056875 0.2546635296875 0.3324975953125 0.247762934375 0.334866821875 0.2448829125 0.346417959375 0.253493609375 0.34140780937500004 0.26435459375 0.3400260203125 0.291597325 0.3488632640625 0.2960979 0.35611998749999996 0.30851925625 0.3653515859375 0.31833068125 0.389268965625 0.33483278906249997 0.41587695468749997
1 0.24572687499999998 0.5286216640625 0.248787440625 0.5416539578124999 0.255538303125 0.55253904375 0.2616888 0.5489603640625 0.2679288484375 0.523932896875 0.26816813125 0.48922979375000003 0.23570410000000003 0.44228310468750004 0.22481230624999998 0.405827146875 0.21500231875 0.44939078125 0.21800270156249998 0.454228596875 0.21662287187499998 0.46819864375 0.2222038140625 0.4879939453125 0.24572687499999998 0.5286216640625
3 0.6432926328125 0.46517890937499995 0.62628115 0.470139378125 0.6389725984375 0.48250561875000003 0.6528339671875 0.485961646875 0.6673852499999999 0.4824326484375 0.6551738046875 0.4681412171875 0.6432926328125 0.46517890937499995
6 0.5368743359375 0.541911696875 0.547105584375 0.555709409375 0.56246714375 0.5615843453125 0.6084916406249999 0.571014671875 0.634863915625 0.5622535078124999 0.638643765625 0.5386575109375 0.63054244375 0.512099203125 0.6227405828125 0.45903227500000005 0.617969915625 0.4486409046875 0.612509334375 0.44523456093749997 0.594207571875 0.44271628749999997 0.5698154921875 0.4519711703125 0.554935375 0.511652059375 0.54365456875 0.5231535171874999 0.5368743359375 0.541911696875
10 0.5381058734375 0.6086769750000001 0.525744696875 0.6076398562499999 0.500602521875 0.6156852859375 0.5411664375 0.62170926875 0.5966119078125 0.6355333765625 0.6055528765625 0.6418523484375 0.6101430015625 0.6276602812500001 0.60039175625 0.6119373796875001 0.587550578125 0.6128254515625 0.56870863125 0.6040378890625 0.5381058734375 0.6086769750000001
5 0.51458425 0.63553026875 0.5319861859375 0.6500933984375 0.546867740625 0.657893525 0.5726102796875 0.6643118609374999 0.5874316546875 0.6639175078124999 0.5989825546875001 0.65555069375 0.606302971875 0.6430618015625 0.497392228125 0.615907303125 0.51458425 0.63553026875
2 0.5966119078125 0.6355333765625 0.5411664375 0.62170926875 0.5164440859375 0.61963503125 0.60480278125 0.64064289375 0.5966119078125 0.6355333765625
8 0.48211590312499997 0.3861405390625 0.4666046125 0.393519915625 0.4619543078125 0.399517503125 0.4767756828125 0.39912315 0.49855783125 0.40455405000000005 0.509418815625 0.40317226093749997 0.5569435046875 0.415021496875 0.591147009375 0.42968399375 0.6017379015625 0.42516756093749997 0.602697909375 0.4213171796875 0.59198665625 0.40944465937499996 0.5661839359374999 0.39483184375 0.5265800296875 0.3849574796875 0.5018576765625 0.38288324218750003 0.48211590312499997 0.3861405390625
7 0.5165601296875 0.433580946875 0.4861672828125 0.43316019843750003 0.5047993187500001 0.44700759375 0.524601271875 0.451944775 0.551993734375 0.4475277078125 0.5363620828125 0.438518128125 0.5165601296875 0.433580946875