0 0.008651368750000001 0 0 0.4956365609375 0 0.99134863125 0.4956365609375 1 0.99134863125 1 1 0.5043634390625 1 0.008651368750000001 0.5043634390625 0 0.008651368750000001 0
0 0.409764978125 0 0.37686423125 0.042725159375 0.3506148046875 0.1490248078125 0.3553387765625 0.22777092968749998 0.31070140625 0.3393684484375 0.31483709375 0.451817303125 0.3012711671875 0.530244175 0.31238591250000003 0.5922453515625 0.3533955359375 0.6884813421875 0.36829395 0.7084073125 0.3924843859375 0.7200672234375001 0.42596683906250005 0.7234610796875 0.4960290875 0.7274934375 0.5759716375 0.6895570046875 0.6963756984375 0.60456675 0.743227984375 0.540767978125 0.77380919375 0.535682940625 0.821601778125 0.5927054953125 0.83379504375 0.5929183296875 0.8739624140625001 0.5627158703124999 0.9239120375000001 0.4961617453125 0.9945046937500001 0.295115946875 0.9905651000000001 0.171432846875 0.9791562125000001 0.1262830375 0.9257572312500001 0.04106845625 0.8841380593749999 0.006628990625 0.5043634359375 0 0.409764978125 0
1 0.409764978125 0 0.37686423125 0.042725159375 0.3638865890625 0.0874493 0.3506148046875 0.1490248078125 0.3554368234375 0.222153809375 0.3893114671875 0.20307917656250002 0.46266714843749995 0.1931219375 0.5785031609375 0.1951438625 0.6269820765625 0.21284656562499998 0.6479771249999999 0.2328789515625 0.701081965625 0.33494489843749997 0.718391390625 0.39143537031250003 0.74558111875 0.40595705156250006 0.794256128125 0.41242550937500005 0.8212497624999999 0.43818143593750003 0.8203673374999999 0.48873553281250004 0.7768084859375 0.5385447109375 0.821601778125 0.5927054953125 0.852281034375 0.5820033375 0.911326584375 0.5184173984375 0.9945046937500001 0.295115946875 0.9959754015625 0.2108591171875 0.984958703125 0.143240821875 0.9436549390625 0.06385619375 0.9047621843749999 0.02103606875 0.8836690890625001 0.0066208046875 0.5043634359375 0 0.409764978125 0
9 0.42896613281249996 0.7263228484375001 0.4960290875 0.7274934375 0.594457628125 0.6786420125 0.6623049625 0.6348756265625 0.6963756984375 0.60456675 0.7339359640625001 0.549034034375 0.77380919375 0.535682940625 0.8203673374999999 0.48873553281250004 0.827052253125 0.45513921718750006 0.815349225 0.42684077499999995 0.794256128125 0.41242550937500005 0.74558111875 0.40595705156250006 0.718391390625 0.39143537031250003 0.701081965625 0.33494489843749997 0.6479771249999999 0.2328789515625 0.6027916421875 0.201186653125 0.46266714843749995 0.1931219375 0.3893114671875 0.20307917656250002 0.34914409687500003 0.2332816359375 0.330069821875 0.277899359375 0.31709217968750003 0.3226235 0.338479415625 0.3201873984375 0.389859578125 0.3463689921875 0.37437287812500003 0.3601457546875 0.3562790765625 0.348592259375 0.3105053109375 0.3506026921875 0.30668146875 0.5696704453125 0.3153852046875 0.59510711875 0.3402619703125 0.567447178125 0.41332351093749997 0.57434130625 0.446511821875 0.5945865265625 0.381957925 0.6243633171875 0.3514747625 0.62383123125 0.3183844984375 0.5979688890625 0.32399089375 0.626160915625 0.3652946578125 0.7055455421875 0.42896613281249996 0.7263228484375001
9 0.42673351249999997 0.330156128125 0.43273209843749993 0.33587966874999997 0.5732487828124999 0.321475896875 0.5401585171875001 0.2956135546875 0.49748209218749995 0.294868634375 0.43612357968750004 0.31627295 0.42673351249999997 0.330156128125
9 0.45604010781250004 0.398093678125 0.46203869218750004 0.403817215625 0.5016177796875 0.40731748906250004 0.5354924234375 0.3882428578125 0.4716248546875 0.37869979374999996 0.45604010781250004 0.398093678125
9 0.3201493484375 0.4968606953125 0.3441436875 0.51975485 0.402012671875 0.523574375 0.435789265625 0.5101168640625 0.43637755 0.47641413281249995 0.42457647343750005 0.4537328109375 0.43784825781250003 0.3921573046875 0.41675516406249996 0.37774203906250003 0.392368634375 0.377316371875 0.383076615625 0.3855824296875 0.37658779375 0.40794449843749997 0.3268342640625 0.46326438124999997 0.3201493484375 0.4968606953125
9 0.321718103125 0.4069867453125 0.3277166890625 0.412710284375 0.3429092453125 0.4157848890625 0.370589209375 0.402220959375 0.3372048015625 0.3932099828125 0.321718103125 0.4069867453125
4 0.435731390625 0.3387414390625 0.466410646875 0.3280392796875 0.5732487828124999 0.321475896875 0.5401585171875001 0.2956135546875 0.49748209218749995 0.294868634375 0.43612357968750004 0.31627295 0.42673351249999997 0.330156128125 0.435731390625 0.3387414390625
3 0.46503798593749995 0.40667898593749996 0.5016177796875 0.40731748906250004 0.5354924234375 0.3882428578125 0.4716248546875 0.37869979374999996 0.45604010781250004 0.398093678125 0.46503798593749995 0.40667898593749996
5 0.3514747625 0.62383123125 0.40034586875 0.619065446875 0.446511821875 0.5945865265625 0.321579884375 0.589596415625 0.3514747625 0.62383123125
10 0.327676515625 0.5897028328125 0.4405132375 0.5888629875 0.3890350296875 0.568298515625 0.3402619703125 0.567447178125 0.324775271875 0.5812239406249999 0.327676515625 0.5897028328125
6 0.34714297968749996 0.5226166203125 0.402012671875 0.523574375 0.435789265625 0.5101168640625 0.43637755 0.47641413281249995 0.42438037968750003 0.4649670546875 0.43784825781250003 0.3921573046875 0.41675516406249996 0.37774203906250003 0.392368634375 0.377316371875 0.383076615625 0.3855824296875 0.37658779375 0.40794449843749997 0.3268342640625 0.46326438124999997 0.3201493484375 0.4968606953125 0.34714297968749996 0.5226166203125
8 0.37437287812500003 0.3601457546875 0.389859578125 0.3463689921875 0.338479415625 0.3201873984375 0.320091471875 0.3254852703125 0.31070140625 0.3393684484375 0.31360265 0.3478473390625 0.3562790765625 0.348592259375 0.37437287812500003 0.3601457546875
7 0.3307159796875 0.4155720546875 0.370589209375 0.402220959375 0.3372048015625 0.3932099828125 0.321718103125 0.4069867453125 0.3307159796875 0.4155720546875