0 0.095107984375 0 0 0.447447884375 0 0.904892015625 0.447447884375 1 0.904892015625 1 1 0.552552115625 1 0.095107984375 0.552552115625 0 0.095107984375 0
0 1 0.23591512812499998 0.9786836265625001 0.18045314375 0.9424417421875001 0.1362375296875 0.8957528359375001 0.09822721718750001 0.8293122671875001 0.06725306875 0.638318503125 0.0210388359375 0.5010887703125 0.0368078046875 0.4523912390625 0.07982075625 0.4073969453125 0.1769847875 0.3972260453125 0.25346447968749997 0.33362245625 0.3522902421875 0.316597325 0.46101655781249995 0.28895950312499996 0.5337835421875 0.2880380265625 0.5953774921874999 0.3093738546875 0.695405915625 0.3199313203125 0.71731036875 0.3409358046875 0.733009521875 0.3723873078125 0.7425033734375 0.43877265468750004 0.75942264375 0.5224592515625 0.7378899859375 0.6537010046875 0.6787188125 0.7105055859375 0.62619455625 0.7407594937499999 0.627007965625 0.77591423125 0.690652896875 0.7875588453125 0.6931280359375 0.8316868875000001 0.6716128328125001 0.8919738078125 0.617020140625 0.9971445765625001 0.4371536625 1 0.41948641875000003 1 0.23591512812499998
1 1 0.23418977812500003 0.9915810609375001 0.205663603125 0.9623038546875 0.1573111203125 0.9272595625 0.1217759453125 0.8293122671875001 0.06725306875 0.638318503125 0.0210388359375 0.5010887703125 0.0368078046875 0.4523912390625 0.07982075625 0.4316076515625 0.12034111562500001 0.4073969453125 0.1769847875 0.3983684171875 0.24809004375 0.4343894078125 0.236086146875 0.5065418390625 0.2401881046875 0.6171656734375001 0.2637019265625 0.6603170140625 0.289725796875 0.6766967890625 0.3128678203125 0.7085348578125 0.4207458203125 0.714578059375 0.47820290312499997 0.7379225125 0.497208059375 0.783358596875 0.512483053125 0.80441830625 0.542237084375 0.7941369578125 0.590607021875 0.7430994625 0.6303139703125 0.77591423125 0.690652896875 0.8073105109375 0.6860918703125 0.87575970625 0.6360427515625 0.9971445765625001 0.4371536625 1 0.42371995 1 0.23418977812500003
9 0.374727275 0.7458093781249999 0.43877265468750004 0.75942264375 0.542210915625 0.7308538203125 0.6153952703125001 0.7014715859375 0.6537010046875 0.6787188125 0.7000585671875 0.6323998578125 0.7407594937499999 0.627007965625 0.7941369578125 0.590607021875 0.806813496875 0.559597965625 0.8008807421874999 0.530250640625 0.783358596875 0.512483053125 0.7379225125 0.497208059375 0.714578059375 0.47820290312499997 0.7085348578125 0.4207458203125 0.6766967890625 0.3128678203125 0.6393125296875 0.27402664374999997 0.5065418390625 0.2401881046875 0.4343894078125 0.236086146875 0.39026136562499997 0.25760134843750004 0.36365546875 0.2968841390625 0.3428718796875 0.3374044984375 0.3638211390625 0.3390487734375 0.40817007812500006 0.3737530828125 0.3907583796875 0.38409525312500004 0.3755762015625 0.36963366875000003 0.3313377125 0.363039115625 0.28678520625 0.5726421734375 0.29037799375 0.598683496875 0.3193790828125 0.5767615875 0.388104396875 0.5969868609375 0.416128784375 0.6226040234375 0.3487115140625 0.639168946875 0.31959997812499996 0.6329811000000001 0.2927179625 0.6019894984375 0.292828409375 0.6300992562500001 0.3175913515625 0.7140043656249999 0.374727275 0.7458093781249999
9 0.4465310359375 0.3650551890625 0.45121097031249996 0.37166719531250003 0.5885511515624999 0.384007984375 0.5616691359375 0.35301638281250003 0.520912984375 0.34435339531250003 0.45812042656249996 0.35347545 0.4465310359375 0.3650551890625
9 0.461934109375 0.43573628593749997 0.46661404375000004 0.44234829062500003 0.5038878546875 0.4530797125 0.5399088453124999 0.441075815625 0.480488178125 0.42001967812499996 0.461934109375 0.43573628593749997
9 0.31328065625 0.5052496265624999 0.332000396875 0.5316976546875 0.38674112968749996 0.5461417843749999 0.4216197484375 0.5395123234375 0.4284739796875 0.5072656984374999 0.4213988546875 0.4832928109375 0.44560955937499996 0.4266491375 0.42808741406250006 0.40888155312499996 0.40479818593749994 0.403931275 0.3943511671875 0.410136575 0.383959371875 0.43039675468749994 0.3259571953125 0.47424057187499996 0.31328065625 0.5052496265624999
9 0.3315586078125 0.419258628125 0.33623854375 0.425870634375 0.35022312499999997 0.431651778125 0.3792794359375 0.423784746875 0.3489703046875 0.408916459375 0.3315586078125 0.419258628125
4 0.4535509390625 0.3749731984375 0.4849472171875 0.37041217187500003 0.5885511515624999 0.384007984375 0.5616691359375 0.35301638281250003 0.520912984375 0.34435339531250003 0.45812042656249996 0.35347545 0.4465310359375 0.3650551890625 0.4535509390625 0.3749731984375
3 0.4689540109375 0.4456542953125 0.5038878546875 0.4530797125 0.5399088453124999 0.441075815625 0.480488178125 0.42001967812499996 0.461934109375 0.43573628593749997 0.4689540109375 0.4456542953125
5 0.31959997812499996 0.6329811000000001 0.36732080625 0.6375072203125 0.416128784375 0.6226040234375 0.2973426734375 0.594546628125 0.31959997812499996 0.6329811000000001
10 0.30316498125 0.5957841968750001 0.4114488484375 0.6159920156250001 0.365957540625 0.58666214375 0.3193790828125 0.5767615875 0.3019673859375 0.58710375625 0.30316498125 0.5957841968750001
6 0.334340365625 0.5350036578124999 0.38674112968749996 0.5461417843749999 0.4216197484375 0.5395123234375 0.4284739796875 0.5072656984374999 0.41911411093749995 0.49404168593750003 0.44560955937499996 0.4266491375 0.42808741406250006 0.40888155312499996 0.40479818593749994 0.403931275 0.3943511671875 0.410136575 0.383959371875 0.43039675468749994 0.3259571953125 0.47424057187499996 0.31328065625 0.5052496265624999 0.334340365625 0.5350036578124999
8 0.3907583796875 0.38409525312500004 0.40817007812500006 0.3737530828125 0.3638211390625 0.3390487734375 0.345211846875 0.3407105015625 0.33362245625 0.3522902421875 0.3348200515625 0.36097068125 0.3755762015625 0.36963366875000003 0.3907583796875 0.38409525312500004
7 0.3385785109375 0.4291766390625 0.3792794359375 0.423784746875 0.3489703046875 0.408916459375 0.3315586078125 0.419258628125 0.3385785109375 0.4291766390625