0 0.0337424578125 0 0 0.48253961562500003 0 0.9662575421874999 0.48253961562500003 1 0.9662575421874999 1 1 0.517460384375 1 0.0337424578125 0.517460384375 0 0.0337424578125 0
0 0.23554793125 0.697944028125 0.230054603125 0.857039290625 0.26934013125 0.9395260984375 0.30177685468750004 0.9588813734375 0.3249867125 0.9491129796875001 0.3277611171875 0.9094371359375 0.297646971875 0.7763304203125 0.3026290078125 0.7453524890625001 0.369936 0.8297987484375 0.40718432968749996 0.8608818703125 0.45082963749999994 0.8810209234374999 0.518081146875 0.88572360625 0.5524995890625 0.8767389937500001 0.6409237546875 0.8202695953125 0.6777202578125 0.7772771171875 0.6767571390625 0.83131885 0.6897770109375 0.8464685187500001 0.7117978375 0.85370405625 0.7328000640625 0.8352377531249999 0.75918066875 0.7801255375 0.7631441046874999 0.7234457625 0.7386897359375 0.6704745125 0.7137835390625 0.5434276640625 0.685310253125 0.46739261406250004 0.686499284375 0.45038868125000003 0.7048975343749999 0.42889244218749994 0.7064829078125 0.4062205328125 0.673594359375 0.31278965937500003 0.6726907093750001 0.1646384609375 0.6500476265625 0.1260331015625 0.60119436875 0.09983417812499999 0.5067140859375 0.08183608906249999 0.41585637656249996 0.0925697765625 0.34662314843750003 0.11620698125 0.26442553125 0.20443809062499999 0.200852078125 0.3082107609375 0.1728860984375 0.38599488593750003 0.110105334375 0.47843160156250003 0.099348575 0.5517234203125 0.110783071875 0.589545 0.20724507343749998 0.579203203125 0.2258692375 0.5947447625 0.2159051671875 0.656700625 0.23554793125 0.697944028125
1 0.110105334375 0.47843160156250003 0.099348575 0.5517234203125 0.110783071875 0.589545 0.20124443749999998 0.5844792890625 0.210245390625 0.5765651578125001 0.211434421875 0.559561225 0.25983585468750003 0.51168455 0.2761969046875 0.438784621875 0.3035961125 0.4093742515625 0.3500158265625 0.3898374640625 0.3950205953125 0.350266809375 0.44998943750000003 0.2487402921875 0.46940628906250004 0.25294589843750004 0.48746367968750004 0.3168612125 0.521315346875 0.356250353125 0.5861887953125 0.3949609015625 0.6746684421875 0.4182350796875 0.6898959437500001 0.44208266093750004 0.7048975343749999 0.42889244218749994 0.7064829078125 0.4062205328125 0.673594359375 0.31278965937500003 0.668275446875 0.14724263906249999 0.6340274359375 0.11352147500000001 0.5235269609375 0.08301175937500001 0.41585637656249996 0.0925697765625 0.34662314843750003 0.11620698125 0.26442553125 0.20443809062499999 0.200852078125 0.3082107609375 0.1728860984375 0.38599488593750003 0.110105334375 0.47843160156250003
1 0.6815132609375001 0.76330311875 0.6767571390625 0.83131885 0.70619354375 0.8533121671874999 0.7328000640625 0.8352377531249999 0.75918066875 0.7801255375 0.7631441046874999 0.7234457625 0.7386897359375 0.6704745125 0.728047925 0.6213169765625 0.7146871921875 0.6915788625 0.6815132609375001 0.76330311875
1 0.230054603125 0.857039290625 0.26934013125 0.9395260984375 0.3043808296875 0.9619113078125 0.3249867125 0.9491129796875001 0.3277611171875 0.9094371359375 0.297646971875 0.7763304203125 0.300025034375 0.74232255625 0.25711693125 0.6311039703125 0.22768052499999997 0.6091106515625 0.2159051671875 0.656700625 0.23554793125 0.697944028125 0.230054603125 0.857039290625
9 0.31525253750000004 0.7661701359374999 0.39116413906249997 0.8483702421875 0.45082963749999994 0.8810209234374999 0.5408946593749999 0.8816231921875 0.60531628125 0.846258140625 0.667926615625 0.7965272031249999 0.7146871921875 0.6915788625 0.727029325 0.5956151328125 0.6893291703125 0.4904564140625 0.6876883140625 0.4333847484375 0.6746684421875 0.4182350796875 0.630626790625 0.4037640015625 0.602605328125 0.40180455156250006 0.5793954703125 0.41157294375 0.5701686046875001 0.3824492765625 0.521315346875 0.356250353125 0.48746367968750004 0.3168612125 0.46940628906250004 0.25294589843750004 0.44998943750000003 0.2487402921875 0.4074182109375 0.3340466578125 0.3830193234375 0.360818984375 0.469687684375 0.369727271875 0.50472838125 0.39211248125 0.4897267921875 0.4053027 0.4344765546875 0.3900478421875 0.3840379234375 0.3865208296875 0.3608280671875 0.396289221875 0.34441153281250003 0.3894455734375 0.3035961125 0.4093742515625 0.2761969046875 0.438784621875 0.25983585468750003 0.51168455 0.211434421875 0.559561225 0.210245390625 0.5765651578125001 0.2258692375 0.5947447625 0.22507655 0.6060807171875 0.25711693125 0.6311039703125 0.2948170859375 0.7362626875 0.31525253750000004 0.7661701359374999
9 0.6636857703125 0.45448909843749996 0.6454579484375 0.43327956093750003 0.6122285390625 0.425260240625 0.579225040625 0.4542787203125 0.6490805234375 0.46201133906249997 0.6636857703125 0.45448909843749996
9 0.45491200625 0.41995529062500003 0.42728688750000005 0.4123278609375 0.3894717859375 0.42961849531249996 0.405491975 0.442130121875 0.45853458125 0.44868706875 0.473139828125 0.44116482812499996 0.45491200625 0.41995529062500003
9 0.49198990625 0.4937441859375 0.46679832968749996 0.53185246875 0.4682132734375 0.5518863359374999 0.5140662140625001 0.5807233015625 0.5334830640625 0.5849289078125001 0.5885073890625 0.563145965625 0.5900927640625 0.54047405625 0.5704499984375 0.49923065 0.5684128 0.4478269640625 0.549788634375 0.432285403125 0.5273714640625 0.43071784218750003 0.5011612890625 0.4431242796875 0.49198990625 0.4937441859375
9 0.39201629375 0.634841359375 0.42507527187500005 0.6855664546875 0.457511996875 0.7049217296875 0.49934601718750005 0.710694896875 0.558389259375 0.7119757546875001 0.5973933953125 0.6776811875 0.610583696875 0.65012508125 0.581543634375 0.6224637859375 0.5595228078125001 0.615228246875 0.4642498375 0.6085661109375 0.4358320328125 0.6122746375 0.39201629375 0.634841359375
3 0.6122285390625 0.425260240625 0.59162265625 0.43805856875 0.581829015625 0.45730865468750004 0.6490805234375 0.46201133906249997 0.6636857703125 0.45448909843749996 0.6454579484375 0.43327956093750003 0.6122285390625 0.425260240625
5 0.42507527187500005 0.6855664546875 0.457511996875 0.7049217296875 0.5019499921875 0.7137248281249999 0.558389259375 0.7119757546875001 0.5973933953125 0.6776811875 0.610583696875 0.65012508125 0.5259525359375 0.69262048125 0.46990961249999996 0.688701578125 0.397224240625 0.6409012265625 0.42507527187500005 0.6855664546875
10 0.4642498375 0.6085661109375 0.4358320328125 0.6122746375 0.41222583124999995 0.6277110078125 0.6001678 0.6380053453125 0.5595228078125001 0.615228246875 0.4642498375 0.6085661109375
2 0.4066215390625 0.6273191171875 0.397620584375 0.6352332484375001 0.46990961249999996 0.688701578125 0.54316175625 0.6881281734375 0.6049794046875 0.649733190625 0.5695423640625 0.633015959375 0.45745651406250004 0.625178153125 0.4066215390625 0.6273191171875
4 0.5809808453125 0.3889010328125 0.5715835484375 0.40248314374999994 0.5793954703125 0.41157294375 0.6112099375 0.399558396875 0.5809808453125 0.3889010328125
6 0.46679832968749996 0.53185246875 0.4682132734375 0.5518863359374999 0.5166701859375 0.5837532359375001 0.5506922859375 0.5804366 0.5885073890625 0.563145965625 0.5900927640625 0.54047405625 0.5704499984375 0.49923065 0.5684128 0.4478269640625 0.549788634375 0.432285403125 0.5273714640625 0.43071784218750003 0.5011612890625 0.4431242796875 0.49198990625 0.4937441859375 0.46679832968749996 0.53185246875
8 0.40283251875000003 0.3593566125 0.385623296875 0.3638489171875 0.3552237734375 0.3958973328125 0.3840379234375 0.3865208296875 0.4897267921875 0.4053027 0.50472838125 0.39211248125 0.469687684375 0.369727271875 0.40283251875000003 0.3593566125
7 0.42728688750000005 0.4123278609375 0.3894717859375 0.42961849531249996 0.40809594843749997 0.44516005468750003 0.45853458125 0.44868706875 0.473139828125 0.44116482812499996 0.45491200625 0.41995529062500003 0.42728688750000005 0.4123278609375