0 0.451855478125 0 0 0.0878318078125 0 0.5481445218750001 0.0878318078125 1 0.5481445218750001 1 1 0.9121681921875 1 0.451855478125 0.9121681921875 0 0.451855478125 0
0 0.84541589375 0.497882421875 0.8270551968750001 0.4310082046875 0.7581366015625 0.352286621875 0.7232615859375 0.2832037578125 0.6523131109375 0.194039334375 0.5658193812500001 0.121443365625 0.49874716875 0.107387353125 0.4130390015625 0.107791215625 0.327239084375 0.13530644218750001 0.2848007203125 0.165230446875 0.268148775 0.2036888453125 0.2842043359375 0.34145431249999997 0.26427818593749997 0.43202685625 0.2683379515625 0.45291254218750004 0.28789709375 0.470785453125 0.29094191875000003 0.48644971718749996 0.27313740468750003 0.5603537390625 0.26446736406250004 0.6812505515625 0.24776954375 0.7332646328125 0.25791895781249996 0.78547884375 0.28873420781250003 0.8336760234374999 0.3103691078125 0.848436096875 0.330020003125 0.83919764375 0.3403987953125 0.8236334453125 0.3333400828125 0.773527815625 0.37245836718750003 0.8092736374999999 0.46111960625000004 0.8516454031249999 0.49414824062499996 0.856062696875 0.5561457484375001 0.844011603125 0.59443259375 0.8203132765625 0.6255231 0.7871763656249999 0.6784778828125 0.7010211171875 0.6866432921875 0.7292368046875 0.6738217343749999 0.8563592968749999 0.6809263234375 0.8929092453124999 0.7036220421875 0.89933505625 0.7315759703125 0.8776452453125 0.7586984593749999 0.7965112859375 0.7354465593749999 0.6493072343749999 0.7490078046875001 0.6087402546875 0.7326769890625 0.5523088796875 0.748222240625 0.5357404234375001 0.839096865625 0.534332303125 0.84541589375 0.497882421875
1 0.49874716875 0.107387353125 0.397539625 0.1108039890625 0.2982702140625 0.15177483281249998 0.270270409375 0.18702032500000002 0.2842043359375 0.34145431249999997 0.26427818593749997 0.43202685625 0.2683379515625 0.45291254218750004 0.283791453125 0.46345545 0.2952310640625 0.43955699218750005 0.37484958125 0.407824603125 0.43075743906249997 0.36444498125 0.45774230156250006 0.323978065625 0.46724378125 0.2625254015625 0.484818915625 0.2563997890625 0.5475102328125 0.3444598875 0.5938707359375 0.3760886140625 0.6392621734375 0.3889402359375 0.668093415625 0.4131388921875 0.6916205718749999 0.47900885156250006 0.7420867171875 0.5179675796875001 0.7451315421875 0.5336318421875 0.754403640625 0.5399575875 0.839096865625 0.534332303125 0.84541589375 0.497882421875 0.8270551968750001 0.4310082046875 0.7581366015625 0.352286621875 0.7232615859375 0.2832037578125 0.6523131109375 0.194039334375 0.5658193812500001 0.121443365625 0.49874716875 0.107387353125
1 0.25791895781249996 0.78547884375 0.28873420781250003 0.8336760234374999 0.31553556875 0.8474318390625 0.3403987953125 0.8236334453125 0.3282194984375 0.760976390625 0.28919296562499996 0.6981192046875 0.2687565078125 0.634357828125 0.26446736406250004 0.6812505515625 0.24776954375 0.7332646328125 0.25791895781249996 0.78547884375
1 0.6805536437499999 0.697908278125 0.6866432921875 0.7292368046875 0.6738217343749999 0.8563592968749999 0.6809263234375 0.8929092453124999 0.7015462828125 0.9024478968749999 0.7315759703125 0.8776452453125 0.7586984593749999 0.7965112859375 0.7354465593749999 0.6493072343749999 0.7490078046875001 0.6087402546875 0.7326311125 0.5658645609375 0.707767884375 0.5896629546875001 0.6805536437499999 0.697908278125
9 0.7451315421875 0.5336318421875 0.7420867171875 0.5179675796875001 0.6916205718749999 0.47900885156250006 0.668093415625 0.4131388921875 0.6392621734375 0.3889402359375 0.5990371953125 0.3750843546875 0.584552759375 0.3833185515625 0.5618570421875 0.3768927390625 0.5153589109375 0.3859310609375 0.46572420625 0.4064164828125 0.45027070468749997 0.39587357343749996 0.48030039375 0.3710709234375 0.559873034375 0.352894215625 0.5341324921874999 0.330804140625 0.484818915625 0.2563997890625 0.46724378125 0.2625254015625 0.45774230156250006 0.323978065625 0.43075743906249997 0.36444498125 0.38831907499999996 0.3943689859375 0.3830608640625 0.4224846078125 0.360365146875 0.41605879687499997 0.334532853125 0.4210800859375 0.2952310640625 0.43955699218750005 0.2848522703125 0.4551211890625 0.289835225 0.508339659375 0.2667725015625 0.610359303125 0.28919296562499996 0.6981192046875 0.3446420640625 0.7902964031249999 0.40853182656250003 0.829355196875 0.472467465625 0.8548583078125 0.5561457484375001 0.844011603125 0.6079020875000001 0.8068576609375 0.6691140328125 0.7218067359375 0.684705159375 0.6916825984375 0.707767884375 0.5896629546875001 0.7347068718750001 0.562751721875 0.7326769890625 0.5523088796875 0.7451315421875 0.5336318421875
9 0.309577871875 0.47198984218750006 0.32401643125 0.47731132968749995 0.38808969531250004 0.46214739531250004 0.3540919953125 0.438952996875 0.3241081828125 0.450199965625 0.309577871875 0.47198984218750006
9 0.5245851359375 0.4058124875 0.499767784375 0.4160551984375 0.485237471875 0.437845075 0.4996760328125 0.4431665609375 0.5482499203125 0.4310154 0.5617194140625 0.41755978593750004 0.5245851359375 0.4058124875
9 0.4013756875 0.50291450625 0.38781444062500003 0.5434814859375 0.39187420624999997 0.5643671718750001 0.445522803125 0.5783231171875001 0.46309793906249996 0.5721975046875001 0.5024456015625 0.5401649171875 0.5014765359375 0.5213878140625 0.47370611093750004 0.48885489687500006 0.45940517812500004 0.4428663640625 0.433618759375 0.434331971875 0.412952925 0.438349003125 0.3974076734375 0.45491745781250004 0.4013756875 0.50291450625
9 0.381266034375 0.6477097781250001 0.396673659375 0.67180836875 0.43685276249999994 0.69921993125 0.4916080515625 0.6912859328125001 0.5298490218749999 0.6811432890625 0.55780295 0.659453478125 0.5827579296875001 0.608543721875 0.5394422515625 0.592579259375 0.5125950171875 0.5923791281249999 0.424765215625 0.6094515125 0.405114321875 0.6186899640625 0.381266034375 0.6477097781250001
3 0.374711953125 0.4484916484375 0.3540919953125 0.438952996875 0.3241081828125 0.450199965625 0.309577871875 0.47198984218750006 0.32401643125 0.47731132968749995 0.3860139375 0.46526023437499997 0.374711953125 0.4484916484375
5 0.396673659375 0.67180836875 0.43685276249999994 0.69921993125 0.48953229374999996 0.6943987734375 0.5298490218749999 0.6811432890625 0.55780295 0.659453478125 0.5786064125 0.6147694015625 0.5164712796875001 0.6674875421875 0.464806690625 0.6775301203125 0.381266034375 0.6477097781250001 0.396673659375 0.67180836875
10 0.5125950171875 0.5923791281249999 0.424765215625 0.6094515125 0.3895690703125 0.6352584218749999 0.5631529109375 0.6042264921875 0.5394422515625 0.592579259375 0.5125950171875 0.5923791281249999
2 0.5164712796875001 0.6674875421875 0.577591471875 0.6095479796875 0.5683193703125 0.603222234375 0.5208063 0.607039134375 0.4174771234375 0.6271242921875 0.38643249375 0.6467055203125 0.44829237187500004 0.675321471875 0.5164712796875001 0.6674875421875
4 0.3521079875 0.41495447187499995 0.3830608640625 0.4224846078125 0.38928814218749996 0.4131460890625 0.37900109843749996 0.40159892187499996 0.3521079875 0.41495447187499995
6 0.3974076734375 0.45491745781250004 0.4013756875 0.50291450625 0.38781444062500003 0.5434814859375 0.39187420624999997 0.5643671718750001 0.429008484375 0.5761144687499999 0.461022178125 0.5753103421875 0.5024456015625 0.5401649171875 0.5014765359375 0.5213878140625 0.47370611093750004 0.48885489687500006 0.45940517812500004 0.4428663640625 0.433618759375 0.434331971875 0.412952925 0.438349003125 0.3974076734375 0.45491745781250004
8 0.58971921875 0.38231429375000003 0.5577972765625 0.3560070546875 0.5412829578125 0.35379840625000003 0.48030039375 0.3710709234375 0.45027070468749997 0.39587357343749996 0.46572420625 0.4064164828125 0.5618570421875 0.3768927390625 0.58971921875 0.38231429375000003
7 0.5617194140625 0.41755978593750004 0.5245851359375 0.4058124875 0.499767784375 0.4160551984375 0.485237471875 0.437845075 0.4996760328125 0.4431665609375 0.5461741625000001 0.43412824062500005 0.5617194140625 0.41755978593750004