0 1 0.0729596578125 0.6939619593749999 0.02448799375 0.7113021078124999 0.0375891609375 0.759121515625 0.10614102343750001 0.7941730687499999 0.1899285859375 0.836913909375 0.254224496875 0.8522507156250001 0.3026747515625 0.877166021875 0.3342336328125 0.8664093718749999 0.3440352328125 0.860253765625 0.36837190937500003 0.84736391875 0.3916419859375 0.831051178125 0.4074667578125 0.8092938953125 0.44313871406249994 0.80160460625 0.4626303640625 0.7993389750000001 0.5059916078125 0.7905830875000001 0.532217496875 0.7906946359375 0.5460415078125 0.7711821015625 0.582068996875 0.7574696390625 0.5960045546875 0.7556919734374999 0.6072282859375 0.7501358828125 0.613251459375 0.7485813171875 0.6521232109375 0.751648678125 0.6618132609375 0.7539840875 0.71970958125 0.7468734312499999 0.7646045078125 0.7292501062500001 0.803232275 0.7115152359375 0.8280360312499999 0.7034704140625 0.8497724281249999 0.6856937703125 0.9620097390625 0.6738131796875 1 0.9270403421875001 1 1 0.5393508546875 1 0.0729596578125
0 0.0729596578125 0 0 0.4606491453125 0 0.6626287921875 0.0090629859375 0.6431446984375 0.0297536703125 0.6142069796875 0.0686463078125 0.5720447703125 0.098193984375 0.5525635624999999 0.11981883125 0.546784375 0.14002154687499999 0.5499841703125 0.1461667125 0.54750588125 0.1472333125 0.5407716437500001 0.132140490625 0.47625263437500004 0.1319173921875 0.44860461249999994 0.1243605390625 0.4382034984375 0.12578267031249998 0.4292245125 0.195076928125 0.311340446875 0.2264336 0.2150603421875 0.2587244328125 0.1419387671875 0.295971840625 0.081107521875 0.33368633124999997 0.0318555390625 0.37883568125 0.0010390515625 0.3814781265625 0 0.0729596578125 0
0 0 0.9270403421875001 0.2313534625 0.96368313125 0.228323284375 0.9586010843749999 0.2226765296875 0.9070834703124999 0.216297825 0.903772125 0.2115643484375 0.919129815625 0.20766392812499998 0.9219636359375001 0.2019962890625 0.9141627984375 0.19490651875 0.9153409453125001 0.1920726984375 0.9114405281250001 0.19918335625 0.8665456031250001 0.1885800265625 0.8027376593750001 0.19166827343749998 0.7687109328124999 0.18861135625 0.73716249375 0.164131803125 0.782758040625 0.1545324140625 0.8433661890625 0.16017916875 0.894883803125 0.1639575953125 0.9000843625 0.16442467656249998 0.9116636250000001 0.17044785 0.9172197171875001 0.17127046562499998 0.9265542343750001 0.1670145140625 0.9316328 0.1588685859375 0.9176867984375001 0.1568678234375 0.901262509375 0.1508446515625 0.8957064171875 0.15333338125 0.8799931937500001 0.1476657421875 0.8721923578125 0.147198659375 0.8606130921874999 0.152998734375 0.8385211640625 0.1468640125 0.8191410625 0.1537306859375 0.79031489375 0.15893124375 0.7865364671874999 0.1689977140625 0.7375075828125001 0.174686240625 0.7015916437499999 0.17339654375 0.6806778625 0.1811973796875 0.675010221875 0.183330578125 0.6615417453125 0.17660678125 0.6386167578124999 0.160538025 0.6383727718750001 0.1436362109375 0.6506526609375001 0.119989715625 0.6837243359375 0.1089890828125 0.70959469375 0.0978560140625 0.765357815625 0.10528043281249999 0.8056517 0.0994908 0.8058852390625001 0.09417869375 0.79583965625 0.0876779953125 0.8005626890625 0.0840111171875 0.8091861421875001 0.0810344203125 0.857036878125 0.0849243953125 0.8760614468749999 0.08031291093750001 0.883384759375 0.0725225171875 0.8671940109375 0.0704102046875 0.8369457109375 0.06273136093750001 0.834578971875 0.0587193921875 0.8235887828124999 0.0679423609375 0.8089421578125 0.077186215625 0.75057875625 0.08062999531250001 0.7143072828125 0.07602895468750001 0.6997722078125 0.069061175 0.6929159765625 0.0570043859375 0.7036621828125 0.052737990624999995 0.7305991390625 0.04812650625 0.73792245 0.0408031953125 0.7333109656250001 0.041047179687500004 0.7172422093749999 0.0382133578125 0.713341790625 0.0292343734375 0.711919659375 0.020133396875 0.71853190625 0.0180002 0.7320003828125 0.00818815625 0.743102121875 0.0012203765625 0.736245890625 0 0.7289019984375 0 0.9270403421875001
0 0.127832325 0.59062314375 0.12015347968750001 0.5882564046875001 0.1138863234375 0.5987690703124999 0.1220426921875 0.5908566828125 0.127832325 0.59062314375
0 0.0919163859375 0.5849346171875001 0.0842375390625 0.582567878125 0.0835264734375 0.5870573718750001 0.0919163859375 0.5849346171875001
0 0.0802151296875 0.5934360765625 0.0818708015625 0.5902467234375 0.07572563593750001 0.5927250109375 0.0802151296875 0.5934360765625
0 0.46862325625 1 0.4835550609375 0.9161877703125001 0.49337754531250005 0.8832276421874999 0.5066229250000001 0.8577128187499999 0.53688166875 0.83374211875 0.585331921875 0.818405315625 0.61227931875 0.8008133203125001 0.6293031250000001 0.7804990546874999 0.6400702171875 0.7488390671875 0.59811021875 0.781311228125 0.567262403125 0.8017370421875001 0.54752676875 0.810116509375 0.5075884171875 0.8152961828124999 0.4469802703125 0.8056967953124999 0.41697595468750004 0.79174035 0.382370596875 0.763248828125 0.346231559375 0.7299122828125 0.3077362265625 0.6823961921875 0.3041913421875 0.682985265625 0.30665918593749997 0.7109888203125 0.31975124374999997 0.759083540625 0.33553424375 0.862829834375 0.36113973125 0.933616 0.371164428125 0.9720206703125 0.37950671406250003 0.9871483015625 0.46064915156249997 1 0.46862325625 1
0 0.5152359343749999 0.8832380859375 0.51169105 0.8838271593749999 0.5115690578125001 0.8918615390625 0.5154694765625 0.8890277171875001 0.5152359343749999 0.8832380859375
0 0.4964240203125 0.9366344703125 0.49475790625 0.9616822109375001 0.497703275 0.9794066406249999 0.534361609375 0.915030509375 0.5344836015625 0.90699613125 0.529994109375 0.9062850656249999 0.5056469906250001 0.9219878453125 0.4964240203125 0.9366344703125
0 0.556962590625 1 0.5578338984375 0.999285153125 0.5676563828125001 0.9663250250000001 0.5671997453125 0.9328873734375 0.549942396875 0.9474120062500001 0.5407194296875 0.96205863125 0.507738415625 0.995952921875 0.5060175109375 1 0.556962590625 1
1 0.3814781265625 0 0.37883568125 0.0010390515625 0.33368633124999997 0.0318555390625 0.295971840625 0.081107521875 0.2587244328125 0.1419387671875 0.2264336 0.2150603421875 0.195076928125 0.311340446875 0.12578267031249998 0.4292245125 0.1243605390625 0.4382034984375 0.1319173921875 0.44860461249999994 0.132140490625 0.47625263437500004 0.1472333125 0.5407716437500001 0.1461667125 0.54750588125 0.14002154687499999 0.5499841703125 0.11272906093749999 0.5479625218749999 0.0881484 0.5578756703125001 0.0686463078125 0.5720447703125 0.0297536703125 0.6142069796875 0 0.6609134703125 0 0.7289019984375 0.0012203765625 0.736245890625 0.00818815625 0.743102121875 0.0180002 0.7320003828125 0.020133396875 0.71853190625 0.0292343734375 0.711919659375 0.0382133578125 0.713341790625 0.041047179687500004 0.7172422093749999 0.0408031953125 0.7333109656250001 0.04812650625 0.73792245 0.052737990624999995 0.7305991390625 0.0570043859375 0.7036621828125 0.069061175 0.6929159765625 0.07602895468750001 0.6997722078125 0.08062999531250001 0.7143072828125 0.077186215625 0.75057875625 0.0679423609375 0.8089421578125 0.0587193921875 0.8235887828124999 0.06273136093750001 0.834578971875 0.0704102046875 0.8369457109375 0.0725225171875 0.8671940109375 0.08031291093750001 0.883384759375 0.0849243953125 0.8760614468749999 0.0810344203125 0.857036878125 0.0840111171875 0.8091861421875001 0.0876779953125 0.8005626890625 0.09417869375 0.79583965625 0.0994908 0.8058852390625001 0.10528043281249999 0.8056517 0.0978560140625 0.765357815625 0.1089890828125 0.70959469375 0.119989715625 0.6837243359375 0.1436362109375 0.6506526609375001 0.16538305 0.6368390921875 0.17660678125 0.6386167578124999 0.17944060312500001 0.6425171749999999 0.1780184703125 0.6514961609375 0.183330578125 0.6615417453125 0.1811973796875 0.675010221875 0.17339654375 0.6806778625 0.174686240625 0.7015916437499999 0.1689977140625 0.7375075828125001 0.15893124375 0.7865364671874999 0.1537306859375 0.79031489375 0.1468640125 0.8191410625 0.152998734375 0.8385211640625 0.147198659375 0.8606130921874999 0.1476657421875 0.8721923578125 0.15333338125 0.8799931937500001 0.1508446515625 0.8957064171875 0.1568678234375 0.901262509375 0.1588685859375 0.9176867984375001 0.1670145140625 0.9316328 0.17127046562499998 0.9265542343750001 0.17044785 0.9172197171875001 0.16442467656249998 0.9116636250000001 0.1639575953125 0.9000843625 0.16017916875 0.894883803125 0.1545324140625 0.8433661890625 0.164131803125 0.782758040625 0.18861135625 0.73716249375 0.19166827343749998 0.7687109328124999 0.1885800265625 0.8027376593750001 0.19918335625 0.8665456031250001 0.1920726984375 0.9114405281250001 0.19490651875 0.9153409453125001 0.2019962890625 0.9141627984375 0.20766392812499998 0.9219636359375001 0.2115643484375 0.919129815625 0.216297825 0.903772125 0.2226765296875 0.9070834703124999 0.228323284375 0.9586010843749999 0.2313534625 0.96368313125 0.37950671406250003 0.9871483015625 0.371164428125 0.9720206703125 0.33128873593749997 0.8460500124999999 0.31975124374999997 0.759083540625 0.304302890625 0.6968092765625 0.304546875 0.6807405203125 0.28236428125 0.6173996578125001 0.276605978125 0.5520580328125 0.258536459375 0.5353897609375 0.2485117625 0.49698508906249994 0.25420028906250003 0.46106915 0.26342325624999996 0.446422525 0.2656888890625 0.40306128125 0.2714889640625 0.380969353125 0.288401221875 0.3468310765625 0.30013380624999997 0.27275445 0.311489971875 0.24463934843750001 0.32662456562500003 0.221724803125 0.342581771875 0.208144778125 0.3599611109375 0.185585765625 0.3679954890625 0.185707759375 0.3819414921875 0.17756183125 0.394120271875 0.158781246875 0.41622264375 0.142722934375 0.4252016296875 0.144145065625 0.4508280015625 0.17121445468750002 0.50905896875 0.2103510765625 0.621142959375 0.3017372640625 0.631889165625 0.3137940515625 0.6418023140625 0.3383747125 0.6572715546875 0.3569321984375 0.6668291703125 0.38375760468750003 0.67474155625 0.39191397499999997 0.6755641703124999 0.4012484921875 0.686665909375 0.41106053437499995 0.6950558203125 0.40893778125 0.7003888140625001 0.37526658749999997 0.6994546500000001 0.352108059375 0.709733775 0.352585584375 0.741261328125 0.3932454421875 0.7481071171875 0.4081360515625 0.761910240625 0.4517412796875 0.7654446828125 0.47301059375000004 0.76366701875 0.4842343265625 0.7735906109374999 0.486956596875 0.781035915625 0.4835337015625 0.785403415625 0.49227914687499996 0.7790038234375001 0.5326845796875 0.753935196875 0.574735240625 0.7521575312500001 0.585958971875 0.7362003234375 0.599538996875 0.719399615625 0.6475012828125 0.6962202015625001 0.692152225 0.6439706375 0.7460052484374999 0.6293031250000001 0.7804990546874999 0.61227931875 0.8008133203125001 0.585331921875 0.818405315625 0.53688166875 0.83374211875 0.5121790171875 0.8516896468749999 0.497044425 0.8746041906249999 0.4835550609375 0.9161877703125001 0.4694610359375 1 0.5060175109375 1 0.507738415625 0.995952921875 0.5649549984375 0.9325318390625 0.5693224984375 0.941277284375 0.5676563828125001 0.9663250250000001 0.5578338984375 0.999285153125 0.556962590625 1 0.6738131796875 1 0.6856937703125 0.9620097390625 0.7034704140625 0.8497724281249999 0.7115152359375 0.8280360312499999 0.7292501062500001 0.803232275 0.7468734312499999 0.7646045078125 0.7539840875 0.71970958125 0.751648678125 0.6618132609375 0.7485813171875 0.6521232109375 0.7501358828125 0.613251459375 0.7556919734374999 0.6072282859375 0.7574696390625 0.5960045546875 0.7711821015625 0.582068996875 0.7906946359375 0.5460415078125 0.7905830875000001 0.532217496875 0.7993389750000001 0.5059916078125 0.80160460625 0.4626303640625 0.8092938953125 0.44313871406249994 0.831051178125 0.4074667578125 0.84736391875 0.3916419859375 0.860253765625 0.36837190937500003 0.8664093718749999 0.3440352328125 0.877166021875 0.3342336328125 0.8522507156250001 0.3026747515625 0.836913909375 0.254224496875 0.7941730687499999 0.1899285859375 0.759121515625 0.10614102343750001 0.7113021078124999 0.0375891609375 0.6939619593749999 0.02448799375 0.5393508515625001 0 0.3814781265625 0
1 0.1220426921875 0.5908566828125 0.127832325 0.59062314375 0.12015347968750001 0.5882564046875001 0.112941715625 0.5974689296875 0.11613106875000001 0.599124603125 0.1220426921875 0.5908566828125
1 0.0825818671875 0.58575723125 0.0919163859375 0.5849346171875001 0.0842375390625 0.582567878125 0.0825818671875 0.58575723125
1 0.0747810296875 0.5914248703125 0.0802151296875 0.5934360765625 0.0818708015625 0.5902467234375 0.0747810296875 0.5914248703125
1 0.5154694765625 0.8890277171875001 0.5152359343749999 0.8832380859375 0.51169105 0.8838271593749999 0.51062445 0.8905613984375 0.5154694765625 0.8890277171875001
1 0.5173482453125 0.9134863859375001 0.499735365625 0.9302557640625 0.49464635625 0.9478582015624999 0.49675866874999997 0.9781065015625 0.50160369375 0.9765728203125 0.5192270156250001 0.9379450531250001 0.52773891875 0.9277879203125 0.534361609375 0.915030509375 0.5344836015625 0.90699613125 0.5173482453125 0.9134863859375001
9 0.36619029062499997 0.7491808343749999 0.41697595468750004 0.79174035 0.4469802703125 0.8056967953124999 0.5075884171875 0.8152961828124999 0.54752676875 0.810116509375 0.567262403125 0.8017370421875001 0.59811021875 0.781311228125 0.6491711953125 0.7422268203125 0.6847524859375 0.706443315625 0.705443171875 0.6775056 0.719399615625 0.6475012828125 0.729577634375 0.6122964093750001 0.7362003234375 0.599538996875 0.7521575312500001 0.585958971875 0.753935196875 0.574735240625 0.7790038234375001 0.5326845796875 0.785403415625 0.49227914687499996 0.781035915625 0.4835337015625 0.7735906109374999 0.486956596875 0.76366701875 0.4842343265625 0.7654446828125 0.47301059375000004 0.761910240625 0.4517412796875 0.7481071171875 0.4081360515625 0.741261328125 0.3932454421875 0.709733775 0.352585584375 0.7039441421875 0.352819125 0.7111454640625 0.3654649875 0.6999217328125 0.3636873234375 0.6950558203125 0.40893778125 0.691155403125 0.41177159999999996 0.6802872046874999 0.407749190625 0.673085884375 0.3951033265625 0.6607955546875 0.40005990156250004 0.635036746875 0.402883278125 0.5759622796875 0.3981289171875 0.573128459375 0.3942284984375 0.5955863640625 0.37592543749999996 0.6243009828125 0.36896810156250004 0.6486376578125 0.375123709375 0.6711966703125001 0.3925030484375 0.67474155625 0.39191397499999997 0.6668291703125 0.38375760468750003 0.654437734375 0.3530317796875 0.6267897125 0.353254878125 0.5734944343749999 0.3701253640625 0.56451545 0.3687032328125 0.56014795 0.3599577875 0.5699599921875 0.3488560484375 0.5974964640625 0.334808940625 0.6387349546875 0.3286846609375 0.631889165625 0.3137940515625 0.6151197859375 0.2961811734375 0.50905896875 0.2103510765625 0.4508280015625 0.17121445468750002 0.4252016296875 0.144145065625 0.41622264375 0.142722934375 0.394120271875 0.158781246875 0.3819414921875 0.17756183125 0.3679954890625 0.185707759375 0.3599611109375 0.185585765625 0.342581771875 0.208144778125 0.32662456562500003 0.221724803125 0.311489971875 0.24463934843750001 0.30013380624999997 0.27275445 0.288401221875 0.3468310765625 0.2714889640625 0.380969353125 0.2656888890625 0.40306128125 0.26342325624999996 0.446422525 0.25420028906250003 0.46106915 0.2485117625 0.49698508906249994 0.258536459375 0.5353897609375 0.276605978125 0.5520580328125 0.28236428125 0.6173996578125001 0.3026576609375 0.678140240625 0.36619029062499997 0.7491808343749999
9 0.374088440625 0.2925214140625 0.3222152921875 0.300412915625 0.3079137578125 0.3108035890625 0.2950239109375 0.33407366562499996 0.32421605468750003 0.3168372046875 0.36604361875 0.3142578109375 0.3840015875 0.31710207343749997 0.41589511718749994 0.333658796875 0.431608340625 0.33614752812500004 0.44589943437499996 0.3476152421875 0.45783422968750004 0.34490341406249997 0.4624457140625 0.3375801015625 0.44225344218749996 0.3125219171875 0.3987806484375 0.296432275 0.374088440625 0.2925214140625
9 0.3625998390625 0.3505292828125 0.3378971859375 0.368476809375 0.34935445781249996 0.37604410625 0.36376754375 0.3794774421875 0.40736232812499995 0.38753270624999997 0.437610628125 0.38542039687499996 0.44860081875 0.381408428125 0.4400993578125 0.36970717343750004 0.41340638749999997 0.34937202031250003 0.39131445781249996 0.343571946875 0.3625998390625 0.3505292828125
9 0.43602473281250004 0.48986731250000004 0.4276243796875 0.5138484562500001 0.43990426562499996 0.5307502687500001 0.49554539531249997 0.549917715625 0.5200040625 0.5480389453125001 0.558408734375 0.5380142484375 0.5675097109375 0.5314020015625001 0.5703539734375 0.5134440312499999 0.5676421453125 0.5015092343750001 0.5525284375 0.48070700312500003 0.5432356921875 0.39409606406250003 0.5283555265625 0.3790834625 0.506263596875 0.3732833859375 0.479438190625 0.38284100312499997 0.4725819609375 0.3898087828125 0.4534040703125 0.46730830156250003 0.4493816609375 0.4781765 0.43602473281250004 0.48986731250000004
9 0.39944661875 0.633642621875 0.42719574531250004 0.6691019218750001 0.437708409375 0.675369078125 0.471968678125 0.68424695625 0.495360746875 0.689102425 0.50280605 0.68567953125 0.5211195531249999 0.6862790484375 0.5375438421875 0.6842782859375001 0.566969528125 0.6728314578125 0.605384640625 0.640948371875 0.623830578125 0.6116551203125 0.6037498546875 0.600420946875 0.5689005125000001 0.5879981828124999 0.530739828125 0.5819541234375001 0.510181578125 0.5809990734375 0.500491528125 0.584066434375 0.45819688125 0.5750665640625 0.4073903328125 0.576223825 0.3695747375 0.589793409375 0.3772535828125 0.5921601484375 0.3838658296875 0.601261125 0.39944661875 0.633642621875
4 0.5660595734375 0.35168986874999997 0.5597924171875001 0.362202534375 0.56451545 0.3687032328125 0.5734944343749999 0.3701253640625 0.6267897125 0.353254878125 0.6534931265624999 0.351731640625 0.6374348140625 0.32962926875 0.609431259375 0.33209711249999996 0.5974964640625 0.334808940625 0.5660595734375 0.35168986874999997
4 0.700754790625 0.35116345312499997 0.69803251875 0.36108704375 0.707600578125 0.3660540625 0.7111454640625 0.3654649875 0.709611784375 0.3606199625 0.700754790625 0.35116345312499997
3 0.5955863640625 0.37592543749999996 0.573128459375 0.3942284984375 0.5759622796875 0.3981289171875 0.635036746875 0.402883278125 0.6607955546875 0.40005990156250004 0.6743860234375 0.394158721875 0.6486376578125 0.375123709375 0.6243009828125 0.36896810156250004 0.5955863640625 0.37592543749999996
10 0.45819688125 0.5750665640625 0.4073903328125 0.576223825 0.37051934375 0.5910935484375 0.4890238125 0.5983575265625001 0.6154406671875 0.613777875 0.623830578125 0.6116551203125 0.6037498546875 0.600420946875 0.5689005125000001 0.5879981828124999 0.530739828125 0.5819541234375001 0.510181578125 0.5809990734375 0.500491528125 0.584066434375 0.45819688125 0.5750665640625
5 0.42719574531250004 0.6691019218750001 0.437708409375 0.675369078125 0.47291328281249995 0.6855470968749999 0.495360746875 0.689102425 0.50280605 0.68567953125 0.5375438421875 0.6842782859375001 0.566969528125 0.6728314578125 0.605384640625 0.640948371875 0.62347504375 0.6138998671875 0.6202856921875 0.6122441953125 0.591682621875 0.6330255421875 0.561545871875 0.6489618625 0.5253859484375 0.6593420937500001 0.49738239531249995 0.6618099390625 0.4637112015625 0.6564769453125 0.4378408453125 0.6454763109375 0.41079234062500003 0.62738590625 0.38929992812499997 0.603272328125 0.3838658296875 0.601261125 0.39944661875 0.633642621875 0.42719574531250004 0.6691019218750001
2 0.41079234062500003 0.62738590625 0.4378408453125 0.6454763109375 0.4637112015625 0.6564769453125 0.49738239531249995 0.6618099390625 0.5253859484375 0.6593420937500001 0.561545871875 0.6489618625 0.591682621875 0.6330255421875 0.6163852734375 0.6150780140625 0.5252952843750001 0.60180130625 0.38079846875 0.5915710734374999 0.3870551828125 0.6029167953125001 0.41079234062500003 0.62738590625
6 0.4276243796875 0.5138484562500001 0.43990426562499996 0.5307502687500001 0.496490003125 0.55121785625 0.5016905609375 0.5474394296875 0.5200040625 0.5480389453125001 0.558408734375 0.5380142484375 0.5675097109375 0.5314020015625001 0.5703539734375 0.5134440312499999 0.5676421453125 0.5015092343750001 0.5525284375 0.48070700312500003 0.5432356921875 0.39409606406250003 0.5283555265625 0.3790834625 0.506263596875 0.3732833859375 0.479438190625 0.38284100312499997 0.4725819609375 0.3898087828125 0.4534040703125 0.46730830156250003 0.4493816609375 0.4781765 0.43602473281250004 0.48986731250000004 0.4276243796875 0.5138484562500001
8 0.3222152921875 0.300412915625 0.3079137578125 0.3108035890625 0.29596851874999996 0.335373803125 0.311925725 0.321793778125 0.32421605468750003 0.3168372046875 0.36604361875 0.3142578109375 0.3840015875 0.31710207343749997 0.41589511718749994 0.333658796875 0.431608340625 0.33614752812500004 0.44589943437499996 0.3476152421875 0.45783422968750004 0.34490341406249997 0.4624457140625 0.3375801015625 0.44225344218749996 0.3125219171875 0.3987806484375 0.296432275 0.374088440625 0.2925214140625 0.3222152921875 0.300412915625
7 0.3378971859375 0.368476809375 0.3407310078125 0.372377228125 0.36471215 0.3807775828125 0.40736232812499995 0.38753270624999997 0.437610628125 0.38542039687499996 0.44860081875 0.381408428125 0.4400993578125 0.36970717343750004 0.41340638749999997 0.34937202031250003 0.39131445781249996 0.343571946875 0.3625998390625 0.3505292828125 0.3378971859375 0.368476809375