0 1 0.1022820421875 0.7068715375 0.034608003124999995 0.7584573859375 0.162832 0.7759239296875 0.2626528546875 0.7800257953124999 0.376493296875 0.7704247828125 0.5350643703125 0.7402254890625 0.6512488078125 0.7270666296875 0.67899996875 0.699109609375 0.7050452125 0.679128784375 0.7038532890625 0.6468713203124999 0.6827220109375001 0.6382114796875 0.690985771875 0.613525815625 0.695549678125 0.61386401875 0.664838634375 0.6009771671874999 0.684100059375 0.5814741703124999 0.6881499718749999 0.561427153125 0.7091793562500001 0.5048294671875 0.7422964359375 0.4603687953125 0.759399990625 0.42927280312500005 0.76248395625 0.3491436859375 0.7439846921875 0.29281077031249997 0.6882165421875001 0.28081338125 0.7401829453125 0.2899582875 0.817556515625 0.28566508281249997 0.8507754875 0.290987375 0.886214371875 0.287238190625 0.9024538734374999 0.2820555234375 0.9029678671875001 0.2675955671875 0.8705509062499999 0.258729909375 0.8650830953125 0.2542308890625 0.8845704968750001 0.26841883593750004 0.9254771937499999 0.25707426875 0.9570682296875 0.44303219687500006 1 0.8977179578125 1 1 0.5569678031249999 1 0.1022820421875
0 0.1022820421875 0 0 0.44303219687500006 0 0.83054339375 0.0047720625 0.80987331875 0.000199609375 0.7711865359375001 0.0132850390625 0.6852611890625 0.023238734375 0.6567700578125 0.041308251562499995 0.6369946390625 0.0907974828125 0.4226332234375 0.119908734375 0.3404077296875 0.1463588421875 0.24046279375 0.1595177015625 0.2127116328125 0.20636026875 0.1414217625 0.2202689671875 0.1104227015625 0.2885920328125 0.0338289546875 0.313821715625 0.012285576562500001 0.3345177203125 0 0.1022820421875 0
0 0.67215995625 0.5585618328125 0.65831745 0.5673395859375 0.6597509296874999 0.5830650937499999 0.6767986015624999 0.575027309375 0.6790481125000001 0.565283609375 0.67215995625 0.5585618328125
0 0.683693996875 0.66214458125 0.6832161703125 0.6569027453125 0.67851133125 0.6626585734375 0.683693996875 0.66214458125
0 0.6753061671875 0.661918603125 0.6661685 0.6649405265625 0.666646328125 0.6701823625000001 0.6750341578125 0.670408340625 0.6753061671875 0.661918603125
0 0.662691325 0.67269029375 0.654303496875 0.672464315625 0.6579864875 0.678446121875 0.662691325 0.67269029375
1 0.3345177203125 0 0.313821715625 0.012285576562500001 0.2799321921875 0.042092714062499995 0.2202689671875 0.1104227015625 0.20636026875 0.1414217625 0.1595177015625 0.2127116328125 0.134155634375 0.27869762656249997 0.119908734375 0.3404077296875 0.0907974828125 0.4226332234375 0.041308251562499995 0.6369946390625 0.023238734375 0.6567700578125 0.0132850390625 0.6852611890625 0.000199609375 0.7711865359375001 0.0047720625 0.80987331875 0 0.83054339375 0 0.8977179578125 0.25451013906250003 0.9564762531250001 0.26841883593750004 0.9254771937499999 0.2542308890625 0.8845704968750001 0.258729909375 0.8650830953125 0.263912575 0.8645691 0.2710065484375 0.8850224499999999 0.2820555234375 0.9029678671875001 0.287238190625 0.9024538734374999 0.2899582875 0.817556515625 0.28081338125 0.7401829453125 0.29281077031249997 0.6882165421875001 0.2663461828125 0.6273704921875 0.250246928125 0.565496453125 0.2342800578125 0.45917979999999997 0.232501134375 0.39376984375 0.24729205312500002 0.31508026718750004 0.2689049375 0.265333775 0.30333847812500003 0.21854716562499998 0.355775346875 0.17420644375 0.362663503125 0.180928221875 0.3536654609375 0.21990302343749998 0.35107774687500004 0.26035776718750003 0.35619422031250003 0.2820650796875 0.36260455 0.283545021875 0.37194079375 0.21385917499999998 0.38032862343749996 0.21408515156250002 0.4068004515625 0.3553266953125 0.4665515875 0.5059618796875001 0.4957435109375 0.562306065625 0.5063146609375 0.5750096484375 0.5114973265625 0.5744956546875 0.458568153125 0.452803553125 0.4621115203125 0.42283248125000006 0.422208821875 0.317831834375 0.40344842031250006 0.238238353125 0.401331296875 0.2035394390625 0.41032933906249996 0.16456463593749998 0.421716515625 0.1517990125 0.4590170203125 0.136463415625 0.49086284999999996 0.1301315515625 0.5638318 0.15039877343750002 0.5985445921875 0.17551792187499998 0.6356465203125 0.22684624687500002 0.6804598734375 0.3398226359375 0.6937655984375 0.4284198484375 0.6891341921875 0.4923498640625 0.7063214875 0.5202649578125 0.7018224656250001 0.539752359375 0.6797979484375001 0.562035709375 0.6767986015624999 0.575027309375 0.662956096875 0.5838050640625 0.6533406015625001 0.5815851515625 0.645908425 0.591842846875 0.6421592406250001 0.6080823468750001 0.6133861921875 0.6595967984375 0.6105926625 0.6863199718749999 0.61673098125 0.6962896484375001 0.6382114796875 0.690985771875 0.6468713203124999 0.6827220109375001 0.679128784375 0.7038532890625 0.699109609375 0.7050452125 0.7270666296875 0.67899996875 0.7486795140625 0.6292534765625 0.7704247828125 0.5350643703125 0.7796141609375 0.349030153125 0.7740126218750001 0.2416855125 0.7584573859375 0.162832 0.7068715375 0.034608003124999995 0.5569678046875 0 0.3345177203125 0
1 0.6654186625 0.668188428125 0.67305665625 0.6716623046875 0.684443834375 0.6588966796875 0.6654186625 0.668188428125
1 0.552760071875 0.6370476234375 0.5443722421875 0.6368216453125 0.5512603984375 0.643543421875 0.5564430640625 0.6430294296875 0.552760071875 0.6370476234375
1 0.6567588234375 0.6764521875 0.6639189890625 0.6746842281250001 0.6562809953125 0.6712103515625001 0.6567588234375 0.6764521875
9 0.29158310625 0.68622260625 0.3346175359375 0.7337890390624999 0.364419671875 0.75093244375 0.42927280312500005 0.76248395625 0.4603687953125 0.759399990625 0.5048294671875 0.7422964359375 0.54362964375 0.7204650390625 0.5794966687499999 0.6894039375000001 0.6009771671874999 0.684100059375 0.6421592406250001 0.6080823468750001 0.645908425 0.591842846875 0.6585232671875 0.5810711578125 0.65831745 0.5673395859375 0.668954790625 0.5578218625 0.677820446875 0.5632896749999999 0.7018224656250001 0.539752359375 0.704615996875 0.5130291890625001 0.6891341921875 0.4923498640625 0.693971415625 0.44215141874999997 0.6872818374999999 0.3687657203125 0.6447179953125 0.24604563124999998 0.6147762328125 0.192949346875 0.5985445921875 0.17551792187499998 0.5759026234375 0.15660655625 0.5453506484374999 0.1427110515625 0.49086284999999996 0.1301315515625 0.4407416859375 0.1425072640625 0.4197390140625 0.1530529765625 0.41032933906249996 0.16456463593749998 0.401331296875 0.2035394390625 0.4163425125 0.2993724203125 0.4530400453125 0.40363309843749995 0.461155865625 0.41234880937499996 0.46934511875 0.479238709375 0.49069323125000003 0.5183774453125001 0.509519825 0.5757496203125 0.4957435109375 0.562306065625 0.48251122031250004 0.531883040625 0.4723517046875 0.5466426015625 0.4205250515625 0.5517825421875 0.367536925 0.53270724375 0.3613986046875 0.522737565625 0.3666474625 0.5000022640624999 0.375307303125 0.4917385046875 0.3923477328125 0.40330522812499997 0.4217382359375 0.3929854921875 0.4068004515625 0.3553266953125 0.39145103125 0.29020475625 0.38571710625 0.2273027296875 0.38032862343749996 0.21408515156250002 0.37194079375 0.21385917499999998 0.36260455 0.283545021875 0.357421884375 0.284059015625 0.3520334015625 0.27084143906249997 0.3536654609375 0.21990302343749998 0.362663503125 0.180928221875 0.3589805109375 0.174946415625 0.3293179984375 0.1937558875 0.2845191265625 0.2415704859375 0.24729205312500002 0.31508026718750004 0.2352946640625 0.3670466703125 0.23216293124999998 0.42448088593750005 0.24076381875 0.5188339265625 0.2587743828125 0.6016753078125 0.29158310625 0.68622260625
9 0.53841078125 0.3190015671875 0.4826291234375 0.3266494390625 0.47199178281250004 0.3361671640625 0.47615260312499996 0.34739080625 0.52675159375 0.34025692812499997 0.6111077218750001 0.3477585265625 0.5872380875000001 0.32685322656250004 0.53841078125 0.3190015671875
9 0.3952736484375 0.3321394421875 0.356128028125 0.30428638750000003 0.3176660515625 0.295406740625 0.2744330453125 0.31450423125000004 0.322782525 0.3171140546875 0.3846363078125 0.3416571671875 0.393773975 0.33863524218749996 0.3952736484375 0.3321394421875
9 0.54476215625 0.423098309375 0.5825404875 0.41300454999999997 0.49300169531250004 0.40601694374999997 0.4986621875 0.410744784375 0.54476215625 0.423098309375
9 0.3763219109375 0.39960537500000004 0.3462477640625 0.3909517046875 0.29469311875000004 0.3876019125 0.312424434375 0.398537534375 0.3457037453125 0.40793117656250005 0.3763219109375 0.39960537500000004
9 0.37177117656249997 0.6021050703124999 0.34606366718750003 0.6184066140625 0.3610676421875 0.6338441031250001 0.3935971171875 0.64648564375 0.4076454390625 0.6514394609374999 0.44835692656250004 0.65057540625 0.479724928125 0.63900170625 0.4679261171875 0.6243041875 0.42284799375000004 0.600213028125 0.4117328265625 0.6044889171875 0.393251675 0.5968011921875 0.37177117656249997 0.6021050703124999
9 0.5564430640625 0.6430294296875 0.552760071875 0.6370476234375 0.5443722421875 0.6368216453125 0.550032734375 0.6415494875000001 0.5564430640625 0.6430294296875
4 0.4826291234375 0.3266494390625 0.47199178281250004 0.3361671640625 0.477380265625 0.349384740625 0.52675159375 0.34025692812499997 0.6111077218750001 0.3477585265625 0.5872380875000001 0.32685322656250004 0.53841078125 0.3190015671875 0.4826291234375 0.3266494390625
3 0.528530515625 0.4056668859375 0.49300169531250004 0.40601694374999997 0.4998898515625 0.41273872031250003 0.54476215625 0.423098309375 0.575380321875 0.4147725078125 0.528530515625 0.4056668859375
5 0.34606366718750003 0.6184066140625 0.3610676421875 0.6338441031250001 0.39482478125 0.648479578125 0.44835692656250004 0.65057540625 0.479724928125 0.63900170625 0.424009465625 0.6244282703125 0.34606366718750003 0.6184066140625
10 0.393251675 0.5968011921875 0.37177117656249997 0.6021050703124999 0.3552013328125 0.6153846890625 0.424759303125 0.6211803703125 0.4772696015625 0.6350138359375 0.4679261171875 0.6243041875 0.42284799375000004 0.600213028125 0.4117328265625 0.6044889171875 0.393251675 0.5968011921875
6 0.3613986046875 0.522737565625 0.367536925 0.53270724375 0.4205250515625 0.5517825421875 0.4723517046875 0.5466426015625 0.47828420781250003 0.54288070625 0.4812835546875 0.5298891046875001 0.4665515875 0.5059618796875001 0.4241935625 0.3969733625 0.4133504046875 0.392759515625 0.3923477328125 0.40330522812499997 0.375307303125 0.4917385046875 0.3666474625 0.5000022640624999 0.3613986046875 0.522737565625
6 0.4625893453125 0.428074315625 0.4568626625 0.44556778281250004 0.46395663593750003 0.46602113125000005 0.4674338109375 0.45827136562500004 0.4625893453125 0.428074315625
8 0.3176660515625 0.295406740625 0.28827555 0.30572647656249996 0.275660709375 0.3164981671875 0.3131670296875 0.3148941421875 0.3846363078125 0.3416571671875 0.393773975 0.33863524218749996 0.3952736484375 0.3321394421875 0.356128028125 0.30428638750000003 0.3176660515625 0.295406740625
7 0.3462477640625 0.3909517046875 0.29469311875000004 0.3876019125 0.313652096875 0.4005314703125 0.3457037453125 0.40793117656250005 0.3763219109375 0.39960537500000004 0.3462477640625 0.3909517046875