0 0.55255211875 1 0.710994909375 0.9663219453125 0.7016544203125 0.938816734375 0.7159920265624999 0.899725121875 0.711993725 0.880914590625 0.703373896875 0.886023525 0.6889180328125 0.9169484406249999 0.6839417359375 0.9163678187500001 0.6806098171875 0.9006923765625 0.686327596875 0.8667096984375 0.6827591640625 0.8347008656250001 0.6928619546875 0.7604653328125 0.6821998171875 0.7103039171875001 0.627073834375 0.762980465625 0.549688740625 0.779429175 0.5198309546875 0.77594544375 0.4773550390625 0.7587601171875 0.42347550468749995 0.725976675 0.4045483109375 0.7054242796875 0.38585763125 0.701205275 0.373787628125 0.68247206875 0.3735942734375 0.7120037625 0.349927296875 0.7072041359375 0.3417373375 0.69911476875 0.31035343125 0.718892553125 0.2911146234375 0.7197051562500001 0.26466385468750003 0.6941984796875 0.25247559375 0.6672985812500001 0.22539038125 0.5550933437500001 0.2188335796875 0.40248059999999997 0.22470155468750003 0.2931011453125 0.24318765937500003 0.1974232859375 0.305632640625 0.049804156249999995 0.3053961265625 0.033470765624999996 0.30349158125 0.03059885625 0 0.095107984375 0 0.552552115625 0.095107984375 1 0.55255211875 1
0 0.5531954921875 0 0.558907625 0.0008839953124999999 0.574621159375 0.0139276453125 0.60824073125 0.0198885140625 0.673405628125 0.0601033765625 0.69730911875 0.08123639375 0.761732534375 0.15601455625 0.774587178125 0.1860495453125 0.81843901875 0.2553701328125 0.8306272796874999 0.28227003281249996 0.8543805765625001 0.378799825 0.8809927609375 0.45833828125 0.92497408125 0.66525411875 0.9420203812500001 0.6845679437500001 0.9511132375000001 0.7121257937500001 0.962248403125 0.7949539890625 0.9571970078125001 0.8320717562500001 0.966526378125 0.87596299375 0.98557183125 0.9046820859375 0.9862382140625 0.9078171749999999 1 0.9048920171875 1 0.447447884375 0.904892015625 0 0.5531954921875 0
0 0.3195101640625 0.5793234578125 0.3127712296875 0.5856709609374999 0.3147703796875 0.5950762265625 0.33103204062499997 0.60308826875 0.3326764203125 0.5879934484375 0.3195101640625 0.5793234578125
0 0.3072148671875 0.67368541875 0.306666740625 0.678717025 0.3116430375 0.679297646875 0.3072148671875 0.67368541875
0 0.31485669843749997 0.68680639375 0.3229284 0.6867290671874999 0.32347652656250003 0.681697459375 0.3147384421875 0.6786396984375 0.31485669843749997 0.68680639375
0 0.33476188906250004 0.6891288796875 0.3266901875 0.68920620625 0.3311183578125 0.694818434375 0.33476188906250004 0.6891288796875
1 0.4474478796875 0 0.30349158125 0.03059885625 0.3053961265625 0.033470765624999996 0.305632640625 0.049804156249999995 0.24318765937500003 0.1974232859375 0.2268940609375 0.2729747171875 0.21969331875 0.37608399375 0.22539038125 0.5550933437500001 0.24471550625 0.6460109093749999 0.26466385468750003 0.6941984796875 0.2911146234375 0.7197051562500001 0.31035343125 0.718892553125 0.3417373375 0.69911476875 0.349927296875 0.7072041359375 0.37049886875000004 0.7126617109375 0.3765714203125 0.7031791187499999 0.3743357546875 0.6774404625 0.3475302140625 0.6274337 0.34419829687500003 0.6117582578125 0.3372228484375 0.601772371875 0.3279366375 0.6037462171875 0.3147703796875 0.5950762265625 0.3121048453125 0.5825358734375 0.2912967578125 0.56074490625 0.28729845625 0.5419343765625 0.30430159687499997 0.51538311875 0.30092651875 0.45384259218749995 0.31522096718750003 0.368885896875 0.3602329375 0.26101632656249996 0.39678649843749997 0.21228746874999999 0.43059942656250005 0.188716646875 0.5011273296875001 0.1704487453125 0.5316514984375 0.1770675625 0.567270221875 0.1924336984375 0.5780074578125001 0.2048967265625 0.5860040609375 0.24251778750000003 0.583381684375 0.27584251718749997 0.5639926828124999 0.3520518953125 0.523838753125 0.45233539062499994 0.5267408015624999 0.48120913749999994 0.4737753859375 0.597322728125 0.478751684375 0.59790335 0.4891341484375 0.5858662906250001 0.518164134375 0.5321831546875 0.57818009375 0.3883570609375 0.6060275078124999 0.25300696875 0.6140992093750001 0.25292964375000004 0.6219024578125001 0.320082396875 0.6280932640625 0.31876650156249997 0.633381175 0.2979821234375 0.6315753796875 0.259045165625 0.6235787765625 0.22142410468749998 0.630317709375 0.2150766 0.6800055875 0.25858120625000003 0.7123355515625 0.3041369828125 0.7322839 0.35232455156250003 0.7451817046875 0.428224625 0.7423659734375 0.49108104687500004 0.7252126375 0.59302908125 0.7086825250000001 0.6522471203125 0.6821998171875 0.7103039171875001 0.6928619546875 0.7604653328125 0.6827591640625 0.8347008656250001 0.6839417359375 0.9163678187500001 0.6889180328125 0.9169484406249999 0.6998486234375 0.8998797749999999 0.707017428125 0.8803339687499999 0.711993725 0.880914590625 0.7159920265624999 0.899725121875 0.7016544203125 0.938816734375 0.7132236 0.9658482218750001 0.98589428125 0.9078902796874999 0.98557183125 0.9046820859375 0.966526378125 0.87596299375 0.9571970078125001 0.8320717562500001 0.962248403125 0.7949539890625 0.9511132375000001 0.7121257937500001 0.9420203812500001 0.6845679437500001 0.92497408125 0.66525411875 0.8809927609375 0.45833828125 0.8543805765625001 0.378799825 0.8417192874999999 0.31923314375 0.81843901875 0.2553701328125 0.774587178125 0.1860495453125 0.761732534375 0.15601455625 0.705499078125 0.0893257625 0.673405628125 0.0601033765625 0.60824073125 0.0198885140625 0.574621159375 0.0139276453125 0.558907625 0.0008839953124999999 0.5531954921875 0 0.4474478796875 0
1 0.31673759375 0.6880449625 0.3241429109375 0.6848325484375 0.30600035625 0.6755819375 0.31673759375 0.6880449625
1 0.4293866390625 0.662462303125 0.4343629375 0.663042925 0.44110187031250003 0.6566954218750001 0.4330301703125 0.6567727484375 0.4293866390625 0.662462303125
1 0.325475678125 0.691102725 0.33233286875 0.6929219171875001 0.3328809953125 0.687890309375 0.325475678125 0.691102725
9 0.7322839 0.35232455156250003 0.6977182703125 0.28103011875 0.6554357109375 0.2343130984375 0.6272223046875001 0.21573455 0.6235787765625 0.22142410468749998 0.6315753796875 0.259045165625 0.632284921875 0.30804533749999996 0.6268787546875 0.32066301875000003 0.6219024578125001 0.320082396875 0.6140992093750001 0.25292964375000004 0.6060275078124999 0.25300696875 0.6006213406249999 0.26562465 0.5940438234375 0.3260039328125 0.57818009375 0.3883570609375 0.5631761046875 0.424313584375 0.5912712531250001 0.43472543906250005 0.60616820625 0.5200307765625001 0.614358165625 0.5281201453125 0.61902285 0.5500657640625 0.6129503 0.5595483546875 0.5616612015625 0.5770036546874999 0.511898228125 0.5711974390625 0.502375503125 0.55683789375 0.4891341484375 0.5858662906250001 0.47565628125000003 0.5985612984375 0.4947336703125 0.5437169187500001 0.5159284671875 0.506444496875 0.5249350046875 0.44227217812499997 0.53288845 0.43402815625 0.5699469765625 0.33440260781250003 0.5860040609375 0.24251778750000003 0.5780074578125001 0.2048967265625 0.569151115625 0.1936722671875 0.5491276671875001 0.1831830859375 0.5011273296875001 0.1704487453125 0.4485054640625 0.18163386718750002 0.41888419375 0.194483528125 0.39678649843749997 0.21228746874999999 0.380879609375 0.2287755125 0.35118324218749997 0.2793235625 0.3081704203125 0.3965983984375 0.3004966515625 0.46704089531250004 0.30430159687499997 0.51538311875 0.2890610921875 0.5350062515625 0.2912967578125 0.56074490625 0.3139857390625 0.58377444375 0.3226055671875 0.578665509375 0.3326764203125 0.5879934484375 0.33224655 0.60119175 0.34419829687500003 0.6117582578125 0.3475302140625 0.6274337 0.38585763125 0.701205275 0.40642920625 0.7066628484375 0.44040355 0.73712380625 0.4773550390625 0.7587601171875 0.5198309546875 0.77594544375 0.549688740625 0.779429175 0.6122632 0.7694052953125 0.6412180859375 0.7534205453125 0.683414328125 0.7084073984375 0.7163994546875 0.6276697078125 0.7351220734374999 0.5483252421875 0.7449883500000001 0.4577563171875 0.7429460390625 0.4024859671875 0.7322839 0.35232455156250003
9 0.5157989890625 0.368849246875 0.5057281375 0.3595213078125 0.45220337656250004 0.35123795156250004 0.40510593437500003 0.3579720875 0.381793728125 0.3776725484375 0.46305886875 0.3718676734375 0.5116073328125 0.379570409375 0.5157989890625 0.368849246875
9 0.6649264984375 0.3322361171875 0.627781653125 0.3401314984375 0.5896588125 0.3662567875 0.5909915796874999 0.3725269640625 0.5997296640625 0.375584725 0.6596385890625001 0.3530204921875 0.706187903125 0.35131796249999997 0.6649264984375 0.3322361171875
9 0.4888864125 0.44010434531250003 0.4944108375 0.435653359375 0.40816939999999996 0.4408776125 0.44433625 0.45121214062500004 0.4888864125 0.44010434531250003
9 0.606748271875 0.43143569687500005 0.63605793125 0.43995103437500005 0.668226478125 0.43147503125000003 0.6854661328125 0.42125716406249997 0.6358214156249999 0.42361764218750003 0.606748271875 0.43143569687500005
9 0.5032464625 0.6598698453125 0.5332225046875 0.6715202703125 0.5723665 0.6730301546875 0.585962625 0.6685018421875 0.6174647906249999 0.6568907515625 0.6321571671874999 0.6422992265625 0.6077055484375 0.626197815625 0.5871339765625 0.620740240625 0.5692279375 0.62782301875 0.558608959375 0.6235266875 0.5148434359375 0.6459362671875 0.5032464625 0.6598698453125
9 0.435577446875 0.66114640625 0.44110187031250003 0.6566954218750001 0.4330301703125 0.6567727484375 0.4293866390625 0.662462303125 0.435577446875 0.66114640625
4 0.5103928234375 0.38146692656250003 0.5157989890625 0.368849246875 0.5057281375 0.3595213078125 0.45220337656250004 0.35123795156250004 0.40510593437500003 0.3579720875 0.381793728125 0.3776725484375 0.46305886875 0.3718676734375 0.5103928234375 0.38146692656250003
3 0.4602431375 0.434724096875 0.41502659218750004 0.44269680468750006 0.44433625 0.45121214062500004 0.48767190312500003 0.44200086406250005 0.4944108375 0.435653359375 0.4602431375 0.434724096875
5 0.6174647906249999 0.6568907515625 0.6321571671874999 0.6422992265625 0.5570828359375 0.6467882031250001 0.5032464625 0.6598698453125 0.5332225046875 0.6715202703125 0.584748115625 0.6703983609375 0.6174647906249999 0.6568907515625
10 0.556416453125 0.6436531140625 0.6234190828124999 0.639241465625 0.6077055484375 0.626197815625 0.5871339765625 0.620740240625 0.5692279375 0.62782301875 0.558608959375 0.6235266875 0.5148434359375 0.6459362671875 0.5056754812500001 0.65607680625 0.556416453125 0.6436531140625
6 0.560747084375 0.4281066203125 0.518164134375 0.5321831546875 0.5035900125 0.5549413750000001 0.5062555468750001 0.567481728125 0.511898228125 0.5711974390625 0.5616612015625 0.5770036546874999 0.6129503 0.5595483546875 0.61902285 0.5500657640625 0.614358165625 0.5281201453125 0.60616820625 0.5200307765625001 0.5912712531250001 0.43472543906250005 0.5712478046875 0.42423625625000005 0.560747084375 0.4281066203125
6 0.5181209734375 0.48631807031249996 0.5213346343749999 0.49382681718750004 0.5285034390625001 0.4742810109375 0.5232906265625 0.4573669984375 0.5181209734375 0.48631807031249996
8 0.6689248 0.351046646875 0.7049733921875 0.35321448125 0.693021646875 0.342647971875 0.6649264984375 0.3322361171875 0.627781653125 0.3401314984375 0.5896588125 0.3662567875 0.5909915796874999 0.3725269640625 0.5997296640625 0.375584725 0.6689248 0.351046646875
7 0.6358214156249999 0.42361764218750003 0.606748271875 0.43143569687500005 0.63605793125 0.43995103437500005 0.66701196875 0.43337155000000005 0.6854661328125 0.42125716406249997 0.6358214156249999 0.42361764218750003