0 0.0878318078125 0 0 0.451855478125 0 0.9121681921875 0.451855478125 1 0.9121681921875 1 1 0.5481445218750001 1 0.0878318078125 0.5481445218750001 0 0.0878318078125 0
0 0.2860512625 0.762995103125 0.2924834859375 0.7814534531249999 0.3056760921875 0.7952030703124999 0.33882402031250003 0.8093899984374999 0.358778175 0.8141290968750001 0.41510338437499994 0.81647358125 0.5135954265625 0.8080856109375001 0.5927767734375 0.7959440234375 0.6281820578125 0.7942220859375 0.6761435046875001 0.7794535734375 0.715095396875 0.7551901578125 0.7254000453125 0.736543515625 0.7289478203125 0.70970025 0.7276655828124999 0.6905221515625 0.7318743453125001 0.600137575 0.740901434375 0.545105690625 0.7473593703125 0.46892474999999995 0.746074796875 0.4583502234375 0.740283690625 0.4494809234375 0.7216199546875 0.4338074234375 0.69780623125 0.4188536734375 0.555883815625 0.349967425 0.47059957187499996 0.31618179375 0.4187844 0.29922672499999997 0.381772228125 0.2920322875 0.368252634375 0.29714796875 0.3637449359375 0.30315498125 0.3572963484375 0.3449216328125 0.3617900234375 0.3905360515625 0.358886871875 0.41406300781249994 0.3260437234375 0.46274471562499997 0.313160575 0.4946565875 0.29704027499999996 0.5947714328125 0.29445476249999997 0.6338473812500001 0.28252920000000004 0.6951990796875 0.286382925 0.7269226625 0.2860512625 0.762995103125
0 0.050900164062499996 0.2845038453125 0.05733823125 0.28145326718749997 0.05894979375 0.2731624953125 0.054445600000000004 0.2662641515625 0.0412494890625 0.2654198921875 0.0358846265625 0.267245078125 0.0349714078125 0.27194318125 0.04027904375 0.2832997109375 0.050900164062499996 0.2845038453125
0 0.0380193515625 0.3078121484375 0.0418812578125 0.309423228125 0.0405920078125 0.31605584531250003 0.043165831249999995 0.31999775625 0.046386618750000004 0.31201978750000003 0.0373770640625 0.3025248828125 0.0380193515625 0.3078121484375
0 0.0700554125 0.8603949875 0.0681250453125 0.857438553125 0.06555005 0.857798428125 0.06297155 0.871063659375 0.0681215375 0.8703439109375 0.0700554125 0.8603949875
0 0.072622225 0.8901476125000001 0.06875915 0.8928383171875 0.0674699 0.8994709343749999 0.0748690625 0.9129548218749999 0.08227290000000001 0.9092315671875 0.0874275625 0.8913046734375 0.086145325 0.872126575 0.08099650625 0.8685445390625001 0.075200725 0.8768823812500001 0.072622225 0.8901476125000001
9 0.2998838171875 0.79063555625 0.310181453125 0.797799628125 0.3394674765625 0.8103754765625 0.358778175 0.8141290968750001 0.41510338437499994 0.81647358125 0.5135954265625 0.8080856109375001 0.5927767734375 0.7959440234375 0.6281820578125 0.7942220859375 0.6761435046875001 0.7794535734375 0.715095396875 0.7551901578125 0.7254000453125 0.736543515625 0.7289478203125 0.70970025 0.7276655828124999 0.6905221515625 0.7318743453125001 0.600137575 0.740901434375 0.545105690625 0.7473593703125 0.46892474999999995 0.746074796875 0.4583502234375 0.740283690625 0.4494809234375 0.71132231875 0.42664335 0.6202481359375 0.379686634375 0.61606391875 0.37973370625 0.638911871875 0.3953601328125 0.645989890625 0.4062003890625 0.6488836906250001 0.41708771875000006 0.550726815625 0.37649788906250004 0.4960131703125 0.3658626328125 0.49054437812499996 0.355335178125 0.49118900312499997 0.3520188703125 0.5050309078125 0.3452450359375 0.564251084375 0.354175065625 0.555883815625 0.349967425 0.47059957187499996 0.31618179375 0.4187844 0.29922672499999997 0.381772228125 0.2920322875 0.368252634375 0.29714796875 0.3637449359375 0.30315498125 0.36277682968749997 0.3124312296875 0.379193728125 0.30529751875 0.3968952015625 0.3087383359375 0.42521428749999995 0.32628864687500003 0.43518844218749997 0.339412659375 0.4345438171875 0.3427289671875 0.4245649875 0.3468120984375 0.40429202656249996 0.330825796875 0.36406374218750004 0.314402184375 0.3572963484375 0.3449216328125 0.36050427812499997 0.384263309375 0.37016196562500003 0.377536546875 0.38432501406249997 0.3734063453125 0.3891526890625 0.37434475 0.402668775 0.3821344265625 0.4155379 0.40184398281249994 0.43195713593749996 0.38610670156250004 0.4483716984375 0.3875765640625 0.464461609375 0.3993081515625 0.4811926390625 0.4206287890625 0.454137090625 0.49108515312499995 0.459924690625 0.5128598125 0.45766616562499995 0.5330704609375 0.45476769062500005 0.5393902749999999 0.446075771875 0.5454443609374999 0.4338442609375 0.5482292125 0.3630383640625 0.534465940625 0.34083386718750003 0.5198249921875 0.3282858859375 0.5027590671875 0.3263566875 0.495500846875 0.3289351875 0.48223561562499995 0.33666367343750003 0.46825063437500003 0.41038674531249997 0.4068655171875 0.4100656015625 0.40422188593749997 0.3962248640625 0.40669393437499995 0.3785233890625 0.4032531171875 0.361147734375 0.3852487875 0.361787684375 0.3991396234375 0.358886871875 0.41406300781249994 0.3382799109375 0.4427527203125 0.3173482984375 0.4817041578125 0.305425075 0.534452284375 0.303486525 0.561608353125 0.294137125 0.6182983906249999 0.29445476249999997 0.6338473812500001 0.28252920000000004 0.6951990796875 0.286382925 0.7269226625 0.2860512625 0.762995103125 0.2924834859375 0.7814534531249999 0.2998838171875 0.79063555625
9 0.050900164062499996 0.2845038453125 0.05733823125 0.28145326718749997 0.05894979375 0.2731624953125 0.054445600000000004 0.2662641515625 0.0412494890625 0.2654198921875 0.0358846265625 0.267245078125 0.034983804687499995 0.2718794046875 0.040922501562500005 0.284285190625 0.050900164062499996 0.2845038453125
9 0.0422035703125 0.307765075 0.0373770640625 0.3025248828125 0.0380193515625 0.3078121484375 0.0422035703125 0.307765075
9 0.042847025 0.308750553125 0.0405920078125 0.31605584531250003 0.0438092890625 0.320983234375 0.046386618750000004 0.31201978750000003 0.042847025 0.308750553125
9 0.5281859796874999 0.415136525 0.5069402390625 0.42563361562499996 0.52174206875 0.4396960328125 0.5349370109375 0.44484207812500004 0.564546515625 0.4514579859375 0.5896529953125 0.4468737625 0.5780696140625 0.4334369484375 0.556187428125 0.41713784531250003 0.5384859546875 0.4136970265625 0.5281859796874999 0.415136525
9 0.31312785 0.61510659375 0.3005670109375 0.6453603140624999 0.3018492484375 0.6645384125 0.31890375937500004 0.6798991109375 0.3581686140625 0.688391828125 0.383273925 0.6881093890625001 0.42737229687499995 0.67603158125 0.4499061203125 0.6632036625 0.45730878906249994 0.6637821921875 0.436074734375 0.6312614234375 0.3993918875 0.5965981171875 0.3710728015625 0.5790478078125 0.346612115625 0.5760139359374999 0.33309602968749996 0.568224259375 0.3105610359375 0.5853539671875 0.31312785 0.61510659375
9 0.0681250453125 0.857438553125 0.06555005 0.857798428125 0.0636150078125 0.8720491390625 0.0681215375 0.8703439109375 0.0700554125 0.8603949875 0.0681250453125 0.857438553125
9 0.06875915 0.8928383171875 0.0674699 0.8994709343749999 0.07551251718749999 0.9139402999999999 0.08227290000000001 0.9092315671875 0.0874275625 0.8913046734375 0.086145325 0.872126575 0.08099650625 0.8685445390625001 0.075200725 0.8768823812500001 0.072622225 0.8901476125000001 0.06875915 0.8928383171875
4 0.6060804125 0.40102397968750003 0.6344018359375 0.4099707171875 0.6463086984374999 0.41744759218749994 0.6488836906250001 0.41708771875000006 0.6482414046875 0.411800453125 0.638911871875 0.3953601328125 0.6154204625 0.3787482296875 0.5790552515625 0.3596339109375 0.5166177937499999 0.34577649374999997 0.4998809203125 0.345964784375 0.49118900312499997 0.3520188703125 0.49054437812499996 0.355335178125 0.4960131703125 0.3658626328125 0.550726815625 0.37649788906250004 0.571002115625 0.3838806171875 0.5767943890625 0.38844813437500003 0.5880589640625 0.3906377453125 0.6060804125 0.40102397968750003
3 0.5069402390625 0.42563361562499996 0.52174206875 0.4396960328125 0.5355804671875 0.4458275578125 0.564546515625 0.4514579859375 0.5896529953125 0.4468737625 0.5780696140625 0.4334369484375 0.556187428125 0.41713784531250003 0.5384859546875 0.4136970265625 0.5281859796874999 0.415136525 0.5069402390625 0.42563361562499996
2 0.309904725 0.631688134375 0.3182696546875 0.6444993453125 0.34015417812500004 0.6521948765625 0.36107410156249997 0.656261296875 0.3939032234375 0.659201021875 0.40420319843749997 0.657761525 0.420295446875 0.660889540625 0.444113846875 0.6586361468749999 0.44894152031249995 0.6595745515625 0.4499061203125 0.6632036625 0.45730878906249994 0.6637821921875 0.43478314687499997 0.6464976109375 0.4254501109375 0.6429626484375001 0.4154747859375 0.6341404203125001 0.3810411125 0.61368075 0.35014586406250003 0.6007921015625 0.3256851796875 0.59775823125 0.3147394125 0.6068158234375 0.309904725 0.631688134375
10 0.35014586406250003 0.6007921015625 0.396166425 0.621783228125 0.452159971875 0.6602001546875 0.45473496406249997 0.6598402812499999 0.4537703640625 0.656211171875 0.430604771875 0.6250357546875 0.4109764375 0.6057331453125 0.3771873890625 0.5819571671875 0.346612115625 0.5760139359374999 0.33309602968749996 0.568224259375 0.3105610359375 0.5853539671875 0.31248439375000003 0.6141211171875 0.3169932609375 0.6038123171875001 0.3256851796875 0.59775823125 0.35014586406250003 0.6007921015625
5 0.3018562609375 0.638727696875 0.3018492484375 0.6645384125 0.319547215625 0.6808845890625 0.3581686140625 0.688391828125 0.3884239125 0.687389640625 0.432844596875 0.673653678125 0.4489403515625 0.6638763375 0.44958497656249996 0.6605600296875 0.444113846875 0.6586361468749999 0.42866388437499997 0.6607953953125 0.40420319843749997 0.657761525 0.3939032234375 0.659201021875 0.34015417812500004 0.6521948765625 0.3182696546875 0.6444993453125 0.3140866046875 0.6402446328125 0.309904725 0.631688134375 0.3131255109375 0.623710165625 0.31119514375 0.6207537328125 0.3018562609375 0.638727696875
6 0.3282858859375 0.5027590671875 0.34083386718750003 0.5198249921875 0.3630383640625 0.534465940625 0.4338442609375 0.5482292125 0.446075771875 0.5454443609374999 0.45476769062500005 0.5393902749999999 0.459924690625 0.5128598125 0.454137090625 0.49108515312499995 0.4811926390625 0.4206287890625 0.464461609375 0.3993081515625 0.4483716984375 0.3875765640625 0.43195713593749996 0.38610670156250004 0.42326521875 0.3921607875 0.41038674531249997 0.4068655171875 0.3450344484375 0.4595529171875 0.3318336609375 0.4759158 0.3263566875 0.495500846875 0.3282858859375 0.5027590671875
8 0.36342028593750003 0.31341670625 0.40429202656249996 0.330825796875 0.4245649875 0.3468120984375 0.4297149734375 0.3460923484375 0.43518844218749997 0.339412659375 0.42521428749999995 0.32628864687500003 0.4091243765625 0.314557059375 0.3968952015625 0.3087383359375 0.379193728125 0.30529751875 0.36342028593750003 0.31341670625
7 0.361470046875 0.3835906328125 0.369834978125 0.3964018453125 0.3785233890625 0.4032531171875 0.3962248640625 0.40669393437499995 0.4145721328125 0.402516659375 0.402668775 0.3821344265625 0.38432501406249997 0.3734063453125 0.37016196562500003 0.377536546875 0.361470046875 0.3835906328125