0 0.4869070390625 0 0 0.0255177171875 0 0.48378725312500004 0.0270535625 1 0.49797640625 1 1 0.9736900578125001 1 0.4869070390625 0.9744822828125 0 0.4869070390625 0
0 0 0.2050658421875 0.0056695265625 0.19634118125 0.0052554765625 0.1884406296875 0 0.1853714265625 0 0.2050658421875
0 0.363956421875 0.7907462765625 0.3739743640625 0.8060657578124999 0.38906321250000003 0.8155739093750001 0.422366128125 0.820958603125 0.44155303593750006 0.8207452843749999 0.4932147609375 0.8101155578125001 0.5807249421875 0.7801781453125 0.6498554390625 0.7512039703125 0.6816058375 0.741617753125 0.7218007875 0.7173289265625 0.751667428125 0.686451359375 0.75680026875 0.6671689578125 0.7539436671875 0.6419674671875 0.7484378359375 0.6248270671875 0.7317957796875 0.5417233953125 0.7275314078124999 0.48966003437500005 0.7161467546875 0.4189564328125 0.7125866125 0.4096363125 0.7053215859375 0.40288703124999997 0.6848305890625 0.39286977031250003 0.6598274828124999 0.384673428125 0.515397484375 0.35421588437499996 0.4303291625 0.342829628125 0.379453790625 0.33915809375 0.34422606093749997 0.3410043 0.333111403125 0.34871681875 0.3303793640625 0.3551978 0.3339812546875 0.39462028125000004 0.348387440625 0.4350609828125 0.351078421875 0.45710225312499997 0.3322853765625 0.5087895515625 0.3278150171875 0.54071283125 0.3358469 0.6353588921875 0.3423464546875 0.6714606125 0.3454104265625 0.729924684375 0.3560908484375 0.7578850453125 0.363956421875 0.7907462765625
0 0.0412514453125 0.391740425 0.029081131249999996 0.39396269375 0.022395775 0.398274184375 0.0322480984375 0.41043344531250003 0.04216235625 0.40912163437500004 0.047316071875 0.404890415625 0.046902021875 0.396989865625 0.0412514453125 0.391740425
0 0.035746303125000004 0.43322463593749994 0.039616810937500004 0.433814015625 0.03994805 0.44013445625000003 0.043176951562499996 0.44313413593749995 0.044294540625 0.43515331562500004 0.033966232812500004 0.42856457499999995 0.035746303125000004 0.43322463593749994
0 0.18993047031250002 0.9282070328125 0.1875087953125 0.9259572734375 0.1852527390625 0.9268677328124999 0.18591521875 0.9395086140625001 0.19042733125 0.93768769375 0.18993047031250002 0.9282070328125
0 0.19899644375 0.9546675546875001 0.19609878281249998 0.9579883140625001 0.1964300234375 0.964308753125 0.206199534375 0.9748879046875001 0.21207766718749999 0.9698264953125 0.21269839687499997 0.952365015625 0.207192565625 0.9352246140625 0.201707609375 0.93313539375 0.1983339625 0.9420266734375 0.19899644375 0.9546675546875001
9 0.38277103281249997 0.8127347687500001 0.3937409453125 0.8169132093749999 0.42317335156249997 0.821708521875 0.44155303593750006 0.8207452843749999 0.4932147609375 0.8101155578125001 0.5807249421875 0.7801781453125 0.6498554390625 0.7512039703125 0.6816058375 0.741617753125 0.7218007875 0.7173289265625 0.751667428125 0.686451359375 0.75680026875 0.6671689578125 0.7539436671875 0.6419674671875 0.7484378359375 0.6248270671875 0.7317957796875 0.5417233953125 0.7275314078124999 0.48966003437500005 0.7161467546875 0.4189564328125 0.7125866125 0.4096363125 0.7053215859375 0.40288703124999997 0.673860678125 0.388691328125 0.5805544828125 0.36664565 0.5767667875 0.36763638125 0.601045478125 0.3766629125 0.6099249546875 0.3849120328125 0.6150167375 0.394151884375 0.5167224453125 0.37949764531249996 0.4646466734375 0.382226821875 0.4572988359375 0.37389743124999997 0.457133215625 0.370737209375 0.46816506406249997 0.36144458125 0.523945721875 0.3561445640625 0.515397484375 0.35421588437499996 0.4303291625 0.342829628125 0.379453790625 0.33915809375 0.34422606093749997 0.3410043 0.333111403125 0.34871681875 0.3303793640625 0.3551978 0.3316006375 0.36384826875 0.3448885421875 0.35364518125 0.3617365859375 0.3527622125 0.39141742343749997 0.36229785312499996 0.40344299218749996 0.3719665453125 0.40360861249999996 0.375126765625 0.395474425 0.38109863437499997 0.373451790625 0.37116164375 0.33321508906249997 0.365348109375 0.3339812546875 0.39462028125000004 0.34580014375 0.42965100156249997 0.35304429531250003 0.421349103125 0.364966178125 0.41438650312499997 0.3695610984375 0.41414569375 0.3835942921875 0.41816359375 0.399738796875 0.433161996875 0.41108101093749994 0.4151386265625 0.4263146046875 0.41275581875 0.4435766984375 0.41977339999999996 0.463591709375 0.43536118124999995 0.454982228125 0.50552818125 0.46516579062499996 0.5240078828125 0.4676911515625 0.5428889328125 0.4664907515625 0.5492896421875 0.459971015625 0.556761353125 0.4494979640625 0.562063571875 0.3821057875 0.565595446875 0.35863431874999996 0.5573188328125 0.3433798515625 0.5446504625 0.3399853296875 0.5384905609375 0.33932285 0.5258496828125 0.34317247968750003 0.51138788125 0.39619953125 0.43889305468749995 0.395309496875 0.436563025 0.38330480312500004 0.44194551562499995 0.366456759375 0.44282848281250003 0.3466073703125 0.430400921875 0.35033313125 0.4428812625 0.351078421875 0.45710225312499997 0.3388670484375 0.487846771875 0.32868417656250004 0.52799168125 0.3298024578125 0.578635471875 0.3341907 0.6037566921875 0.33853788125 0.6574001625 0.3423464546875 0.6714606125 0.3454104265625 0.729924684375 0.3560908484375 0.7578850453125 0.363956421875 0.7907462765625 0.3739743640625 0.8060657578124999 0.38277103281249997 0.8127347687500001
9 0.029081131249999996 0.39396269375 0.022395775 0.398274184375 0.0330553234375 0.411183365625 0.04216235625 0.40912163437500004 0.047316071875 0.404890415625 0.046902021875 0.396989865625 0.0412514453125 0.391740425 0.029081131249999996 0.39396269375
9 0.039534 0.43223390625 0.033966232812500004 0.42856457499999995 0.035746303125000004 0.43322463593749994 0.039534 0.43223390625
9 0.0403412265625 0.432983825 0.03994805 0.44013445625000003 0.0439841765625 0.44388405468750003 0.044294540625 0.43515331562500004 0.0403412265625 0.432983825
9 0.505007934375 0.4197228234375 0.48809795468750006 0.4340768625 0.5047184437500001 0.44350474531249995 0.517861603125 0.445192615625 0.5462383562500001 0.444497678125 0.5679916859375 0.43464315937500003 0.5544344765625 0.4250547390625 0.5308802015625 0.41519801718749993 0.51403215625 0.4160809859375 0.505007934375 0.4197228234375
9 0.3550546859375 0.6501967546875 0.350501515625 0.6805399249999999 0.356007346875 0.697680325 0.3749667015625 0.70777785625 0.41253329687500007 0.7066013 0.43525947187499997 0.7006569203125 0.4725567625 0.6796888546875001 0.49010834687499993 0.662924515625 0.4969593234375 0.6617732453125 0.47032089062500004 0.6370258828125 0.42917327812500006 0.613831140625 0.3994924421875 0.6042954968750001 0.37660064531250004 0.6070796546875 0.36256745156250003 0.6030617546875 0.3459887140625 0.623736234375 0.3550546859375 0.6501967546875
9 0.1875087953125 0.9259572734375 0.1852527390625 0.9268677328124999 0.18672244531249999 0.9402585328124999 0.19042733125 0.93768769375 0.18993047031250002 0.9282070328125 0.1875087953125 0.9259572734375
9 0.19609878281249998 0.9579883140625001 0.1964300234375 0.964308753125 0.2070067609375 0.975637825 0.21207766718749999 0.9698264953125 0.21269839687499997 0.952365015625 0.207192565625 0.9352246140625 0.201707609375 0.93313539375 0.1983339625 0.9420266734375 0.19899644375 0.9546675546875001 0.19609878281249998 0.9579883140625001
4 0.57252398125 0.38924881093749997 0.600259128125 0.390964171875 0.6127606812499999 0.39506234375 0.6150167375 0.394151884375 0.6132366671875 0.3894918234375 0.601045478125 0.3766629125 0.5759595609375 0.366886459375 0.538620521875 0.3577521671875 0.47880373593750003 0.3593025828125 0.46365295156249997 0.3632655 0.457133215625 0.370737209375 0.4572988359375 0.37389743124999997 0.4646466734375 0.382226821875 0.5167224453125 0.37949764531249996 0.5367993921875 0.38161435625 0.5430915734374999 0.3844534984375 0.55381305625 0.383891609375 0.57252398125 0.38924881093749997
3 0.48809795468750006 0.4340768625 0.5047184437500001 0.44350474531249995 0.518668828125 0.44594253593750005 0.5462383562500001 0.444497678125 0.5679916859375 0.43464315937500003 0.5544344765625 0.4250547390625 0.5308802015625 0.41519801718749993 0.51403215625 0.4160809859375 0.505007934375 0.4197228234375 0.48809795468750006 0.4340768625
2 0.3558827859375 0.6659978546875001 0.3663767140625 0.6757468156249999 0.3879853015625 0.6777832578125 0.40789662499999996 0.6767397500000001 0.4383638140625 0.67197413125 0.447388034375 0.6683322921875 0.4627044390625 0.66752959375 0.48381616562499996 0.660085375 0.48841108593750004 0.659844565625 0.49010834687499993 0.662924515625 0.4969593234375 0.6617732453125 0.472597821875 0.6511666046875 0.46332516874999996 0.6500681125 0.452272446875 0.6443095624999999 0.4163822375 0.633514890625 0.3854181890625 0.628799846875 0.3625263921875 0.6315840046875 0.3546406359375 0.642296203125 0.3558827859375 0.6659978546875001
10 0.3854181890625 0.628799846875 0.4319470703125 0.6374525203125 0.4914743671875 0.6596840265624999 0.49373042187499994 0.6587735671875 0.4920331625 0.655693615625 0.46394589843749995 0.632606634375 0.4417576421875 0.619509421875 0.4057018125 0.605554528125 0.37660064531250004 0.6070796546875 0.36256745156250003 0.6030617546875 0.3459887140625 0.623736234375 0.35424746093750004 0.6494468343750001 0.35600665625 0.6390557140625 0.3625263921875 0.6315840046875 0.3854181890625 0.628799846875
5 0.35017027500000003 0.674219484375 0.356007346875 0.697680325 0.375773928125 0.7085277765625 0.41253329687500007 0.7066013 0.439771584375 0.6988360015625 0.4769860625 0.676287825 0.4893839296875 0.6637547046875001 0.4892183109375 0.6605944859374999 0.48381616562499996 0.660085375 0.47027983124999995 0.665548134375 0.447388034375 0.6683322921875 0.4383638140625 0.67197413125 0.3879853015625 0.6777832578125 0.3663767140625 0.6757468156249999 0.36161617343749997 0.6728274046875 0.3558827859375 0.6659978546875001 0.3570003765625 0.658017034375 0.35457870156250004 0.6557672734375 0.35017027500000003 0.674219484375
6 0.3433798515625 0.5446504625 0.35863431874999996 0.5573188328125 0.3821057875 0.565595446875 0.4494979640625 0.562063571875 0.459971015625 0.556761353125 0.4664907515625 0.5492896421875 0.46516579062499996 0.5240078828125 0.454982228125 0.50552818125 0.463591709375 0.43536118124999995 0.4435766984375 0.41977339999999996 0.4263146046875 0.41275581875 0.41108101093749994 0.4151386265625 0.40456127343750004 0.4226103359375 0.39619953125 0.43889305468749995 0.34880218125 0.5015861421875 0.34052325 0.5194489718749999 0.3399853296875 0.5384905609375 0.3433798515625 0.5446504625
8 0.3324078640625 0.36459818906249997 0.373451790625 0.37116164375 0.395474425 0.38109863437499997 0.3999865359375 0.379277715625 0.40344299218749996 0.3719665453125 0.39141742343749997 0.36229785312499996 0.3741553296875 0.355280271875 0.3617365859375 0.3527622125 0.3448885421875 0.35364518125 0.3324078640625 0.36459818906249997
7 0.34652455937500004 0.4288208125 0.3570184875 0.438569771875 0.366456759375 0.44282848281250003 0.38330480312500004 0.44194551562499995 0.3990143828125 0.4339921859375 0.3835942921875 0.41816359375 0.364966178125 0.41438650312499997 0.35304429531250003 0.421349103125 0.34652455937500004 0.4288208125
1 0 0.20652883125 0.0056695265625 0.19634118125 0.0052554765625 0.1884406296875 0 0.1853714265625 0 0.20652883125