0 0.06535663124999999 0 0 0.4650365953125 0 0.93464336875 0.4650365953125 1 0.93464336875 1 1 0.5349634046875 1 0.06535663124999999 0.5349634046875 0 0.06535663124999999 0
0 0.7685700125 0.4976194546875 0.7669749343750001 0.48402008125 0.7531149296875 0.47036888593750004 0.723551565625 0.4561826265625 0.6797736421875 0.44334243906250004 0.5658445890625 0.4306745546875 0.4608483109375 0.429293490625 0.4303632734375 0.421665296875 0.3914062921875 0.39947125156249996 0.361063246875 0.3534093171875 0.3520241859375 0.330404259375 0.294705103125 0.3390675875 0.24610623281250002 0.3355812609375 0.22512109218749998 0.34767909218750004 0.211119096875 0.3724616390625 0.20395825156249997 0.4483626453125 0.21951961562500003 0.4873314515625 0.2467787890625 0.517912878125 0.238058575 0.53006253125 0.234832709375 0.553015765625 0.24869271406250001 0.5666669625 0.251564025 0.558710996875 0.2589017234375 0.55639844375 0.25865345 0.58311395 0.2712372234375 0.618320484375 0.2744273796875 0.64551923125 0.307854303125 0.7070616765625 0.34805180468749997 0.757852365625 0.405335178125 0.7993410171875001 0.435359378125 0.81024824375 0.46825489062500003 0.8131995062499999 0.498172809375 0.8123884953125 0.5685722125 0.7855006890625 0.6095145359374999 0.7561448562499999 0.652193928125 0.7019546562500001 0.6829272421875 0.68286734375 0.74765544375 0.5715875015625 0.7467694781249999 0.5279935874999999 0.7685700125 0.4976194546875
9 0.7467694781249999 0.5279935874999999 0.7589281234375 0.516327175 0.7690308515625001 0.49434042187499994 0.7334060203125 0.46091137812499994 0.6797736421875 0.44334243906250004 0.537876303125 0.43008767031249995 0.56410751875 0.455508925 0.5573369375 0.4662606828125 0.5080646671875 0.44261691562500005 0.4530497734375 0.43488507656250003 0.44021772812500004 0.42639405156250004 0.41958714218750004 0.4234946125 0.42050881718750005 0.41693654531249996 0.3884287 0.3957089796875 0.367798115625 0.392809540625 0.3473800953125 0.41334657343750003 0.333165534375 0.414692646875 0.318844690625 0.404320484375 0.31519369531249997 0.38040077031249997 0.291266671875 0.3385843484375 0.24610623281250002 0.3355812609375 0.22512109218749998 0.34767909218750004 0.211119096875 0.3724616390625 0.20395825156249997 0.4483626453125 0.21951961562500003 0.4873314515625 0.2467787890625 0.517912878125 0.254789890625 0.5357577640625 0.25865345 0.58311395 0.2712372234375 0.618320484375 0.2744273796875 0.64551923125 0.307854303125 0.7070616765625 0.34805180468749997 0.757852365625 0.405335178125 0.7993410171875001 0.46630525624999997 0.8145974046875001 0.498172809375 0.8123884953125 0.5685722125 0.7855006890625 0.6095145359374999 0.7561448562499999 0.652193928125 0.7019546562500001 0.6829272421875 0.68286734375 0.74765544375 0.5715875015625 0.7467694781249999 0.5279935874999999
9 0.5190533609375 0.4642240765625 0.49682769687499995 0.4477252640625 0.458544121875 0.4456886578125 0.4487959484375 0.45267814062499995 0.45280149999999997 0.461600584375 0.47846559375000003 0.4785826375 0.5349692828125 0.4881956140625 0.5190533609375 0.4642240765625
9 0.727733971875 0.5386935234375 0.71181805 0.5147219859375001 0.67927709375 0.496773453125 0.6375550875 0.49425360781250005 0.620930053125 0.5002766125 0.6200083765625 0.5068346781249999 0.627913196875 0.5129613281250001 0.6490046203125 0.512581734375 0.727733971875 0.5386935234375
9 0.48193888749999997 0.5910880734374999 0.47527458906250003 0.613558065625 0.5255748203125 0.6423620031249999 0.5653471921875 0.6462797453125 0.5800225921875 0.6416546390625 0.5839575703125 0.5887068656250001 0.59959035625 0.5273717109375 0.5832135953125 0.5066792078125 0.55914458125 0.503296528125 0.542519546875 0.5093195328125 0.5053345 0.5743133140625 0.48193888749999997 0.5910880734374999
9 0.666870175 0.5351553734375 0.6505996984375 0.5261811078124999 0.62653068125 0.522798428125 0.6099056484375 0.52882143125 0.64003613125 0.55144689375 0.67006033125 0.5623541203125 0.6960789828125 0.564338903125 0.666870175 0.5351553734375
9 0.4821863140625 0.72654674375 0.51805941875 0.7332602796875001 0.5625464546875001 0.716105925 0.5264607859375 0.6859559156249999 0.5092686328125 0.6835397171875 0.4870429703125 0.6670409046875 0.4285896453125 0.658825825 0.4193023109375 0.6625362734375 0.4594998125 0.7133269640625 0.4821863140625 0.72654674375
1 0.31519369531249997 0.38040077031249997 0.318844690625 0.404320484375 0.34004239531249997 0.4156591265625 0.36102753593750003 0.40356129531249996 0.367798115625 0.392809540625 0.3869399046875 0.3938278421875 0.3520241859375 0.330404259375 0.298604371875 0.33627179375 0.29229462968750003 0.3437445171875 0.31519369531249997 0.38040077031249997
1 0.7442884328125 0.47080030156249997 0.7645644625 0.48869701093750006 0.7669749343750001 0.48402008125 0.7595309515625 0.47461439843750003 0.7442884328125 0.47080030156249997
1 0.24780674687499998 0.5230730484375 0.238058575 0.53006253125 0.234832709375 0.553015765625 0.24869271406250001 0.5666669625 0.25592413125 0.5526361718749999 0.24780674687499998 0.5230730484375
4 0.4530497734375 0.43488507656250003 0.5080646671875 0.44261691562500005 0.5573369375 0.4662606828125 0.56410751875 0.455508925 0.5408538953125 0.43384994218750006 0.4470945875 0.42736053125 0.4239472484375 0.417419784375 0.4180983453125 0.421613475 0.44021772812500004 0.42639405156250004 0.4530497734375 0.43488507656250003
3 0.5330196484374999 0.489593509375 0.5190533609375 0.4642240765625 0.49682769687499995 0.4477252640625 0.458544121875 0.4456886578125 0.4487959484375 0.45267814062499995 0.45280149999999997 0.461600584375 0.47846559375000003 0.4785826375 0.5330196484374999 0.489593509375
10 0.49962674218750003 0.7022474375 0.5605968203125 0.7175038218750001 0.5580800671875 0.710462515625 0.5264607859375 0.6859559156249999 0.5092686328125 0.6835397171875 0.4870429703125 0.6670409046875 0.4285896453125 0.658825825 0.4193023109375 0.6625362734375 0.49962674218750003 0.7022474375
5 0.516109784375 0.7346581765625 0.5552087546875 0.7184184796875 0.49962674218750003 0.7022474375 0.43408399218750005 0.669629403125 0.42525749687500003 0.670060821875 0.4594998125 0.7133269640625 0.4821863140625 0.72654674375 0.516109784375 0.7346581765625
6 0.5053345 0.5743133140625 0.48193888749999997 0.5910880734374999 0.47527458906250003 0.613558065625 0.5255748203125 0.6423620031249999 0.5633975578125 0.6476776421875 0.5800225921875 0.6416546390625 0.5839575703125 0.5887068656250001 0.59959035625 0.5273717109375 0.5832135953125 0.5066792078125 0.55914458125 0.503296528125 0.542519546875 0.5093195328125 0.5053345 0.5743133140625
7 0.6762637921875 0.5431631593749999 0.6505996984375 0.5261811078124999 0.62653068125 0.522798428125 0.6099056484375 0.52882143125 0.64003613125 0.55144689375 0.6941293484375 0.5657368 0.6762637921875 0.5431631593749999
8 0.6490046203125 0.512581734375 0.72280674375 0.5363291453125 0.71181805 0.5147219859375001 0.67927709375 0.496773453125 0.6375550875 0.49425360781250005 0.620930053125 0.5002766125 0.6200083765625 0.5068346781249999 0.627913196875 0.5129613281250001 0.6490046203125 0.512581734375