0 0.049797978124999996 0 0 0.473796109375 0 0.9502020218749999 0.473796109375 1 0.9502020218749999 1 1 0.526203890625 1 0.049797978124999996 0.526203890625 0 0.049797978124999996 0
0 0.8144945921875 0.4602876671875 0.81244058125 0.446841409375 0.798211796875 0.4337693296875 0.76837885625 0.42071098124999995 0.724484528125 0.40948231562500004 0.6109709515625 0.40085914999999994 0.506714 0.40313167656250004 0.476193371875 0.3966162359375 0.43675996093749997 0.37593365156249997 0.4050494546875 0.3312558296875 0.39528158750000003 0.30872983125000003 0.3386921953125 0.31932001250000003 0.2903369515625 0.3175452640625 0.2699280328125 0.33028436875 0.256889125 0.35537466875 0.25241010625000004 0.43097854375000005 0.26920414375 0.4691271921875 0.2973178671875 0.49854280781250004 0.28908372031249996 0.5109077359375 0.286676815625 0.5338079109375 0.30090559843750003 0.5468799921875 0.3034799 0.5388815796875 0.31068251406249997 0.5363310125 0.3113611515625 0.562863084375 0.32506964531250004 0.5973798359375 0.32917766875 0.62427235 0.3644849578125 0.6842123765625 0.4061397765625 0.7332429796875 0.4644302859375 0.772445490625 0.49460707031249995 0.782232384375 0.5273581578125001 0.7840208640624999 0.5570237031249999 0.7821774515625 0.6259643140625 0.7530398765624999 0.6655832234375 0.7224742656250001 0.70606626875 0.66719253125 0.735908259375 0.6471758999999999 0.7962980328125 0.5344497703125 0.793909228125 0.49119998750000005 0.8144945921875 0.4602876671875
9 0.793909228125 0.49119998750000005 0.805572759375 0.47919550156249996 0.8148384359374999 0.4570162125 0.7783231703125 0.4250637640625 0.724484528125 0.40948231562500004 0.583192021875 0.401247059375 0.610106815625 0.42557527500000003 0.6037592843749999 0.436484696875 0.554037715625 0.41472078437500004 0.4991675421875 0.408953696875 0.48613768593750006 0.40096901875 0.46556137187499996 0.3988063609375 0.46624905781250003 0.392263453125 0.4336744171875 0.3723017546875 0.413098103125 0.370139096875 0.3935442671875 0.3912370578125 0.37948288125 0.3930667390625 0.3649102546875 0.3832661109375 0.3604583875 0.35964505 0.33526280937499997 0.31895956875000003 0.2903369515625 0.3175452640625 0.2699280328125 0.33028436875 0.256889125 0.35537466875 0.25241010625000004 0.43097854375000005 0.26920414375 0.4691271921875 0.2973178671875 0.49854280781250004 0.30588680468749996 0.5159814046875 0.3113611515625 0.562863084375 0.32506964531250004 0.5973798359375 0.32917766875 0.62427235 0.3644849578125 0.6842123765625 0.4061397765625 0.7332429796875 0.4644302859375 0.772445490625 0.5254715437499999 0.7854763703125001 0.5570237031249999 0.7821774515625 0.6259643140625 0.7530398765624999 0.6655832234375 0.7224742656250001 0.70606626875 0.66719253125 0.735908259375 0.6471758999999999 0.7962980328125 0.5344497703125 0.793909228125 0.49119998750000005
9 0.5656921968749999 0.43579127812499996 0.543061871875 0.4201823625 0.5049947828125 0.41948894374999995 0.495561709375 0.4267664703125 0.49984617968749995 0.43548576875 0.525905890625 0.45145512656250003 0.5823188359375 0.4590381640625 0.5656921968749999 0.43579127812499996
9 0.7753869234375 0.5024835875 0.7587602859375 0.47923670312500005 0.7258418 0.46254645937500005 0.684345328125 0.461492596875 0.6680534812500001 0.4680492375 0.6673657953125 0.4745921453125 0.6754234953125 0.4804004328125 0.696343653125 0.4792916375 0.7753869234375 0.5024835875
9 0.5332487515625 0.563031259375 0.5274124609374999 0.5855709921875001 0.5783329578124999 0.6124223046874999 0.6179428171875 0.6149316734375 0.632348046875 0.6098305390625 0.6344201593750001 0.5571268375 0.647811959375 0.4956901046875 0.630841478125 0.47571467343749996 0.606835778125 0.47319157343749996 0.59054393125 0.4797482140625 0.5558881296875 0.5455651953125 0.5332487515625 0.563031259375
9 0.71485690625 0.501083015625 0.6983976640625 0.49273789375000004 0.6743919640625 0.49021479375 0.6581001171875 0.496771434375 0.6887881421875 0.5181886359375001 0.718964928125 0.52797553125 0.7448572437500001 0.5290431265625 0.71485690625 0.501083015625
9 0.53818470625 0.6975075671875001 0.5740213359374999 0.70292794375 0.617580871875 0.684353084375 0.5807217609374999 0.6556720890625 0.5635748328125 0.653869875 0.54094450625 0.6382609593749999 0.482644946875 0.6321334281250001 0.47355571718749995 0.6361395015625 0.5152105375 0.6851701046875001 0.53818470625 0.6975075671875001
1 0.3604583875 0.35964505 0.3649102546875 0.3832661109375 0.386341653125 0.393787625 0.40675057187499997 0.38104852031249997 0.413098103125 0.370139096875 0.432131646875 0.37048580625 0.39528158750000003 0.30872983125000003 0.342465425 0.31640900156249996 0.33646173749999997 0.3240469703125 0.3604583875 0.35964505
1 0.7894664125 0.43450394687499994 0.8102101234375001 0.45156836875 0.81244058125 0.446841409375 0.8047267250000001 0.43776166875 0.7894664125 0.43450394687499994
1 0.29851679375 0.503630209375 0.28908372031249996 0.5109077359375 0.286676815625 0.5338079109375 0.30090559843750003 0.5468799921875 0.30759697343750003 0.532699115625 0.29851679375 0.503630209375
4 0.4991675421875 0.408953696875 0.554037715625 0.41472078437500004 0.6037592843749999 0.436484696875 0.610106815625 0.42557527500000003 0.5862775625000001 0.40487895781249994 0.4929964578125 0.40168990468750004 0.46967844375 0.392623896875 0.4640186 0.3969904109375 0.48613768593750006 0.40096901875 0.4991675421875 0.408953696875
3 0.5804322203125001 0.46049366718750007 0.5656921968749999 0.43579127812499996 0.543061871875 0.4201823625 0.5049947828125 0.41948894374999995 0.495561709375 0.4267664703125 0.49984617968749995 0.43548576875 0.525905890625 0.45145512656250003 0.5804322203125001 0.46049366718750007
10 0.554653 0.672777709375 0.6156942578125 0.685808590625 0.612952559375 0.6789052390625 0.5807217609374999 0.6556720890625 0.5635748328125 0.653869875 0.54094450625 0.6382609593749999 0.482644946875 0.6321334281250001 0.47355571718749995 0.6361395015625 0.554653 0.672777709375
5 0.572134721875 0.70438345 0.6103782578125 0.6869036515625 0.554653 0.672777709375 0.4884721890625 0.6426686734375 0.47972680156249997 0.6434032937499999 0.5152105375 0.6851701046875001 0.53818470625 0.6975075671875001 0.572134721875 0.70438345
6 0.5558881296875 0.5455651953125 0.5332487515625 0.563031259375 0.5274124609374999 0.5855709921875001 0.5783329578124999 0.6124223046874999 0.6160562015625 0.616387178125 0.632348046875 0.6098305390625 0.6344201593750001 0.5571268375 0.647811959375 0.4956901046875 0.630841478125 0.47571467343749996 0.606835778125 0.47319157343749996 0.59054393125 0.4797482140625 0.5558881296875 0.5455651953125
7 0.7244573765625 0.508707253125 0.6983976640625 0.49273789375000004 0.6743919640625 0.49021479375 0.6581001171875 0.496771434375 0.6887881421875 0.5181886359375001 0.7429706296874999 0.5304986328125 0.7244573765625 0.508707253125
8 0.696343653125 0.4792916375 0.7704147671875 0.5003071968749999 0.7587602859375 0.47923670312500005 0.7258418 0.46254645937500005 0.684345328125 0.461492596875 0.6680534812500001 0.4680492375 0.6673657953125 0.4745921453125 0.6754234953125 0.4804004328125 0.696343653125 0.4792916375