0 0.0576373671875 0 0 0.469418684375 0 0.5443176515625 0.029707065625 0.5340856109375001 0.0567597796875 0.518166628125 0.0963867484375 0.5020424203125 0.13473983437499998 0.4743923296875 0.1783133296875 0.41152567187500005 0.184311 0.3772791125 0.1975846359375 0.34217678125 0.21354414843749997 0.3144008296875 0.25415554375 0.27565855781250004 0.273858828125 0.246593134375 0.28607456875000004 0.2201066546875 0.31276877187499996 0.177906415625 0.3646761265625 0.10556813281249999 0.389466121875 0.078876428125 0.43198613750000003 0.0464905265625 0.4892006015625 0.0185326 0.5116632296875 0.01079576875 0.55004374375 0.0023896859375 0.5305813125000001 0 0.0576373671875 0
0 1 0.0576373671875 0.7081999375 0.021808825 0.765557946875 0.04546841875 0.7983409296875 0.0704834515625 0.831763059375 0.11219387656249999 0.8514105187500001 0.15658585625000002 0.86767271875 0.22854856406250001 0.8679577640625 0.24082760625000002 0.8744608796875 0.260866728125 0.88089935 0.31063344375 0.8797768109374999 0.34897689062500004 0.8841641390625 0.3862477171875 0.8843110718749999 0.4142521421875 0.8802910765625 0.44699237968750005 0.8828388437499999 0.47004414375000003 0.866896971875 0.5852797109375001 0.8679636875 0.6203936671875 0.874255225 0.6421559578125 0.9244964124999999 0.7147924625 0.9433622015625 0.7363495296875 0.9638559765625001 0.7738488296875 0.9687325781249999 0.7852340203125 1 0.5305813046875001 1 0.0576373671875
0 0.51664731875 1 0.5364401187500001 0.9697479187500001 0.5528962546875 0.9525278390624999 0.5605219109374999 0.9342235125 0.5727420609375 0.9296019375 0.5875746265624999 0.9183045296874999 0.5947771234375 0.90344654375 0.59272598125 0.8909506515625001 0.6195671171875 0.8767548390625001 0.6208365890625 0.8664158171875 0.625215096875 0.859956834375 0.6272574171875 0.8287229171874999 0.6500697375 0.803537534375 0.6515507890625 0.791475340625 0.64024600625 0.78134154375 0.6469562921875001 0.7777925906250001 0.6575528703125 0.7790936875 0.6605193828125 0.7768342046875001 0.6559939421875 0.7552887625 0.66340801875 0.7387076078125 0.67131871875 0.732682321875 0.6709646171875 0.7282659734375 0.6621341359375 0.7271817265625 0.6425689625000001 0.7405217656249999 0.6352929984375 0.7413775390625 0.5950312953125 0.7626712578125 0.543961434375 0.7843870515625 0.5254541546875 0.7891112390624999 0.5128799015625 0.7893164640625 0.475791878125 0.784762628125 0.44195100312499996 0.768363446875 0.4129117921875 0.74205894375 0.353771065625 0.6762008828125 0.3260703828125 0.631694665625 0.31526222656249997 0.6321167390625 0.3039618546875 0.643847846875 0.29873703281249997 0.6571995125 0.2927393609375 0.6914460703125 0.2974117375 0.7409959374999999 0.3131773125 0.8024027734375 0.314529071875 0.849795771875 0.3191279796875 0.8853434265625 0.32315679531249997 0.8963329968749999 0.32457320312500004 0.9139984 0.3288135984375 0.9232647984375 0.330230003125 0.9409302015625001 0.33602491562500003 0.952136621875 0.336521540625 0.96269249375 0.348180421875 0.9772426421875 0.36887695468750004 0.9692889625 0.372974828125 0.9724158421875 0.3723400921875 0.9775853531250001 0.3673959046875 0.9813511546875 0.36209761406249996 0.9807006078124999 0.35340965468749996 0.98575588125 0.46941869531249997 1 0.51664731875 1
0 0 0.9423626328125 0.1835527390625 0.9649000750000001 0.1778579140625 0.9554550921875 0.17312089375 0.9356328203125001 0.17325900624999999 0.9199074375 0.1601793078125 0.8658269828125 0.13529820312500002 0.7910568578125 0.115935790625 0.75894391875 0.0998205234375 0.7149856390625 0.091266265625 0.682450625 0.0864557796875 0.648626140625 0.07917540468749999 0.627617009375 0.06087970625 0.6306180265625 0.037782340625 0.64352436875 0.019063482812499997 0.6499717265625 0 0.6542100734375 0 0.9423626328125
0 0.8705423265625001 0.7964997578124999 0.8735088390625 0.794240278125 0.8694800218750001 0.78325070625 0.857821140625 0.768700559375 0.8476477203125 0.763953121875 0.84270353125 0.7677189234374999 0.83670145 0.7801005796875 0.8574714484375001 0.7861491125 0.863477940625 0.7956323609375 0.8705423265625001 0.7964997578124999
0 0.6747127984375 0.7488414046874999 0.6670827328125 0.7452808265625 0.665459159375 0.7512034984375 0.6708999718750001 0.75799356875 0.6747127984375 0.7488414046874999
0 0.634239515625 0.77185829375 0.6325424749999999 0.763778753125 0.632261840625 0.773364615625 0.634239515625 0.77185829375
0 0.8220114093750001 0.7975375078125 0.81685564375 0.8030264812500001 0.812412490625 0.839213059375 0.8187040265625001 0.86097535 0.8251336765625 0.8670122593749999 0.8361578234374999 0.88673191875 0.8659742921875001 0.91400643125 0.8785529562500001 0.9356661109375001 0.8858979765624999 0.926947646875 0.8913255578125 0.868143003125 0.8882811671875 0.8345353687499999 0.883544146875 0.814713096875 0.8734397828124999 0.8021029687500001 0.8659522390625 0.8046819125000001 0.8482912765625 0.80251341875 0.8328195656249999 0.7971154328125001 0.8220114093750001 0.7975375078125
0 0.8743677968749999 1 0.8742523265625 0.9779922109375001 0.8715664484375001 0.97066583125 0.8544667531249999 0.9493256140625 0.8488834187500001 0.9363960234375 0.834115503125 0.9179658343750001 0.7877650187499999 0.872044284375 0.780419996875 0.8807627484375 0.75931795 0.979622384375 0.7526378375 1 0.8743677968749999 1
0 0.9423626328125 1 0.9463669453125 0.9673874890624999 0.934929928125 0.9583306734375 0.9248255640625 0.9457205453125 0.92291694375 0.939364175 0.91931569375 0.9467931671875001 0.918966003125 0.9642417203125 0.9245493390625 0.9771713125 0.923776490625 0.9980662046875001 0.9253260203125 1 0.9423626328125 1
1 0.9253260203125 1 0.923776490625 0.9980662046875001 0.9245493390625 0.9771713125 0.918966003125 0.9642417203125 0.91931569375 0.9467931671875001 0.92291694375 0.939364175 0.9248255640625 0.9457205453125 0.934929928125 0.9583306734375 0.9463669453125 0.9673874890624999 0.9687325781249999 0.7852340203125 0.9638559765625001 0.7738488296875 0.9433622015625 0.7363495296875 0.9244964124999999 0.7147924625 0.874255225 0.6421559578125 0.8679636875 0.6203936671875 0.866896971875 0.5852797109375001 0.8828388437499999 0.47004414375000003 0.8802910765625 0.44699237968750005 0.884449184375 0.39852675937500004 0.8797768109374999 0.34897689062500004 0.88089935 0.31063344375 0.8744608796875 0.260866728125 0.8668264046875 0.23544124531250002 0.86767271875 0.22854856406250001 0.85522775625 0.16929859687499998 0.837557971875 0.1234002953125 0.8047705796875 0.076520359375 0.7755197890625001 0.051939026562500004 0.7350376859375001 0.031226107812499997 0.7110528625 0.0221591203125 0.5494550453125 0.002317403125 0.5394241484375 0.0037094874999999998 0.47599161093750003 0.023907334375 0.43198613750000003 0.0464905265625 0.389466121875 0.078876428125 0.34977450781249997 0.12472823125000002 0.33840508125 0.14432203125 0.31276877187499996 0.177906415625 0.28607456875000004 0.2201066546875 0.273858828125 0.246593134375 0.25415554375 0.27565855781250004 0.22187800625 0.3049292046875 0.20916564218749997 0.3208598125 0.1975846359375 0.34217678125 0.184311 0.3772791125 0.1783133296875 0.41152567187500005 0.13473983437499998 0.4743923296875 0.10408586875 0.49774030468749997 0.079222409375 0.510429796875 0.0567597796875 0.518166628125 0.029707065625 0.5340856109375001 0 0.5443176515625 0 0.6542100734375 0.019063482812499997 0.6499717265625 0.037782340625 0.64352436875 0.06087970625 0.6306180265625 0.07917540468749999 0.627617009375 0.0864557796875 0.648626140625 0.091266265625 0.682450625 0.0998205234375 0.7149856390625 0.115935790625 0.75894391875 0.13529820312500002 0.7910568578125 0.1601793078125 0.8658269828125 0.17325900624999999 0.9199074375 0.176514975 0.9517919031250001 0.1832757078125 0.964866059375 0.2898301859375 0.9779493046875001 0.2927966984375 0.9756898218750001 0.30162717968749997 0.97677406875 0.31190639062500003 0.980659921875 0.3157329328125 0.9811297625 0.3165332109375 0.9794788750000001 0.315613428125 0.9723693421874999 0.29554722187500004 0.9532886078124999 0.28720895468749996 0.9408953296875 0.2833094296875 0.8704505671874999 0.289449621875 0.8423435296875 0.299765565625 0.8532304875 0.30139355 0.8691727203124999 0.3069768828125 0.8821023109375 0.307758553125 0.9049372234374999 0.31334188749999997 0.9178668140624999 0.31518145 0.9320858765625 0.3265596984375 0.9562218859374999 0.325998428125 0.9753936109374999 0.3329229375 0.9832404296874999 0.35340965468749996 0.98575588125 0.36209761406249996 0.9807006078124999 0.3673959046875 0.9813511546875 0.3723400921875 0.9775853531250001 0.372974828125 0.9724158421875 0.36887695468750004 0.9692889625 0.348180421875 0.9772426421875 0.336521540625 0.96269249375 0.33602491562500003 0.952136621875 0.330230003125 0.9409302015625001 0.3288135984375 0.9232647984375 0.32457320312500004 0.9139984 0.32315679531249997 0.8963329968749999 0.3191279796875 0.8853434265625 0.314529071875 0.849795771875 0.3131773125 0.8024027734375 0.2974117375 0.7409959374999999 0.2927393609375 0.6914460703125 0.29570146406250003 0.667321684375 0.3083403640625 0.6373888640625001 0.31526222656249997 0.6321167390625 0.3270592203125 0.63094150625 0.3159571984375 0.5753547296875 0.32017995 0.49716151249999996 0.30612023593750004 0.4875640265625 0.2950960890625 0.46784436874999996 0.29551042656250004 0.42066821875000004 0.2882991078125 0.391796396875 0.28843721875 0.3760710125 0.2771236171875 0.32220740625 0.28227497343749997 0.2948535296875 0.29357534375 0.2831224234375 0.30042815156249997 0.285712990625 0.3138531296875 0.3004799890625 0.31767036718749997 0.31319273124999997 0.314708265625 0.337317115625 0.3157015125 0.3584288578125 0.32029600937499997 0.372111609375 0.3289149125 0.3749190265625 0.3600566796875 0.318397115625 0.379125228125 0.294501203125 0.40948973593750004 0.23700928124999998 0.43265615625000003 0.21624024843749998 0.48810452499999996 0.188065471875 0.5134646109375 0.18593185 0.5629153078125 0.1920036328125 0.63342105 0.216402990625 0.6791279765625 0.2237642453125 0.7239885890625 0.2380181796875 0.7416495515625 0.2401866734375 0.7788110421875001 0.25874272343750004 0.802271328125 0.29398254218750003 0.8094826484375 0.3228543625 0.8140815546875 0.35840201875 0.795462628125 0.5100410140625 0.779365003125 0.5535423484375 0.7683540890625 0.5994174 0.740178834375 0.6536798312500001 0.714330946875 0.6889873875 0.66686674375 0.72513909375 0.6717418765625001 0.72923598125 0.67131871875 0.732682321875 0.6612187640625 0.7419370984375 0.6555707843749999 0.758735103125 0.6611541187500001 0.77166469375 0.6605193828125 0.7768342046875001 0.6575528703125 0.7790936875 0.6469562921875001 0.7777925906250001 0.64024600625 0.78134154375 0.6515507890625 0.791475340625 0.6500697375 0.803537534375 0.6272574171875 0.8287229171874999 0.625215096875 0.859956834375 0.6208365890625 0.8664158171875 0.6195671171875 0.8767548390625001 0.59272598125 0.8909506515625001 0.5947771234375 0.90344654375 0.5875746265624999 0.9183045296874999 0.5727420609375 0.9296019375 0.5605219109374999 0.9342235125 0.5528962546875 0.9525278390624999 0.5364401187500001 0.9697479187500001 0.51664731875 1 0.7526378375 1 0.75931795 0.979622384375 0.780419996875 0.8807627484375 0.789531115625 0.872261134375 0.8488834187500001 0.9363960234375 0.8544667531249999 0.9493256140625 0.8715664484375001 0.97066583125 0.8742523265625 0.9779922109375001 0.8743677968749999 1 0.9253260203125 1
1 0.8735088390625 0.794240278125 0.8694800218750001 0.78325070625 0.857821140625 0.768700559375 0.8476477203125 0.763953121875 0.84270353125 0.7677189234374999 0.83670145 0.7801005796875 0.8574714484375001 0.7861491125 0.863477940625 0.7956323609375 0.8715311640625 0.7957465984375001 0.8735088390625 0.794240278125
1 0.6670827328125 0.7452808265625 0.6668020984374999 0.7548666890625 0.6718888093750001 0.7572404078125 0.6747127984375 0.7488414046874999 0.6670827328125 0.7452808265625
1 0.631273003125 0.7741177765625 0.634239515625 0.77185829375 0.6325424749999999 0.763778753125 0.631273003125 0.7741177765625
1 0.81685564375 0.8030264812500001 0.812412490625 0.839213059375 0.8187040265625001 0.86097535 0.8251336765625 0.8670122593749999 0.8361578234374999 0.88673191875 0.863642515625 0.9110964031250001 0.8735353015625 0.9254297015624999 0.8760096015625001 0.934479253125 0.87954179375 0.9349129515625 0.8858979765624999 0.926947646875 0.8913255578125 0.868143003125 0.8882811671875 0.8345353687499999 0.883544146875 0.814713096875 0.8734397828124999 0.8021029687500001 0.8659522390625 0.8046819125000001 0.8482912765625 0.80251341875 0.8328195656249999 0.7971154328125001 0.8220114093750001 0.7975375078125 0.81685564375 0.8030264812500001
9 0.7683540890625 0.5994174 0.779365003125 0.5535423484375 0.795462628125 0.5100410140625 0.8140815546875 0.35840201875 0.8094826484375 0.3228543625 0.802271328125 0.29398254218750003 0.7904699234375 0.273292871875 0.7788110421875001 0.25874272343750004 0.7721698140625 0.2544289859375 0.7416495515625 0.2401866734375 0.7239885890625 0.2380181796875 0.6791279765625 0.2237642453125 0.63342105 0.216402990625 0.5629153078125 0.1920036328125 0.5134646109375 0.18593185 0.4936143921875 0.18699285000000002 0.47687321093749996 0.1919338859375 0.43265615625000003 0.21624024843749998 0.41782359375 0.2275376546875 0.40073272031249996 0.249927246875 0.379125228125 0.294501203125 0.3600566796875 0.318397115625 0.3289149125 0.3749190265625 0.32361662343750003 0.3742684796875 0.31796423281249997 0.3692015796875 0.314708265625 0.337317115625 0.3165390078125 0.30780636875 0.3138531296875 0.3004799890625 0.30042815156249997 0.285712990625 0.291809246875 0.2829055734375 0.28227497343749997 0.2948535296875 0.2771236171875 0.32220740625 0.28843721875 0.3760710125 0.2882991078125 0.391796396875 0.29551042656250004 0.42066821875000004 0.2950960890625 0.46784436874999996 0.30612023593750004 0.4875640265625 0.32017995 0.49716151249999996 0.3159571984375 0.5753547296875 0.3268476421875 0.6326646765625 0.3431010203125 0.660897575 0.3623209125 0.6868709921875 0.404927625 0.7340820156250001 0.43707587031250006 0.7642665578125001 0.467172975 0.7819552109375 0.5128799015625 0.7893164640625 0.5254541546875 0.7891112390624999 0.55893651875 0.779229165625 0.6352929984375 0.7413775390625 0.638825190625 0.7418112375 0.677532378125 0.7185774984375 0.7062086671875 0.69673584375 0.722664803125 0.6795157640625 0.740178834375 0.6536798312500001 0.7683540890625 0.5994174
9 0.472465340625 0.4030396984375 0.5349178609374999 0.42732481875 0.5424054046875 0.424745875 0.543040140625 0.4195763640625 0.536044809375 0.41084627500000004 0.5227623546875 0.40221879843749997 0.510611259375 0.3989776828125 0.471683671875 0.38020478281250003 0.411636396875 0.3728319046875 0.39510679375 0.376049771875 0.3804858078125 0.38562400937499997 0.472465340625 0.4030396984375
9 0.7255872109375 0.45860724062499997 0.770447821875 0.4728611765625 0.78705089375 0.48364552187500004 0.7898058265625 0.4831092109375 0.7811134562500001 0.46629958125000004 0.7707975125 0.45541262343750005 0.7349789624999999 0.44051976406250004 0.6923810718750001 0.43703855 0.6632772140625 0.440461640625 0.650845484375 0.4468063875 0.6504223265625 0.450252728125 0.65939533125 0.457476496875 0.699095765625 0.4553545 0.7255872109375 0.45860724062499997
9 0.5063796843749999 0.43344108906249995 0.48468990468750006 0.4202830265625 0.456220784375 0.4185366078125 0.4310032203125 0.42680974843749997 0.453047103125 0.4443841625 0.478480653125 0.4562527546875 0.5092815515625 0.46090920312500006 0.5253879968749999 0.46113767812499995 0.5063796843749999 0.43344108906249995
9 0.6990355312500001 0.506947 0.7198745843750001 0.5051328421875 0.7285625453125 0.5000775671875 0.7135830484375 0.48337054999999995 0.6916816906250001 0.47193565625 0.6702769546875 0.471056634375 0.6460482296875 0.47857661562500003 0.631638825 0.4864276828125 0.642377925 0.49386830000000004 0.6662569578124999 0.503796871875 0.6990355312500001 0.506947
9 0.591510821875 0.4701311140625 0.56855156875 0.4673120734375 0.5472893562500001 0.47257257187499996 0.5128313859375 0.54880251875 0.49722156406250007 0.5591299171874999 0.4882529703125 0.573771053125 0.486560340625 0.5875564171875001 0.49178957343749996 0.59606965625 0.5249957140625 0.6176383484375 0.54965200625 0.6285369296875001 0.5508524218749999 0.6260605984375001 0.57734386875 0.6293133390625 0.606659303125 0.6241670781249999 0.6133695875 0.620618125 0.6197257703125 0.6126528203125 0.6187325218749999 0.5915410765625 0.61159466875 0.5766714671875001 0.6168753171875 0.4898623984375 0.6098799875 0.48113230937499996 0.591510821875 0.4701311140625
9 0.4765382640625 0.6326783078125 0.4614897125 0.6238339828125 0.43464416406249995 0.6161648921875 0.44249021875 0.639867203125 0.47435783125000003 0.6796376078125 0.485874190625 0.6880482359375 0.5214811625 0.7046642640624999 0.5507275421875 0.7073806953124999 0.5678228265625 0.7068560078125 0.5984077328125 0.6913707234375 0.627084021875 0.66952906875 0.6314625296874999 0.6630700843749999 0.6020045703125 0.6620768265625 0.5421688734375001 0.652980778125 0.536447428125 0.6557765703125 0.5147576484374999 0.6426185046875 0.49419922656250004 0.6348468015625001 0.4765382640625 0.6326783078125
4 0.3804858078125 0.38562400937499997 0.472465340625 0.4030396984375 0.49281218437499996 0.41253457187500003 0.517114375 0.419016803125 0.533929021875 0.42807797968749994 0.5424054046875 0.424745875 0.543040140625 0.4195763640625 0.536044809375 0.41084627500000004 0.5227623546875 0.40221879843749997 0.510611259375 0.3989776828125 0.471683671875 0.38020478281250003 0.411636396875 0.3728319046875 0.39510679375 0.376049771875 0.3804858078125 0.38562400937499997
3 0.5253879968749999 0.46113767812499995 0.5063796843749999 0.43344108906249995 0.48468990468750006 0.4202830265625 0.456220784375 0.4185366078125 0.4310032203125 0.42680974843749997 0.453047103125 0.4443841625 0.478480653125 0.4562527546875 0.5082927140625 0.4616623640625 0.5253879968749999 0.46113767812499995
2 0.45591078749999997 0.632769296875 0.467992828125 0.6438731046874999 0.48636199375 0.6548742984375 0.5186483515625 0.669333459375 0.566121375 0.6769115625000001 0.5877376875 0.6760674140625 0.61648744375 0.668227971875 0.6121779921875 0.6668242625 0.5881608453125 0.6726210734375 0.547117471875 0.671079878125 0.5088980890625 0.6611396828125 0.476823309375 0.6449573515625 0.4637524328125 0.634606703125 0.45591078749999997 0.632769296875
5 0.44249021875 0.639867203125 0.47435783125000003 0.6796376078125 0.485874190625 0.6880482359375 0.5214811625 0.7046642640624999 0.5497387046875 0.7081338546875 0.571566596875 0.7055665359375001 0.5984077328125 0.6913707234375 0.629273275 0.6662995765625 0.5877376875 0.6760674140625 0.566121375 0.6769115625000001 0.5290333515625 0.672357725 0.48636199375 0.6548742984375 0.4344325859375 0.6178880625 0.44249021875 0.639867203125
10 0.43973087499999997 0.618538609375 0.476823309375 0.6449573515625 0.5088980890625 0.6611396828125 0.56124624375 0.6728146734375 0.5881608453125 0.6726210734375 0.6277187578125 0.66435955625 0.5421688734375001 0.652980778125 0.536447428125 0.6557765703125 0.5147576484374999 0.6426185046875 0.49419922656250004 0.6348468015625001 0.4765382640625 0.6326783078125 0.4614897125 0.6238339828125 0.43973087499999997 0.618538609375
6 0.6098799875 0.48113230937499996 0.591510821875 0.4701311140625 0.56855156875 0.4673120734375 0.5472893562500001 0.47257257187499996 0.5128313859375 0.54880251875 0.49722156406250007 0.5591299171874999 0.4882529703125 0.573771053125 0.486560340625 0.5875564171875001 0.49178957343749996 0.59606965625 0.5334030375000001 0.622168934375 0.5473202296874999 0.6256269 0.54866316875 0.629290090625 0.5508524218749999 0.6260605984375001 0.57734386875 0.6293133390625 0.606659303125 0.6241670781249999 0.6133695875 0.620618125 0.6197257703125 0.6126528203125 0.6187325218749999 0.5915410765625 0.61159466875 0.5766714671875001 0.6168753171875 0.4898623984375 0.6098799875 0.48113230937499996
7 0.6662569578124999 0.503796871875 0.6980466937500001 0.507700159375 0.7198745843750001 0.5051328421875 0.7285625453125 0.5000775671875 0.7135830484375 0.48337054999999995 0.6916816906250001 0.47193565625 0.6702769546875 0.471056634375 0.6460482296875 0.47857661562500003 0.631638825 0.4864276828125 0.642377925 0.49386830000000004 0.6662569578124999 0.503796871875
8 0.699095765625 0.4553545 0.7255872109375 0.45860724062499997 0.770447821875 0.4728611765625 0.7888169890625 0.48386237187500003 0.7811134562500001 0.46629958125000004 0.7707975125 0.45541262343750005 0.7349789624999999 0.44051976406250004 0.6923810718750001 0.43703855 0.6632772140625 0.440461640625 0.650845484375 0.4468063875 0.652754103125 0.4531627578125 0.65939533125 0.457476496875 0.699095765625 0.4553545