0 0 0 0 1 1 1 1 0 0 0
0 0.3084239125 0.676630434375 0.3423913046875 0.7133152171875 0.3913043484375 0.7459239125 0.4279891296875 0.752717390625 0.4646739125 0.7540760875 0.51358695625 0.743206521875 0.565217390625 0.7133152171875 0.596467390625 0.6820652171875 0.6508152171875 0.6059782609375 0.667119565625 0.573369565625 0.680706521875 0.5326086953125 0.70516304375 0.5081521734375001 0.73233695625 0.47010869531250005 0.7486413046875 0.4320652171875 0.7622282609375 0.413043478125 0.7622282609375 0.3913043484375 0.770380434375 0.36141304375 0.76766304375 0.3315217390625 0.756793478125 0.29076087031250003 0.71875 0.2173913046875 0.684782609375 0.180706521875 0.663043478125 0.16440217343750002 0.61141304375 0.1372282609375 0.573369565625 0.12364130468750001 0.5054347828125 0.118206521875 0.4728260875 0.12092391250000001 0.4103260875 0.1372282609375 0.385869565625 0.1508152171875 0.346467390625 0.184782609375 0.3165760875 0.22282608750000002 0.2975543484375 0.260869565625 0.27309782656250003 0.32608695625 0.27309782656250003 0.350543478125 0.2622282609375 0.38315217343749997 0.2513586953125 0.4429347828125 0.2513586953125 0.4728260875 0.256793478125 0.48641304375 0.2540760875 0.524456521875 0.2649456515625 0.5978260875 0.3084239125 0.676630434375
1 0.6915760875 0.4429347828125 0.680706521875 0.5190217390625 0.684782609375 0.528532609375 0.70516304375 0.5081521734375001 0.7377717390625 0.461956521875 0.7459239125 0.4375 0.7622282609375 0.413043478125 0.7622282609375 0.3913043484375 0.770380434375 0.36141304375 0.76766304375 0.3315217390625 0.756793478125 0.29076087031250003 0.7133152171875 0.20923912968749997 0.663043478125 0.16440217343750002 0.61141304375 0.1372282609375 0.5543478265624999 0.12092391250000001 0.4945652171875 0.118206521875 0.45652173906250004 0.12364130468750001 0.4103260875 0.1372282609375 0.36141304375 0.16983695625 0.3165760875 0.22282608750000002 0.2975543484375 0.260869565625 0.27309782656250003 0.32608695625 0.27309782656250003 0.3478260875 0.2826086953125 0.35190217343749997 0.301630434375 0.3763586953125 0.3111413046875 0.3695652171875 0.3274456515625 0.3423913046875 0.354619565625 0.274456521875 0.3763586953125 0.23641304375 0.42119565156250005 0.1915760875 0.45108695625 0.1725543484375 0.4728260875 0.16711956562500002 0.502717390625 0.16711956562500002 0.5298913046875 0.1725543484375 0.600543478125 0.20516304375 0.6576086953125 0.2241847828125 0.6861413046875 0.24728260937500002 0.707880434375 0.29076087031250003 0.7105978265624999 0.375 0.6915760875 0.4429347828125
9 0.364130434375 0.729619565625 0.3913043484375 0.7459239125 0.4293478265625 0.7540760875 0.4646739125 0.7540760875 0.51358695625 0.743206521875 0.565217390625 0.7133152171875 0.6100543484375 0.6657608703125 0.6508152171875 0.6059782609375 0.6834239125 0.5298913046875 0.680706521875 0.5190217390625 0.6915760875 0.4429347828125 0.7105978265624999 0.375 0.707880434375 0.29076087031250003 0.6861413046875 0.24728260937500002 0.6576086953125 0.2241847828125 0.600543478125 0.20516304375 0.5461956515625 0.1779891296875 0.502717390625 0.16711956562500002 0.4728260875 0.16711956562500002 0.440217390625 0.1779891296875 0.42119565156250005 0.1915760875 0.3763586953125 0.23641304375 0.354619565625 0.274456521875 0.341032609375 0.315217390625 0.3111413046875 0.3695652171875 0.301630434375 0.3763586953125 0.2826086953125 0.35190217343749997 0.274456521875 0.3491847828125 0.270380434375 0.35326087031250003 0.2513586953125 0.4429347828125 0.2513586953125 0.4728260875 0.256793478125 0.48641304375 0.2540760875 0.524456521875 0.2622282609375 0.5896739125 0.29483695625 0.6548913046875 0.3165760875 0.6875 0.364130434375 0.729619565625
9 0.3804347828125 0.319293478125 0.426630434375 0.32201087031250003 0.461956521875 0.341032609375 0.4741847828125 0.35326087031250003 0.48369565156250005 0.354619565625 0.48777173906250004 0.3451086953125 0.45380434843749995 0.3111413046875 0.434782609375 0.30298912968749997 0.4021739125 0.3002717390625 0.385869565625 0.305706521875 0.36548912968749997 0.32608695625 0.3804347828125 0.319293478125
9 0.5625 0.3872282609375 0.5815217390625 0.3872282609375 0.6331521734375001 0.40625 0.6616847828125 0.4375 0.6644021734375001 0.4320652171875 0.65625 0.40489130468749995 0.6440217390625 0.3899456515625 0.625 0.3790760875 0.6086956515625 0.3709239125 0.586956521875 0.368206521875 0.5625 0.3709239125 0.555706521875 0.377717390625 0.5625 0.3872282609375
9 0.4320652171875 0.3790760875 0.39266304375 0.372282609375 0.426630434375 0.3899456515625 0.45516304375 0.3940217390625 0.4605978265625 0.3940217390625 0.4320652171875 0.3790760875
9 0.430706521875 0.48369565156250005 0.430706521875 0.4918478265625 0.4456521734375 0.506793478125 0.4741847828125 0.5217391296875 0.51358695625 0.5230978265624999 0.5258152171875 0.5081521734375001 0.5258152171875 0.4918478265625 0.520380434375 0.48097826093749996 0.53125 0.42119565156250005 0.5258152171875 0.4103260875 0.51358695625 0.4008152171875 0.5 0.39809782656250003 0.48233695625 0.40489130468749995 0.45516304375 0.461956521875 0.430706521875 0.48369565156250005
9 0.573369565625 0.43614130468749995 0.5502717390625 0.4320652171875 0.5788043484375 0.44972826093749996 0.60733695625 0.45652173906250004 0.6154891296875 0.45652173906250004 0.573369565625 0.43614130468749995
9 0.39266304375 0.5679347828125 0.38451087031250003 0.5978260875 0.399456521875 0.6236413046875 0.45244565156250005 0.6467391296875 0.4646739125 0.645380434375 0.48505434843749995 0.6304347828125 0.49864130468749995 0.6086956515625 0.49864130468749995 0.600543478125 0.493206521875 0.57608695625 0.479619565625 0.5543478265624999 0.440217390625 0.5394021734375001 0.4157608703125 0.5475543484375 0.39266304375 0.5679347828125
4 0.5815217390625 0.3872282609375 0.6331521734375001 0.40625 0.663043478125 0.43885869531250005 0.65625 0.40489130468749995 0.6440217390625 0.3899456515625 0.625 0.3790760875 0.6086956515625 0.3709239125 0.586956521875 0.368206521875 0.5625 0.3709239125 0.555706521875 0.377717390625 0.5625 0.3872282609375 0.5815217390625 0.3872282609375
3 0.5502717390625 0.4320652171875 0.5788043484375 0.44972826093749996 0.6086956515625 0.457880434375 0.6154891296875 0.45652173906250004 0.5951086953125 0.444293478125 0.5502717390625 0.4320652171875
6 0.430706521875 0.4918478265625 0.4456521734375 0.506793478125 0.475543478125 0.5230978265624999 0.51358695625 0.5230978265624999 0.5258152171875 0.5081521734375001 0.5258152171875 0.4918478265625 0.520380434375 0.48097826093749996 0.53125 0.42119565156250005 0.5258152171875 0.4103260875 0.51358695625 0.4008152171875 0.5 0.39809782656250003 0.48369565156250005 0.403532609375 0.45516304375 0.461956521875 0.430706521875 0.48369565156250005 0.430706521875 0.4918478265625
10 0.4592391296875 0.5638586953125 0.48777173906250004 0.5896739125 0.497282609375 0.604619565625 0.493206521875 0.57608695625 0.475543478125 0.5502717390625 0.440217390625 0.5394021734375001 0.4157608703125 0.5475543484375 0.4008152171875 0.5625 0.440217390625 0.5584239125 0.4592391296875 0.5638586953125
5 0.395380434375 0.6195652171875 0.42391304375 0.6372282609375 0.45380434843749995 0.6480978265624999 0.4782608703125 0.6372282609375 0.49864130468749995 0.6059782609375 0.4429347828125 0.604619565625 0.42119565156250005 0.59375 0.3940217390625 0.5665760875 0.38451087031250003 0.5978260875 0.395380434375 0.6195652171875
2 0.42119565156250005 0.59375 0.4429347828125 0.604619565625 0.4592391296875 0.60733695625 0.489130434375 0.60733695625 0.4959239125 0.6032608703125 0.4646739125 0.5665760875 0.440217390625 0.5584239125 0.42391304375 0.5584239125 0.395380434375 0.5679347828125 0.42119565156250005 0.59375
8 0.426630434375 0.32201087031250003 0.461956521875 0.341032609375 0.475543478125 0.354619565625 0.48369565156250005 0.354619565625 0.48777173906250004 0.3451086953125 0.45380434843749995 0.3111413046875 0.434782609375 0.30298912968749997 0.4021739125 0.3002717390625 0.3804347828125 0.3084239125 0.368206521875 0.323369565625 0.3804347828125 0.319293478125 0.426630434375 0.32201087031250003
7 0.39266304375 0.372282609375 0.426630434375 0.3899456515625 0.45652173906250004 0.395380434375 0.4605978265625 0.3940217390625 0.45652173906250004 0.3899456515625 0.4320652171875 0.3790760875 0.39266304375 0.372282609375