0 0.4781695265625 0 0 0.0418344125 0 0.5218304734375 0.0418344125 1 0.5218304734375 1 1 0.9581655874999999 1 0.4781695265625 0.9581655874999999 0 0.4781695265625 0
0 0.3536423140625 0.7186238140625 0.381729709375 0.74866425 0.4376713890625 0.7852949078125 0.4835726765625 0.7903062234375 0.5396751484375 0.7872033234375 0.5643139359375 0.7778259828125 0.5985268875 0.7531675625 0.6232460734374999 0.7239234437500001 0.6483591625 0.678395978125 0.6930948828125 0.5661562296875 0.71647963125 0.542445153125 0.7317050484375 0.5086153359375001 0.739398153125 0.47183365000000005 0.7368900734375 0.4431661765625 0.722846375 0.428145959375 0.7136661171875 0.427143696875 0.7089715437499999 0.2903416359375 0.6906914265624999 0.2684703296875 0.6847266624999999 0.28343562968749997 0.67060256875 0.288282190625 0.6555379453125 0.28237845 0.6378044484375 0.2875407921875 0.6031252703125001 0.2652987875 0.5582449078125 0.251170996875 0.47491517187500004 0.254850540625 0.4250105765625 0.26643835312499997 0.3757330015625 0.28519303281249997 0.33791065 0.3101672375 0.29867346562499997 0.3605412609375 0.261791640625 0.3962657671875 0.24766754687499998 0.401112328125 0.2397413296875 0.4144438015625 0.25134926874999997 0.4639803171875 0.23918663125 0.470460703125 0.2312604109375 0.483792178125 0.23533603906249997 0.530376821875 0.2674990640625 0.6070019015625 0.292370965625 0.6210747750000001 0.306808571875 0.6198116484375 0.3126929359375 0.6247131265625 0.3536423140625 0.7186238140625
9 0.418683853125 0.7761235140625 0.4376713890625 0.7852949078125 0.4855341328125 0.7919400484375 0.5396751484375 0.7872033234375 0.5643139359375 0.7778259828125 0.5985268875 0.7531675625 0.6232460734374999 0.7239234437500001 0.660602196875 0.6520488140625 0.6930948828125 0.5661562296875 0.722757903125 0.5310632875 0.739398153125 0.47183365000000005 0.7368900734375 0.4431661765625 0.722846375 0.428145959375 0.710370225 0.43104291093749997 0.7053459921874999 0.4567585140625 0.6852571359375 0.476570375 0.6690992640625 0.41659934062500004 0.661575028125 0.33059691875 0.65216165625 0.30614444375 0.6397659046874999 0.28917461875 0.6145804921875 0.2715183109375 0.5582449078125 0.251170996875 0.4427440734375 0.26127601093749997 0.3757330015625 0.28519303281249997 0.3481118328125 0.30205302343749996 0.3131914640625 0.33941135624999996 0.3072267015625 0.35437665625000003 0.3193008703125 0.45081359687500006 0.3188265671875 0.4869637203125 0.310192934375 0.5129951046875 0.305249096875 0.518843928125 0.253310725 0.46561414375 0.23918663125 0.470460703125 0.2312604109375 0.483792178125 0.23533603906249997 0.530376821875 0.26326264374999997 0.6001508140625 0.2773063421875 0.6151710328125 0.3126929359375 0.6247131265625 0.3536423140625 0.7186238140625 0.381729709375 0.74866425 0.418683853125 0.7761235140625
9 0.5657610703125 0.420223965625 0.5312346078125 0.4412989546875 0.5229948796875 0.4510469921875 0.5275448109374999 0.4614815140625 0.5367250671875 0.4624837765625 0.575174440625 0.444676440625 0.6421051140625 0.440626196875 0.6166061953125 0.4193864578125 0.5657610703125 0.420223965625
9 0.4141662234375 0.4334867953125 0.388900415625 0.4356972671875 0.36457513750000003 0.4486580421875 0.34707475625 0.47727059687500006 0.4094555 0.462785834375 0.4573182453125 0.46943097343750007 0.4658714828125 0.46326636875 0.4652444625 0.4560995 0.4141662234375 0.4334867953125
9 0.586943171875 0.45447939843749996 0.56889616875 0.4560583078125 0.543236453125 0.47455212343750003 0.550768765625 0.4775039953125 0.6068712374999999 0.474401096875 0.6154244765625 0.468236490625 0.586943171875 0.45447939843749996
9 0.44216514843750004 0.5664445609375 0.44310567812499996 0.5771948625000001 0.4568358671875 0.5886316453125 0.49614537187499996 0.6014413937499999 0.5194497250000001 0.5975970953124999 0.5517012203125 0.571304846875 0.5495066515625 0.5462208078125 0.5331879875000001 0.5259833281249999 0.5215800484375 0.47644681406249995 0.5042404578124999 0.4653258109375 0.48258405312499997 0.4672205015625 0.46382962968749997 0.4814993203125 0.45472169375 0.5436808281250001 0.44216514843750004 0.5664445609375
9 0.41761483281249995 0.472904571875 0.3959584265625 0.4747992609375 0.37359460312500004 0.48939386249999994 0.381126915625 0.492345734375 0.4460961359375 0.4866616640625 0.41761483281249995 0.472904571875
9 0.4250505984375 0.6618243203125 0.4492150828125 0.688597103125 0.45902236093750004 0.6967662359375 0.4983318671875 0.70957598125 0.5288550203125 0.7051001203125 0.5564761890625001 0.6882401296875 0.5808818640625 0.6554125765625 0.5928113890625 0.6254819765625 0.54628308125 0.61330379375 0.492769084375 0.6252073859375 0.470485659375 0.619935209375 0.4235634453125 0.6240403703124999 0.40975286093749996 0.6324703656249999 0.4250505984375 0.6618243203125
1 0.661575028125 0.33059691875 0.6690992640625 0.41659934062500004 0.687218590625 0.4782042015625 0.7053459921874999 0.4567585140625 0.7166484984375 0.41966104531250004 0.70833645 0.366225315625 0.7136741921875001 0.34409314687500003 0.7089715437499999 0.2903416359375 0.6906914265624999 0.2684703296875 0.6896704984375 0.27758680625 0.6778213703125 0.28765062656249996 0.6555379453125 0.28237845 0.6397659046874999 0.28917461875 0.661575028125 0.33059691875
1 0.2397413296875 0.4144438015625 0.25134926874999997 0.4639803171875 0.305249096875 0.518843928125 0.3188265671875 0.4869637203125 0.3193008703125 0.45081359687500006 0.305265246875 0.35274282968750004 0.261791640625 0.3962657671875 0.24766754687499998 0.401112328125 0.2397413296875 0.4144438015625
4 0.5312346078125 0.4412989546875 0.5229948796875 0.4510469921875 0.529506265625 0.4631153390625 0.575174440625 0.444676440625 0.6421051140625 0.440626196875 0.6166061953125 0.4193864578125 0.5657610703125 0.420223965625 0.5312346078125 0.4412989546875
3 0.56889616875 0.4560583078125 0.543236453125 0.47455212343750003 0.552730221875 0.47913782187500004 0.6068712374999999 0.474401096875 0.6154244765625 0.468236490625 0.586943171875 0.45447939843749996 0.56889616875 0.4560583078125
5 0.4250505984375 0.6618243203125 0.4492150828125 0.688597103125 0.500293321875 0.7112098078125 0.5288550203125 0.7051001203125 0.5564761890625001 0.6882401296875 0.5808818640625 0.6554125765625 0.589515496875 0.6293811921875 0.56416929375 0.6514584421875 0.5329387234375 0.6686342140625 0.49354882343749995 0.675691246875 0.44866846093749996 0.66156345625 0.4136757703125 0.6357380187499999 0.4250505984375 0.6618243203125
2 0.4156372265625 0.6373718453125 0.44866846093749996 0.66156345625 0.49354882343749995 0.675691246875 0.5152052281249999 0.67379655625 0.550358709375 0.6598884375 0.5892019875 0.6257977578125 0.4156372265625 0.6373718453125
10 0.41501020781250003 0.6302049750000001 0.41728517187499997 0.6354222375 0.515366021875 0.6340629984375 0.5731164390625 0.6290104921874999 0.585279078125 0.6225301062499999 0.54628308125 0.61330379375 0.510816090625 0.623628478125 0.470485659375 0.619935209375 0.4235634453125 0.6240403703124999 0.41501020781250003 0.6302049750000001
6 0.44310567812499996 0.5771948625000001 0.4568358671875 0.5886316453125 0.49810682812499996 0.60307521875 0.5194497250000001 0.5975970953124999 0.5517012203125 0.571304846875 0.5495066515625 0.5462208078125 0.5331879875000001 0.5259833281249999 0.5215800484375 0.47644681406249995 0.5042404578124999 0.4653258109375 0.48258405312499997 0.4672205015625 0.46382962968749997 0.4814993203125 0.45472169375 0.5436808281250001 0.44216514843750004 0.5664445609375 0.44310567812499996 0.5771948625000001
8 0.388900415625 0.4356972671875 0.36457513750000003 0.4486580421875 0.3490362109375 0.4789044234375 0.3877990953125 0.4646805234375 0.4573182453125 0.46943097343750007 0.4658714828125 0.46326636875 0.4652444625 0.4560995 0.4141662234375 0.4334867953125 0.388900415625 0.4356972671875
7 0.3959584265625 0.4747992609375 0.37359460312500004 0.48939386249999994 0.3830883703125 0.49397956093750006 0.4460961359375 0.4866616640625 0.41761483281249995 0.472904571875 0.3959584265625 0.4747992609375