0 0.0337424578125 0 0 0.48253961562500003 0 0.9662575421874999 0.48253961562500003 1 0.9662575421874999 1 1 0.517460384375 1 0.0337424578125 0.517460384375 0 0.0337424578125 0
0 0.34383741562500003 0.68157795 0.3668632859375 0.7158763968749999 0.4163650234375 0.761106309375 0.46091270156249997 0.773301475 0.5168089499999999 0.7790261390625 0.5426149703125 0.7735666 0.580275040625 0.754407834375 0.6092783140625 0.729195671875 0.6412261046875 0.6878452484375 0.7030237671874999 0.5832054859375 0.7298407499999999 0.5632884984375 0.7501872296875 0.5320229390625 0.7635577265625 0.4966375375 0.765579653125 0.4677226359375 0.7540667187500001 0.4505734125 0.7451571828125 0.44813437812499995 0.761990059375 0.3112940859375 0.74736824375 0.2866633953125 0.7391285562500001 0.3006153640625 0.724418365625 0.3032187625 0.7104663953125 0.294979075 0.6921418421875 0.2973297328125 0.6613817656250001 0.2697545265625 0.6192731203124999 0.248649825 0.5363955234375 0.2392224234375 0.48528896718750003 0.24291277656250002 0.43367692968749993 0.253831853125 0.3924024953125 0.2727378796875 0.3457445140625 0.31669170156250004 0.303711859375 0.346440815625 0.2890016703125 0.34904421406249997 0.2790811703125 0.36106263125 0.282771521875 0.4121691875 0.26974214218750003 0.4167061375 0.25982164375 0.4287245546875 0.2565360125 0.47571126875 0.2762762515625 0.5569964296875 0.298632275 0.5749038750000001 0.31308972343749997 0.5759148390625 0.31813215625 0.58171549375 0.34383741562500003 0.68157795
9 0.3990514328125 0.7489995171875 0.4163650234375 0.761106309375 0.46259351249999997 0.7752350265625 0.5168089499999999 0.7790261390625 0.5426149703125 0.7735666 0.580275040625 0.754407834375 0.6092783140625 0.729195671875 0.6574527406249999 0.6635556734375 0.7030237671874999 0.5832054859375 0.7378276984375 0.5529508921875 0.7635577265625 0.4966375375 0.765579653125 0.4677226359375 0.7540667187500001 0.4505734125 0.7412900796875 0.4514960015625 0.73229216875 0.47629105625 0.7093422890625 0.49284642500000003 0.702795796875 0.43064403906250004 0.7088615765624999 0.3438993390625 0.7034020359375 0.3180933203125 0.6938226546874999 0.299263284375 0.671719371875 0.277741475 0.6192731203124999 0.248649825 0.5036135203125001 0.24056211875 0.43367692968749993 0.253831853125 0.403751065625 0.266267378125 0.363399221875 0.2979500421875 0.3551595328125 0.31190201093750003 0.3519498921875 0.4097425390625 0.345808121875 0.4456334234375 0.3331958484375 0.47017573749999997 0.3273951921875 0.4752181703125 0.284452334375 0.414102740625 0.26974214218750003 0.4167061375 0.25982164375 0.4287245546875 0.2565360125 0.47571126875 0.2731673703125 0.5495149625 0.2846803046875 0.5666641875 0.31813215625 0.58171549375 0.34383741562500003 0.68157795 0.3668632859375 0.7158763968749999 0.3990514328125 0.7489995171875
9 0.600165575 0.41801938125 0.5627582453125 0.4335637859375 0.5530904890625 0.44196783906250003 0.555946628125 0.4530636671875 0.5648561640625 0.4555027 0.6056251140625 0.4438254 0.67236445 0.45030828593749994 0.6505139093750001 0.42517211406250005 0.600165575 0.41801938125
9 0.44836235156250004 0.407404265625 0.42306181406250004 0.4056350796875 0.397003053125 0.41470898125 0.375228503125 0.440426625 0.43911170000000005 0.4358136828125 0.48534018906250004 0.44994240156250004 0.4947552078125 0.445152709375 0.4952606890625 0.4379239859375 0.44836235156250004 0.407404265625
9 0.6157099796875001 0.4554267109375 0.5976381671875 0.45416300625000006 0.569393115625 0.4685320796875 0.5763690984375 0.472651925 0.6322653468749999 0.4783765890625 0.6416803640625 0.473586896875 0.6157099796875001 0.4554267109375
9 0.4551492 0.5440801937499999 0.4543909765625 0.5549232796875 0.466156653125 0.5684581421875 0.5029701249999999 0.5873765515625 0.5265898515625 0.5872121875 0.5625691125000001 0.56611986875 0.5643382984375 0.54081933125 0.5513972921875 0.5181221921875 0.5477069390625 0.46701563593750006 0.5323269015625 0.4532280328125 0.5106407265625 0.4517115875 0.48987713906249997 0.46297178125 0.47112309531249996 0.52340498125 0.4551492 0.5440801937499999
9 0.44558220156250006 0.447162253125 0.4238960265625 0.4456458078125 0.3995180765625 0.45665326093749997 0.40649406250000003 0.4607731046875 0.4715525859375 0.46532244062499994 0.44558220156250006 0.447162253125
9 0.4232774 0.6362844328125 0.44294165 0.6667157765625 0.451345703125 0.6763835359375 0.488159175 0.6953019453125 0.5190076265625 0.6956430609375001 0.548933490625 0.6832075390625 0.57818950625 0.6543810140625 0.594668884375 0.6264770765625001 0.5506266859375 0.6070531859375 0.49590576718749996 0.6104907984375 0.47472507343750003 0.601745628125 0.42773836093749995 0.5984599968750001 0.41277542812499995 0.6046777578125 0.4232774 0.6362844328125
1 0.7088615765624999 0.3438993390625 0.702795796875 0.43064403906250004 0.7110231 0.494779975 0.73229216875 0.47629105625 0.7492770265625001 0.44115839531249995 0.749453778125 0.386690215625 0.758198946875 0.3655095234375 0.761990059375 0.3112940859375 0.74736824375 0.2866633953125 0.7449292109375001 0.29557293125 0.731647090625 0.30372424374999996 0.7104663953125 0.294979075 0.6938226546874999 0.299263284375 0.7088615765624999 0.3438993390625
1 0.2790811703125 0.36106263125 0.282771521875 0.4121691875 0.3273951921875 0.4752181703125 0.345808121875 0.4456334234375 0.3519498921875 0.4097425390625 0.353478721875 0.30996845781250004 0.303711859375 0.346440815625 0.2890016703125 0.34904421406249997 0.2790811703125 0.36106263125
4 0.5627582453125 0.4335637859375 0.5530904890625 0.44196783906250003 0.5576274390625 0.45499721875 0.6056251140625 0.4438254 0.67236445 0.45030828593749994 0.6505139093750001 0.42517211406250005 0.600165575 0.41801938125 0.5627582453125 0.4335637859375
3 0.5976381671875 0.45416300625000006 0.569393115625 0.4685320796875 0.578049909375 0.47458547656250005 0.6322653468749999 0.4783765890625 0.6416803640625 0.473586896875 0.6157099796875001 0.4554267109375 0.5976381671875 0.45416300625000006
5 0.4232774 0.6362844328125 0.44294165 0.6667157765625 0.4898399875 0.6972354984375 0.5190076265625 0.6956430609375001 0.548933490625 0.6832075390625 0.57818950625 0.6543810140625 0.5908017796875 0.6298386984375 0.5623039875 0.6478221359375 0.5287637593750001 0.6600049171875 0.4887530328125 0.66083913125 0.44664438593750005 0.6397344281249999 0.4161370515625 0.6085448609374999 0.4232774 0.6362844328125
2 0.4178178609375 0.6104784140625 0.44664438593750005 0.6397344281249999 0.4887530328125 0.66083913125 0.5104392062499999 0.6623555765625 0.5473410546874999 0.654039896875 0.5910545203125 0.6262243359374999 0.4178178609375 0.6104784140625
10 0.41832334375 0.6032496875 0.4197514125 0.6087976015625001 0.51683371875 0.6228503296875 0.57466351875 0.6268941828125 0.5876928984374999 0.6223572328125 0.5506266859375 0.6070531859375 0.513977578125 0.6117545015625 0.47472507343750003 0.601745628125 0.42773836093749995 0.5984599968750001 0.41832334375 0.6032496875
6 0.4543909765625 0.5549232796875 0.466156653125 0.5684581421875 0.5046509375 0.589310103125 0.5265898515625 0.5872121875 0.5625691125000001 0.56611986875 0.5643382984375 0.54081933125 0.5513972921875 0.5181221921875 0.5477069390625 0.46701563593750006 0.5323269015625 0.4532280328125 0.5106407265625 0.4517115875 0.48987713906249997 0.46297178125 0.47112309531249996 0.52340498125 0.4551492 0.5440801937499999 0.4543909765625 0.5549232796875
8 0.42306181406250004 0.4056350796875 0.397003053125 0.41470898125 0.3769093140625 0.44236017656250004 0.4174255234375 0.43429723750000004 0.48534018906250004 0.44994240156250004 0.4947552078125 0.445152709375 0.4952606890625 0.4379239859375 0.44836235156250004 0.407404265625 0.42306181406250004 0.4056350796875
7 0.4238960265625 0.4456458078125 0.3995180765625 0.45665326093749997 0.408174871875 0.46270665624999996 0.4715525859375 0.46532244062499994 0.44558220156250006 0.447162253125 0.4238960265625 0.4456458078125