0 0 0 0 1 1 1 1 0 0 0
0 0.7373595500000001 0.5280898875 0.7457865171875 0.508426965625 0.7345505625000001 0.4466292140625 0.7401685390625 0.40449438125 0.7345505625000001 0.3932584265625 0.7191011234375 0.383426965625 0.6966292140625 0.394662921875 0.674157303125 0.394662921875 0.6404494374999999 0.3778089890625 0.6207865171875 0.3637640453125 0.57022471875 0.313202246875 0.508426965625 0.27668539375 0.44101123593749997 0.2598314609375 0.3904494375 0.26264045 0.35393258437499997 0.2738764046875 0.30617977500000004 0.299157303125 0.2865168546875 0.31601123593749997 0.2668539328125 0.3244382015625 0.24859550625 0.34831460625 0.242977528125 0.37640449375 0.2457865171875 0.38764045 0.2345505625 0.40168539374999995 0.2345505625 0.480337078125 0.2457865171875 0.4971910109375 0.24859550625 0.5505617984375 0.258426965625 0.5603932578124999 0.27528089843750003 0.55477528125 0.2823033703125 0.5589887640625 0.299157303125 0.62640449375 0.3244382015625 0.67977528125 0.352528090625 0.7219101125 0.40730337031249997 0.7823033703125 0.43258427031249996 0.7963483140625 0.4550561796875 0.8019662921874999 0.5042134828125 0.8005617984375 0.533707865625 0.7907303375 0.5926966296875 0.7429775281250001 0.63904494375 0.6853932578124999 0.6699438203125 0.6376404499999999 0.686797753125 0.59831460625 0.6910112359375 0.5941011234375 0.7078651687499999 0.5941011234375 0.7176966296875 0.5870786515625 0.7176966296875 0.5505617984375 0.7373595500000001 0.5280898875
9 0.7176966296875 0.5505617984375 0.7429775281250001 0.519662921875 0.7457865171875 0.508426965625 0.7373595500000001 0.4494382015625 0.7345505625000001 0.44101123593749997 0.72331460625 0.43258427031249996 0.7205056187500001 0.4157303375 0.7205056187500001 0.3988764046875 0.7289325843750001 0.38764045 0.716292134375 0.383426965625 0.6966292140625 0.394662921875 0.674157303125 0.394662921875 0.6404494374999999 0.3778089890625 0.6207865171875 0.3637640453125 0.57022471875 0.313202246875 0.508426965625 0.27668539375 0.49578651718750005 0.2780898875 0.49578651718750005 0.2893258421875 0.491573034375 0.2963483140625 0.48455056250000006 0.29775280937500004 0.4691011234375 0.341292134375 0.46488764062500004 0.3370786515625 0.46488764062500004 0.30898876406250003 0.4564606734375 0.3033707859375 0.450842696875 0.2893258421875 0.450842696875 0.2668539328125 0.44101123593749997 0.2598314609375 0.41011235937499996 0.2598314609375 0.394662921875 0.269662921875 0.3721910109375 0.3146067421875 0.369382021875 0.339887640625 0.3581460671875 0.3651685390625 0.3581460671875 0.37640449375 0.40730337031249997 0.3721910109375 0.4353932578125 0.380617978125 0.4592696625 0.3988764046875 0.4592696625 0.41011235937499996 0.45224719062499996 0.4115168546875 0.4157303375 0.394662921875 0.3567415734375 0.38904494375 0.34831460625 0.40028089843750003 0.30617977500000004 0.4199438203125 0.269662921875 0.4199438203125 0.2598314609375 0.41292134843749995 0.257022471875 0.39606741562500003 0.244382021875 0.38904494375 0.2345505625 0.40168539374999995 0.2345505625 0.480337078125 0.2457865171875 0.4971910109375 0.25140449375 0.556179775 0.2668539328125 0.5603932578124999 0.2780898875 0.55477528125 0.2823033703125 0.5589887640625 0.2907303375 0.6011235953125 0.30477528125000003 0.6404494374999999 0.3244382015625 0.67977528125 0.366573034375 0.7387640453125 0.40730337031249997 0.7823033703125 0.43258427031249996 0.7963483140625 0.4550561796875 0.8019662921874999 0.5028089890625 0.8019662921874999 0.522471909375 0.7963483140625 0.5505617984375 0.7794943812499999 0.6081460671875 0.727528090625 0.6699438203125 0.6376404499999999 0.686797753125 0.59831460625 0.6910112359375 0.5941011234375 0.7078651687499999 0.5941011234375 0.7176966296875 0.5870786515625 0.7176966296875 0.5505617984375
9 0.5126404499999999 0.3033707859375 0.5042134828125 0.32303370781249996 0.49859550625000004 0.3707865171875 0.49859550625000004 0.3932584265625 0.5042134828125 0.39606741562500003 0.5210674156249999 0.3174157296875 0.519662921875 0.30196629218750004 0.5126404499999999 0.3033707859375
9 0.6404494374999999 0.397471909375 0.62640449375 0.3918539328125 0.5814606734375001 0.3918539328125 0.5589887640625 0.397471909375 0.5407303375 0.41011235937499996 0.5505617984375 0.4199438203125 0.561797753125 0.4143258421875 0.5870786515625 0.4115168546875 0.6643258421875 0.4185393265625 0.6404494374999999 0.397471909375
9 0.6910112359375 0.40028089843750003 0.686797753125 0.40449438125 0.69522471875 0.40730337031249997 0.6910112359375 0.40028089843750003
9 0.43398876406250003 0.4157303375 0.41292134843749995 0.4030898875 0.39606741562500003 0.4030898875 0.366573034375 0.42134831406249995 0.382022471875 0.43398876406250003 0.3988764046875 0.4396067421875 0.44241572968750004 0.438202246875 0.4480337078125 0.4353932578125 0.43398876406250003 0.4157303375
9 0.59831460625 0.42275280937500004 0.5814606734375001 0.42275280937500004 0.549157303125 0.4466292140625 0.5730337078125001 0.4564606734375 0.6081460671875 0.45786516875 0.633426965625 0.4494382015625 0.6179775281250001 0.43117977500000004 0.59831460625 0.42275280937500004
9 0.4480337078125 0.522471909375 0.4283707859375 0.5421348312500001 0.4255617984375 0.5646067421875001 0.4466292140625 0.5828651687499999 0.4817415734375 0.5955056187500001 0.522471909375 0.5884831453125 0.5393258421875 0.5800561796875 0.5463483140625 0.57022471875 0.5407303375 0.547752809375 0.5323033703125 0.5365168546875 0.5294943812499999 0.4494382015625 0.505617978125 0.43398876406250003 0.48595505625 0.43398876406250003 0.46769662968750003 0.44382022499999996 0.4480337078125 0.522471909375
9 0.4353932578125 0.686797753125 0.47471910156249997 0.700842696875 0.49578651718750005 0.6994382015625 0.5252808984375 0.69522471875 0.5589887640625 0.6755617984375 0.5856741578125 0.6348314609375 0.5393258421875 0.6221910109375 0.480337078125 0.625 0.42977528125 0.61095505625 0.39606741562500003 0.61095505625 0.38904494375 0.6151685390625 0.4058988765625 0.6573033703125 0.4353932578125 0.686797753125
1 0.35393258437499997 0.2738764046875 0.32022471874999997 0.2907303375 0.2865168546875 0.31601123593749997 0.2668539328125 0.3244382015625 0.25140449375 0.3426966296875 0.242977528125 0.3792134828125 0.2457865171875 0.38764045 0.257022471875 0.39606741562500003 0.2598314609375 0.41292134843749995 0.269662921875 0.4199438203125 0.30617977500000004 0.4199438203125 0.34831460625 0.40028089843750003 0.355337078125 0.3932584265625 0.3581460671875 0.3651685390625 0.369382021875 0.339887640625 0.3721910109375 0.3146067421875 0.38904494375 0.2780898875 0.40449438125 0.26264045 0.3904494375 0.26264045 0.35393258437499997 0.2738764046875
1 0.46488764062500004 0.30898876406250003 0.46488764062500004 0.3370786515625 0.4691011234375 0.341292134375 0.4817415734375 0.3033707859375 0.48595505625 0.2963483140625 0.49297752812500006 0.2949438203125 0.49859550625000004 0.27528089843750003 0.47471910156249997 0.2654494375 0.4494382015625 0.26264045 0.450842696875 0.2893258421875 0.4564606734375 0.3033707859375 0.46488764062500004 0.30898876406250003
1 0.519662921875 0.30196629218750004 0.5126404499999999 0.3033707859375 0.5042134828125 0.32303370781249996 0.49859550625000004 0.3707865171875 0.49859550625000004 0.3932584265625 0.5028089890625 0.397471909375 0.5210674156249999 0.3174157296875 0.519662921875 0.30196629218750004
1 0.7401685390625 0.40449438125 0.727528090625 0.38904494375 0.7205056187500001 0.3988764046875 0.7205056187500001 0.4157303375 0.72331460625 0.43258427031249996 0.7331460671875 0.4396067421875 0.7401685390625 0.424157303125 0.7401685390625 0.40449438125
1 0.693820225 0.408707865625 0.6910112359375 0.40028089843750003 0.686797753125 0.40449438125 0.693820225 0.408707865625
4 0.4157303375 0.394662921875 0.45786516875 0.4115168546875 0.46207865156250005 0.40449438125 0.45224719062499996 0.3918539328125 0.4353932578125 0.380617978125 0.40730337031249997 0.3721910109375 0.3651685390625 0.375 0.3581460671875 0.3792134828125 0.355337078125 0.38764045 0.3651685390625 0.3918539328125 0.4157303375 0.394662921875
3 0.4480337078125 0.4353932578125 0.43398876406250003 0.4157303375 0.41292134843749995 0.4030898875 0.39606741562500003 0.4030898875 0.366573034375 0.42134831406249995 0.382022471875 0.43398876406250003 0.3988764046875 0.4396067421875 0.44101123593749997 0.4396067421875 0.4480337078125 0.4353932578125
5 0.4157303375 0.644662921875 0.38904494375 0.6151685390625 0.4058988765625 0.6573033703125 0.42134831406249995 0.6755617984375 0.44101123593749997 0.6896067421875001 0.47471910156249997 0.700842696875 0.494382021875 0.700842696875 0.508426965625 0.69522471875 0.5252808984375 0.69522471875 0.5589887640625 0.6755617984375 0.5828651687499999 0.6376404499999999 0.5365168546875 0.6671348312500001 0.5028089890625 0.6783707859375 0.48595505625 0.6783707859375 0.44101123593749997 0.6643258421875 0.4157303375 0.644662921875
2 0.4691011234375 0.6755617984375 0.5028089890625 0.6783707859375 0.5421348312500001 0.6643258421875 0.5828651687499999 0.6348314609375 0.505617978125 0.6362359546875 0.45224719062499996 0.630617978125 0.40168539374999995 0.616573034375 0.394662921875 0.6179775281250001 0.4157303375 0.644662921875 0.44101123593749997 0.6643258421875 0.4691011234375 0.6755617984375
10 0.505617978125 0.6362359546875 0.5674157296875 0.6362359546875 0.577247190625 0.6320224718749999 0.5393258421875 0.6221910109375 0.480337078125 0.625 0.42977528125 0.61095505625 0.394662921875 0.6123595500000001 0.39606741562500003 0.616573034375 0.41292134843749995 0.6221910109375 0.45224719062499996 0.630617978125 0.505617978125 0.6362359546875
6 0.46769662968750003 0.44382022499999996 0.4480337078125 0.522471909375 0.4283707859375 0.5421348312500001 0.4255617984375 0.5646067421875001 0.4466292140625 0.5828651687499999 0.480337078125 0.5969101125 0.522471909375 0.5884831453125 0.5393258421875 0.5800561796875 0.5463483140625 0.57022471875 0.5407303375 0.547752809375 0.5323033703125 0.5365168546875 0.5294943812499999 0.4494382015625 0.505617978125 0.43398876406250003 0.48595505625 0.43398876406250003 0.46769662968750003 0.44382022499999996
8 0.6629213484375 0.4199438203125 0.65168539375 0.4058988765625 0.62640449375 0.3918539328125 0.5814606734375001 0.3918539328125 0.5589887640625 0.397471909375 0.5407303375 0.41011235937499996 0.5505617984375 0.4199438203125 0.561797753125 0.4143258421875 0.59831460625 0.4115168546875 0.6629213484375 0.4199438203125
7 0.6179775281250001 0.43117977500000004 0.59831460625 0.42275280937500004 0.5814606734375001 0.42275280937500004 0.549157303125 0.4466292140625 0.5730337078125001 0.4564606734375 0.6067415734375 0.4592696625 0.633426965625 0.4494382015625 0.6179775281250001 0.43117977500000004