0 0.4562556671875 0 0 0.080450184375 0 0.5437443328125 0.080450184375 1 0.5437443328125 1 1 0.919549815625 1 0.4562556671875 0.919549815625 0 0.4562556671875 0
0 0.366669278125 0.63903738125 0.41650430624999996 0.7001747093749999 0.44303704687499995 0.71221736875 0.47747937656249995 0.7137447546875 0.5235076375000001 0.7071488296874999 0.5724508859374999 0.6893982171874999 0.6709312984375 0.620350071875 0.6930633515625 0.598206396875 0.7149539546875 0.5654646 0.72869351875 0.5326399484375 0.737197028125 0.48857775937500003 0.743788353125 0.47981503124999997 0.7569339984375001 0.48053729843750004 0.780625765625 0.467239203125 0.7937714109375 0.4679614703125 0.8085137765624999 0.45928159375 0.8178156453125001 0.41051833281250005 0.817889659375 0.37402288906250003 0.7960536609375 0.2501847890625 0.7594012828125 0.17152200625 0.7268711375 0.13469515781250002 0.65466260625 0.08510338125 0.637320715625 0.07904062656250001 0.5711465984374999 0.03598531875 0.5238370796875 0.0260860671875 0.5085748078125001 0.031817415625 0.491752821875 0.028703187499999998 0.46334490781250004 0.03371226875 0.41544146875 0.057359934375 0.3749277171875 0.0675438015625 0.3259474625 0.1035421375 0.281163453125 0.144880959375 0.2666625359375 0.1641589609375 0.26079555625 0.204716059375 0.2764667125 0.2566764015625 0.27583578750000004 0.308471040625 0.2887963984375 0.40043191875 0.3143087375 0.52666198125 0.3320965171875 0.57216870625 0.366669278125 0.63903738125
1 0.6764810046874999 0.347273659375 0.6901095484375 0.36919217656250003 0.7061331734375 0.3770074765625 0.7177191046875 0.3688841640625 0.7519939984375 0.323317984375 0.7609434 0.3186997640625 0.779882009375 0.31536037499999997 0.806934653125 0.3303515609375 0.7892578921875 0.23010166875000002 0.7683136765625 0.185151509375 0.7384200609375 0.14481956875 0.711645871875 0.1221787859375 0.65466260625 0.08510338125 0.637320715625 0.07904062656250001 0.5853320531249999 0.0426046390625 0.5369827234375 0.026808334375 0.5085748078125001 0.031817415625 0.491752821875 0.028703187499999998 0.46334490781250004 0.03371226875 0.41544146875 0.057359934375 0.38703355156249997 0.0623690171875 0.3259474625 0.1035421375 0.281163453125 0.144880959375 0.2666625359375 0.1641589609375 0.26079555625 0.204716059375 0.27230747499999997 0.23308819218750002 0.2764667125 0.2566764015625 0.2732732703125 0.2754806890625 0.2803104875 0.3061619328125 0.29644513125 0.25923406718750003 0.316739015625 0.2358944109375 0.3982864234375 0.218475203125 0.446746771875 0.179528340625 0.4741148796875 0.16862220781249998 0.53041080625 0.15565551718749998 0.55774190625 0.1629971046875 0.5963434734375 0.18811270156249998 0.6551279046875 0.24463180625 0.6656000125 0.2671068875 0.6764810046874999 0.347273659375
1 0.8090706875 0.4439823984375 0.7914133359375 0.4638169625 0.7937714109375 0.4679614703125 0.8098320421875 0.45752905000000005 0.8090706875 0.4439823984375
9 0.41650430624999996 0.7001747093749999 0.44303704687499995 0.71221736875 0.47931754687500006 0.7149407359375 0.5235076375000001 0.7071488296874999 0.5724508859374999 0.6893982171874999 0.6309004453125 0.6517301875 0.6793607953125 0.612783325 0.7049277375 0.5824334890625 0.7197071109375 0.5555058921875 0.737197028125 0.48857775937500003 0.743788353125 0.47981503124999997 0.7569339984375001 0.48053729843750004 0.7958880359375 0.461507853125 0.8103889531249999 0.442229853125 0.8178156453125001 0.41051833281250005 0.817889659375 0.37402288906250003 0.8074545578125001 0.3333000859375 0.779882009375 0.31536037499999997 0.7519939984375 0.323317984375 0.7177191046875 0.3688841640625 0.7061331734375 0.3770074765625 0.6901095484375 0.36919217656250003 0.6764810046874999 0.347273659375 0.6656000125 0.2671068875 0.6551279046875 0.24463180625 0.5963434734375 0.18811270156249998 0.55774190625 0.1629971046875 0.53041080625 0.15565551718749998 0.446746771875 0.179528340625 0.3982864234375 0.218475203125 0.316739015625 0.2358944109375 0.29644513125 0.25923406718750003 0.278992221875 0.30791447656250004 0.2804779234375 0.3532554984375 0.3143087375 0.52666198125 0.342568625 0.5946437875 0.37977791562499996 0.6580073718749999 0.41650430624999996 0.7001747093749999
9 0.43451231718749994 0.3777784703125 0.44106663749999997 0.38726346562499997 0.4942061296875 0.3748533390625 0.531284990625 0.37287563437500004 0.572318646875 0.36564029374999996 0.5557751171875001 0.3548764671875 0.49372323125 0.353657090625 0.4500530453125 0.364397521875 0.43451231718749994 0.3777784703125
9 0.3605960453125 0.392332003125 0.335344565625 0.3967845203125 0.3206021984375 0.40546439687499997 0.309257715625 0.42418583125 0.335307559375 0.4150322421875 0.38001755312499996 0.4101888625 0.387128784375 0.4043746625 0.386088975 0.398477609375 0.3605960453125 0.392332003125
9 0.5278501 0.3810817984375 0.4962857484375 0.3866474453125 0.48074502187499996 0.400028390625 0.48757779687499997 0.40186378749999996 0.539918928125 0.394154734375 0.55018659375 0.38778396718749997 0.5278501 0.3810817984375
9 0.3737610984375 0.5131387265625 0.37584071875 0.52493283125 0.39290415156249997 0.538645184375 0.4205137078125 0.5383371734375 0.4744515609375 0.5212259765625 0.48683585156250003 0.5084015921875 0.47952017968750005 0.48536994843750003 0.464294915625 0.4728535765625 0.4470640453125 0.41204765625000006 0.4173748703125 0.4005615609375 0.40159269531249997 0.403344384375 0.39236483906249997 0.4156122015625 0.3822276015625 0.4873242578125 0.3737610984375 0.5131387265625
9 0.3812988125 0.4266840390625 0.3657950921875 0.42181726406250003 0.3468564828125 0.425156653125 0.328679225 0.44204269218750003 0.3589253109375 0.43822959062500005 0.3812988125 0.4266840390625
9 0.42755092499999997 0.5690184171875 0.3977877359375 0.594027765625 0.4311532515625 0.6079058203125001 0.4456171609375 0.60687554375 0.46323750625000004 0.6052887015625 0.49060561406250003 0.5943825671875 0.5419439406250001 0.5625287375 0.49435596718749997 0.5602790843750001 0.48384685312500003 0.556051725 0.4585953703125 0.56050424375 0.450165875 0.5680709890625 0.42755092499999997 0.5690184171875
4 0.44106663749999997 0.38726346562499997 0.4942061296875 0.3748533390625 0.5331231609375 0.374071615625 0.572318646875 0.36564029374999996 0.5557751171875001 0.3548764671875 0.49372323125 0.353657090625 0.4500530453125 0.364397521875 0.43451231718749994 0.3777784703125 0.44106663749999997 0.38726346562499997
3 0.4962857484375 0.3866474453125 0.48074502187499996 0.400028390625 0.4894159671875 0.40305976875000005 0.539918928125 0.394154734375 0.55018659375 0.38778396718749997 0.5278501 0.3810817984375 0.4962857484375 0.3866474453125
5 0.400944171875 0.5934712015625 0.4174877 0.604235028125 0.44745533125000003 0.608071525 0.49060561406250003 0.5943825671875 0.5419439406250001 0.5625287375 0.5022285515625 0.5680115328124999 0.400944171875 0.5934712015625
10 0.450165875 0.5680709890625 0.42755092499999997 0.5690184171875 0.4022624375 0.5917186562500001 0.53195473125 0.56124990625 0.49435596718749997 0.5602790843750001 0.48384685312500003 0.556051725 0.4585953703125 0.56050424375 0.450165875 0.5680709890625
6 0.37584071875 0.52493283125 0.39290415156249997 0.538645184375 0.422351878125 0.5395331546875 0.4744515609375 0.5212259765625 0.48683585156250003 0.5084015921875 0.47952017968750005 0.48536994843750003 0.464294915625 0.4728535765625 0.4470640453125 0.41204765625000006 0.4173748703125 0.4005615609375 0.40159269531249997 0.403344384375 0.39236483906249997 0.4156122015625 0.3822276015625 0.4873242578125 0.3737610984375 0.5131387265625 0.37584071875 0.52493283125
8 0.335344565625 0.3967845203125 0.3206021984375 0.40546439687499997 0.31109588593750004 0.42538181249999996 0.335307559375 0.4150322421875 0.38001755312499996 0.4101888625 0.387128784375 0.4043746625 0.386088975 0.398477609375 0.3605960453125 0.392332003125 0.335344565625 0.3967845203125
7 0.3468564828125 0.425156653125 0.33527055156249996 0.43327996406249997 0.3305173953125 0.4432386734375 0.3589253109375 0.43822959062500005 0.3812988125 0.4266840390625 0.3657950921875 0.42181726406250003 0.3468564828125 0.425156653125