0 0.049797978124999996 0 0 0.473796109375 0 0.9502020218749999 0.473796109375 1 0.9502020218749999 1 1 0.526203890625 1 0.049797978124999996 0.526203890625 0 0.049797978124999996 0
0 0.7037673671875 0.3019826859375 0.714849659375 0.25314983281250003 0.7068339546875 0.216197934375 0.6922390468749999 0.1993868890625 0.648337365625 0.1642185171875 0.6009158078125 0.1342354859375 0.56295371875 0.1274678625 0.517319521875 0.108783278125 0.49083817031250004 0.1059999765625 0.47554880156249996 0.10994829375 0.46112569218750005 0.1056547171875 0.41819996093749995 0.1178089234375 0.36003970937499996 0.161693684375 0.3444615890625 0.16838930000000002 0.28116589531249997 0.2186784203125 0.253584378125 0.25466654843750003 0.224902696875 0.3294261015625 0.21277508437499998 0.44481262031249996 0.2151948 0.47839870781249993 0.22690218125 0.522682734375 0.2410365375 0.5297236109375 0.25309478125 0.5282133359375 0.275767503125 0.5389292765625 0.28782574375 0.5374190015625 0.29445979375000003 0.5450603859375 0.3051291203125 0.5850688374999999 0.3198958265625 0.614397353125 0.34216284375 0.643125359375 0.36396930781250003 0.66208319375 0.459101175 0.7193019578125 0.5053128765625 0.7324919453125001 0.54812165625 0.7356025046875 0.579738446875 0.731981446875 0.60339438125 0.719190725 0.6453441609375 0.659713940625 0.6728708328125 0.5959435765625 0.68631799375 0.5529145765625 0.7016767296875 0.435090015625 0.707685690625 0.3496145203125 0.7037673671875 0.3019826859375
1 0.4634211890625 0.22533481093750002 0.5160951421875 0.2336487140625 0.5419989890625 0.2419266140625 0.5891317953125 0.2746569421875 0.6653447265625 0.2854448921875 0.6855356265625 0.305621746875 0.7034165078125 0.34777698749999997 0.7079195953124999 0.3190849859375 0.7037673671875 0.3019826859375 0.7060773890625 0.2800043015625 0.714849659375 0.25314983281250003 0.7068339546875 0.216197934375 0.6922390468749999 0.1993868890625 0.648337365625 0.1642185171875 0.5894350703125 0.13025116406249998 0.56295371875 0.1274678625 0.517319521875 0.108783278125 0.49083817031250004 0.1059999765625 0.47554880156249996 0.10994829375 0.44906745 0.1071649921875 0.4055642125 0.12481379374999998 0.36003970937499996 0.161693684375 0.3444615890625 0.16838930000000002 0.29437915000000003 0.206178953125 0.27118376875 0.228739846875 0.2462558703125 0.26778452656249996 0.2298663375 0.310504271875 0.220048746875 0.40391240625 0.243993434375 0.3883743859375 0.26164766875 0.390229921875 0.2701860328125 0.39390498749999997 0.3046830921875 0.4336401875 0.315875075 0.44037180625000005 0.3301263859375 0.432147915625 0.3412635234375 0.41109729687499996 0.3461174734375 0.3366109953125 0.354312240625 0.315251121875 0.404800384375 0.2594494015625 0.4387271984375 0.2338499578125 0.4634211890625 0.22533481093750002
1 0.2255753703125 0.5211544578125 0.2410365375 0.5297236109375 0.242940853125 0.525757290625 0.225403571875 0.5086369890625 0.2255753703125 0.5211544578125
9 0.704743315625 0.3493052640625 0.6855356265625 0.305621746875 0.6653447265625 0.2854448921875 0.5891317953125 0.2746569421875 0.5419989890625 0.2419266140625 0.4634211890625 0.22533481093750002 0.4387271984375 0.2338499578125 0.404800384375 0.2594494015625 0.354312240625 0.315251121875 0.3461174734375 0.3366109953125 0.3412635234375 0.41109729687499996 0.3301263859375 0.432147915625 0.315875075 0.44037180625000005 0.3046830921875 0.4336401875 0.2701860328125 0.39390498749999997 0.243993434375 0.3883743859375 0.2197599953125 0.40665970468749996 0.21277508437499998 0.44481262031249996 0.2151948 0.47839870781249993 0.22407676250000003 0.5071087125 0.23867167031249997 0.5239197578125 0.275767503125 0.5389292765625 0.28782574375 0.5374190015625 0.29445979375000003 0.5450603859375 0.314877340625 0.605536946875 0.3302215546875 0.629370865625 0.35571969531250003 0.65566083125 0.4028525015625 0.6883911609375 0.459101175 0.7193019578125 0.5053128765625 0.7324919453125001 0.5465060921875 0.7368215265625 0.579738446875 0.731981446875 0.60339438125 0.719190725 0.634495775 0.678017259375 0.6646760656249999 0.6173034515625 0.68631799375 0.5529145765625 0.7062967718750001 0.391133246875 0.704743315625 0.3493052640625
9 0.4766126578125 0.4253230640625 0.5108830703125 0.42475855781250005 0.56061465 0.43276320625000003 0.56603884375 0.42361154687499997 0.5508664296875 0.412295096875 0.5099619671875 0.40521821718749995 0.45290187968750006 0.41033154843749997 0.4383618171875 0.42130273906250004 0.4766126578125 0.4253230640625
9 0.68436609375 0.45826941874999993 0.67271355625 0.44176762812500003 0.6585791984375 0.434726753125 0.63504021875 0.43225270781249997 0.6119617921875 0.43954883125000005 0.6113842859374999 0.445043428125 0.6183070890625 0.44993751406250004 0.6597890546875 0.4515197984375 0.68436609375 0.45826941874999993
9 0.509728059375 0.4357477515625 0.4803043359375 0.43265519374999994 0.46016828125 0.4402605734375 0.4700334546875 0.4454639171875 0.5187269765625 0.44919298906250005 0.5249004734375 0.4470642015625 0.509728059375 0.4357477515625
9 0.5566890671875 0.45596061250000003 0.5447405140625 0.5130353578125 0.5315272625 0.525534825 0.5262748687500001 0.5472039546875 0.5385049109375 0.5582111484375 0.589274546875 0.570491371875 0.6147178421875 0.5689990984375 0.6295466578125 0.555280609375 0.6307016671875 0.54429141875 0.6212422 0.521076009375 0.607286903125 0.4557233640625 0.597999234375 0.44502542656250005 0.583287371875 0.443479146875 0.5566890671875 0.45596061250000003
9 0.618190134375 0.46520228125 0.6395360484375 0.47438994531249995 0.6676329609375 0.47595422656249997 0.6498069281250001 0.4615812234375 0.6321526921875 0.45972568750000004 0.618190134375 0.46520228125
9 0.47901784843749995 0.6005676328125 0.528343721875 0.62658434375 0.5542475687499999 0.63486224375 0.5705749921875001 0.6351895015625 0.5839600453125 0.635207503125 0.6137894765625 0.6202879953125 0.5847714578125001 0.5991833734374999 0.563886096875 0.5997658796875001 0.5556364859375 0.5933435171875 0.53209750625 0.5908694703124999 0.5226928828124999 0.5954362984375 0.47901784843749995 0.6005676328125
4 0.4383618171875 0.42130273906250004 0.47499709687499997 0.42654208593750004 0.5108830703125 0.42475855781250005 0.56061465 0.43276320625000003 0.56603884375 0.42361154687499997 0.5508664296875 0.412295096875 0.5099619671875 0.40521821718749995 0.45290187968750006 0.41033154843749997 0.4383618171875 0.42130273906250004
3 0.5249004734375 0.4470642015625 0.509728059375 0.4357477515625 0.4803043359375 0.43265519374999994 0.46016828125 0.4402605734375 0.4700334546875 0.4454639171875 0.5171114140624999 0.45041200937500003 0.5249004734375 0.4470642015625
5 0.596307040625 0.6309499296875 0.6108471046874999 0.6199787390625 0.5159418796875 0.60305968125 0.47901784843749995 0.6005676328125 0.528343721875 0.62658434375 0.5689594296875 0.636408521875 0.596307040625 0.6309499296875
10 0.6095202937499999 0.6184504625 0.5847714578125001 0.5991833734374999 0.563886096875 0.5997658796875001 0.5556364859375 0.5933435171875 0.53209750625 0.5908694703124999 0.5226928828124999 0.5954362984375 0.4881337171875 0.5987481015625 0.6095202937499999 0.6184504625
6 0.583287371875 0.443479146875 0.5566890671875 0.45596061250000003 0.5447405140625 0.5130353578125 0.5315272625 0.525534825 0.5262748687500001 0.5472039546875 0.5385049109375 0.5582111484375 0.587658984375 0.5717103921875 0.6147178421875 0.5689990984375 0.6295466578125 0.555280609375 0.6307016671875 0.54429141875 0.6212422 0.521076009375 0.607286903125 0.4557233640625 0.597999234375 0.44502542656250005 0.583287371875 0.443479146875
8 0.6597890546875 0.4515197984375 0.6827505296874999 0.45948844062500005 0.67271355625 0.44176762812500003 0.6585791984375 0.434726753125 0.63504021875 0.43225270781249997 0.6119617921875 0.43954883125000005 0.6113842859374999 0.445043428125 0.6183070890625 0.44993751406250004 0.6597890546875 0.4515197984375
7 0.6609989125 0.468312840625 0.6498069281250001 0.4615812234375 0.6321526921875 0.45972568750000004 0.618190134375 0.46520228125 0.6395360484375 0.47438994531249995 0.6660174 0.4771732484375 0.6609989125 0.468312840625