0 0.4781695265625 0 0 0.0418344125 0 0.5218304734375 0.0418344125 1 0.5218304734375 1 1 0.9581655874999999 1 0.4781695265625 0.9581655874999999 0 0.4781695265625 0
0 0.5869581796875 0.1901054890625 0.5283753953125 0.1724167328125 0.496537 0.1561904921875 0.43583142812500003 0.1576991921875 0.4031907875 0.1757642703125 0.37908748124999997 0.20448947187500002 0.3289000578125 0.23929908437499997 0.300693153125 0.26458095625 0.2820849765625 0.2909242234375 0.2871789828125 0.3056879453125 0.2994897828125 0.316017934375 0.320100153125 0.5081345015625 0.3398159078125 0.5596424671875 0.35755084843749996 0.5885096421875 0.394153115625 0.61572614375 0.41221819374999996 0.6483667843750001 0.43068439375 0.6638617671875 0.517992378125 0.7056538296875 0.5412934390624999 0.711219946875 0.59207014375 0.7048763874999999 0.634309515625 0.687872703125 0.6604646203125 0.6608691671875 0.6999457375 0.547146928125 0.69315486875 0.426065921875 0.7076842484375 0.287910240625 0.6940529062499999 0.26248639375 0.65884216875 0.22944462968749998 0.5869581796875 0.1901054890625
1 0.40024095 0.33762213124999996 0.42983938593750004 0.30651499531250004 0.47314015 0.27991258124999996 0.5071013328125 0.2769413625 0.53040239375 0.28250748125 0.5540335875 0.2918470625 0.6145971828125 0.3321766078125 0.6498079203125 0.36521837343749997 0.6856079390625001 0.42672619218749996 0.6940742875 0.4583054390625 0.70211813125 0.3112113015625 0.7093349250000001 0.3067775640625 0.7076842484375 0.287910240625 0.6940529062499999 0.26248639375 0.65884216875 0.22944462968749998 0.5869581796875 0.1901054890625 0.5283753953125 0.1724167328125 0.496537 0.1561904921875 0.43583142812500003 0.1576991921875 0.4031907875 0.1757642703125 0.37908748124999997 0.20448947187500002 0.300693153125 0.26458095625 0.2820849765625 0.2909242234375 0.2871789828125 0.3056879453125 0.2994897828125 0.316017934375 0.3140157390625 0.4820503828125 0.3320098296875 0.5356101484375 0.32024212812499997 0.466296253125 0.32885045156250003 0.456037253125 0.3439443109375 0.4547167109375 0.35592497500000003 0.461273234375 0.3645332984375 0.451014234375 0.38401470937500004 0.3694605265625 0.40024095 0.33762213124999996
1 0.3350520359375 0.5486522078125 0.34630144218750003 0.568580925 0.3473628359375 0.5589821953125 0.3361134296875 0.539053478125 0.3350520359375 0.5486522078125
1 0.35755084843749996 0.5885096421875 0.368139984375 0.60089143125 0.3692013796875 0.5912927015625 0.35894237812499996 0.582684378125 0.35755084843749996 0.5885096421875
9 0.5540335875 0.2918470625 0.53040239375 0.28250748125 0.5071013328125 0.2769413625 0.47314015 0.27991258124999996 0.42983938593750004 0.30651499531250004 0.40024095 0.33762213124999996 0.38401470937500004 0.3694605265625 0.3645332984375 0.451014234375 0.35592497500000003 0.461273234375 0.3439443109375 0.4547167109375 0.32885045156250003 0.456037253125 0.32024212812499997 0.466296253125 0.32354348125 0.5040309015625 0.35689057812499997 0.5809627140625 0.394153115625 0.61572614375 0.41221819374999996 0.6483667843750001 0.43068439375 0.6638617671875 0.517992378125 0.7056538296875 0.5412934390624999 0.711219946875 0.5903484796875 0.7069281875 0.6449696390625 0.6793353671875 0.6732475328125 0.633134371875 0.7027287953125 0.5354963984375 0.6903718109375 0.43771645000000003 0.6498079203125 0.36521837343749997 0.6145971828125 0.3321766078125 0.5540335875 0.2918470625
9 0.5151417546875 0.4340353546875 0.5179248140625 0.42238482499999996 0.5117694125 0.41721983125 0.46894075781250005 0.4057574609375 0.438753040625 0.40839854375 0.41948459375 0.4271948796875 0.48978889531250003 0.4267475734375 0.509646625 0.43641728906250005 0.5151417546875 0.4340353546875
9 0.5830641203125 0.4280929171875 0.5920025796874999 0.42160738125 0.661646609375 0.41361314531250004 0.6394069453125 0.3984482984375 0.6054457625 0.40141951562499995 0.5869085734375 0.4068436578125 0.567309990625 0.4218665296875 0.569691925 0.427361659375 0.5830641203125 0.4280929171875
9 0.50485795 0.533796115625 0.5151169515625 0.5424044390625 0.5384180109375001 0.54797055625 0.5741008578125 0.5429475375 0.5919777765625 0.529976465625 0.570281209375 0.4558277125 0.552475278125 0.447879659375 0.5263911609374999 0.45396407187500004 0.5184431078125 0.4717700015625 0.5169805921874999 0.498514390625 0.5032072734375 0.5149287921875 0.50485795 0.533796115625
9 0.44165327187500003 0.46327885 0.46700613124999996 0.47056663125 0.49514205 0.46620388437500004 0.50235884375 0.46177015 0.492429978125 0.456935290625 0.44165327187500003 0.46327885
9 0.6286048453124999 0.44882388124999995 0.6021905921874999 0.4511348296875 0.5932521328125 0.45762036406249995 0.6072845984375 0.465898553125 0.6282037218750001 0.4659695390625 0.6501842390625 0.4564418 0.6286048453124999 0.44882388124999995
9 0.563156784375 0.6351613687500001 0.5834156375 0.6276854265625 0.6057972781250001 0.601012025 0.5678034828125 0.5796207921875001 0.5262953703125001 0.58325228125 0.4919330640625 0.6033691578125 0.5110595359375 0.62641106875 0.5463412609375 0.6385337109375 0.563156784375 0.6351613687500001
4 0.5134200890625 0.4360871546875 0.5179248140625 0.42238482499999996 0.5117694125 0.41721983125 0.46894075781250005 0.4057574609375 0.438753040625 0.40839854375 0.41948459375 0.4271948796875 0.48978889531250003 0.4267475734375 0.5134200890625 0.4360871546875
3 0.492429978125 0.456935290625 0.44165327187500003 0.46327885 0.46700613124999996 0.47056663125 0.49342038437499997 0.468255684375 0.50235884375 0.46177015 0.492429978125 0.456935290625
5 0.5463412609375 0.6385337109375 0.5614351203125 0.63721316875 0.5834156375 0.6276854265625 0.6057972781250001 0.601012025 0.5855384234375001 0.6084879671875 0.53270991875 0.6131098625 0.4919330640625 0.6033691578125 0.5110595359375 0.62641106875 0.5463412609375 0.6385337109375
10 0.49537639375 0.5992655578125 0.5958684125 0.5961771671875 0.5678034828125 0.5796207921875001 0.5262953703125001 0.58325228125 0.49537639375 0.5992655578125
2 0.5540301640624999 0.596035190625 0.49947999374999996 0.6027088859374999 0.53270991875 0.6131098625 0.5855384234375001 0.6084879671875 0.5979202124999999 0.59789883125 0.5540301640624999 0.596035190625
6 0.5032072734375 0.5149287921875 0.50485795 0.533796115625 0.5151169515625 0.5424044390625 0.5384180109375001 0.54797055625 0.57237919375 0.5449993375 0.5919777765625 0.529976465625 0.570281209375 0.4558277125 0.552475278125 0.447879659375 0.5263911609374999 0.45396407187500004 0.5184431078125 0.4717700015625 0.5169805921874999 0.498514390625 0.5032072734375 0.5149287921875
8 0.58134245625 0.4301447171875 0.5920025796874999 0.42160738125 0.661646609375 0.41361314531250004 0.6394069453125 0.3984482984375 0.6054457625 0.40141951562499995 0.5869085734375 0.4068436578125 0.567309990625 0.4218665296875 0.58134245625 0.4301447171875
7 0.6286048453124999 0.44882388124999995 0.6021905921874999 0.4511348296875 0.5932521328125 0.45762036406249995 0.62648205625 0.468021340625 0.6501842390625 0.4564418 0.6286048453124999 0.44882388124999995