0 0 0 0 1 1 1 1 0 0 0
0 0.6280991734375 0.12603305781250002 0.566115703125 0.10123966874999998 0.5330578515625 0.0805785125 0.46694214843750004 0.07644628125 0.42975206562499996 0.09297520625 0.400826446875 0.12190082656250001 0.34297520625 0.154958678125 0.3099173546875 0.17975206562499998 0.28719008281249997 0.2066115703125 0.2913223140625 0.22314049531250002 0.3037190078125 0.23553719062499998 0.3078512390625 0.44628099218750006 0.324380165625 0.5041322312500001 0.34090909062499997 0.5371900828125 0.3780991734375 0.570247934375 0.3946280984375 0.6074380171875 0.413223140625 0.6260330578125 0.5041322312500001 0.679752065625 0.5289256203125 0.6880165296875 0.58471074375 0.6859504125 0.6322314046875 0.671487603125 0.663223140625 0.6446280984375 0.7169421484375 0.5247933890625001 0.7210743796875 0.3925619828125 0.75 0.24380165312500002 0.73760330625 0.21487603281249998 0.7024793390624999 0.175619834375 0.6280991734375 0.12603305781250002
1 0.41115702499999995 0.268595040625 0.44628099218750006 0.23760330624999998 0.49586776875 0.21280991718750003 0.5330578515625 0.21280991718750003 0.5578512390625 0.22107437968750002 0.582644628125 0.23347107500000003 0.6446280984375 0.2830578515625 0.679752065625 0.32231405 0.7128099171875 0.3925619828125 0.7190082640625 0.42768595 0.7417355375 0.268595040625 0.75 0.264462809375 0.75 0.24380165312500002 0.73760330625 0.21487603281249998 0.7024793390624999 0.175619834375 0.6280991734375 0.12603305781250002 0.566115703125 0.10123966874999998 0.5330578515625 0.0805785125 0.46694214843750004 0.07644628125 0.42975206562499996 0.09297520625 0.400826446875 0.12190082656250001 0.3099173546875 0.17975206562499998 0.28719008281249997 0.2066115703125 0.2913223140625 0.22314049531250002 0.3037190078125 0.23553719062499998 0.3037190078125 0.417355371875 0.31818181874999996 0.47727272656249997 0.3119834703125 0.400826446875 0.32231405 0.39049586718749996 0.338842975 0.39049586718749996 0.35123966875 0.39876033125 0.36157024843749996 0.38842975156250004 0.39049586718749996 0.3016528921875 0.41115702499999995 0.268595040625
1 0.320247934375 0.4917355375 0.3305785125 0.514462809375 0.332644628125 0.5041322312500001 0.32231405 0.481404959375 0.320247934375 0.4917355375
1 0.34090909062499997 0.5371900828125 0.35123966875 0.5516528921875 0.353305784375 0.5413223140625 0.34297520625 0.5309917359375 0.34090909062499997 0.5371900828125
9 0.582644628125 0.23347107500000003 0.5578512390625 0.22107437968750002 0.5330578515625 0.21280991718750003 0.49586776875 0.21280991718750003 0.44628099218750006 0.23760330624999998 0.41115702499999995 0.268595040625 0.39049586718749996 0.3016528921875 0.36157024843749996 0.38842975156250004 0.35123966875 0.39876033125 0.338842975 0.39049586718749996 0.32231405 0.39049586718749996 0.3119834703125 0.400826446875 0.3119834703125 0.4421487609375 0.34090909062499997 0.5289256203125 0.3780991734375 0.570247934375 0.3946280984375 0.6074380171875 0.413223140625 0.6260330578125 0.5041322312500001 0.679752065625 0.5289256203125 0.6880165296875 0.582644628125 0.6880165296875 0.6446280984375 0.663223140625 0.679752065625 0.6157024796874999 0.7210743796875 0.51239669375 0.7169421484375 0.404958678125 0.679752065625 0.32231405 0.6446280984375 0.2830578515625 0.582644628125 0.23347107500000003
9 0.5268595046875 0.3842975203125 0.5309917359375 0.3719008265625 0.5247933890625001 0.3657024796875 0.47933884375 0.349173553125 0.44628099218750006 0.349173553125 0.42355371875000003 0.3677685953125 0.5 0.3739669421875 0.52066115625 0.3863636359375 0.5268595046875 0.3842975203125
9 0.60123966875 0.3842975203125 0.6115702484375001 0.3780991734375 0.6880165296875 0.3760330578125 0.66528925625 0.3574380171875 0.6280991734375 0.3574380171875 0.6074380171875 0.36157024843749996 0.58471074375 0.3760330578125 0.586776859375 0.3822314046875 0.60123966875 0.3842975203125
9 0.506198346875 0.4917355375 0.516528925 0.502066115625 0.5413223140625 0.5103305781249999 0.5805785125 0.5082644625 0.60123966875 0.49586776875 0.58471074375 0.413223140625 0.566115703125 0.40289256250000005 0.5371900828125 0.40702479374999995 0.5268595046875 0.42561983437500006 0.5227272734375 0.45454545468749996 0.506198346875 0.4710743796875 0.506198346875 0.4917355375
9 0.4442148765625 0.409090909375 0.4710743796875 0.4194214875 0.502066115625 0.417355371875 0.5103305781249999 0.413223140625 0.5 0.40702479374999995 0.4442148765625 0.409090909375
9 0.64876033125 0.41115702499999995 0.6198347109375 0.41115702499999995 0.6095041328125 0.417355371875 0.6239669421875 0.42768595 0.646694215625 0.42975206562499996 0.671487603125 0.421487603125 0.64876033125 0.41115702499999995
9 0.5599173546875 0.6074380171875 0.582644628125 0.60123966875 0.6095041328125 0.5743801656249999 0.570247934375 0.5475206609375001 0.5247933890625001 0.5475206609375001 0.485537190625 0.566115703125 0.5041322312500001 0.59297520625 0.5413223140625 0.6095041328125 0.5599173546875 0.6074380171875
4 0.5247933890625001 0.3863636359375 0.5309917359375 0.3719008265625 0.5247933890625001 0.3657024796875 0.47933884375 0.349173553125 0.44628099218750006 0.349173553125 0.42355371875000003 0.3677685953125 0.5 0.3739669421875 0.5247933890625001 0.3863636359375
3 0.5 0.40702479374999995 0.4442148765625 0.409090909375 0.4710743796875 0.4194214875 0.5 0.4194214875 0.5103305781249999 0.413223140625 0.5 0.40702479374999995
5 0.5413223140625 0.6095041328125 0.5578512390625 0.6095041328125 0.582644628125 0.60123966875 0.6095041328125 0.5743801656249999 0.586776859375 0.5805785125 0.5289256203125 0.5805785125 0.485537190625 0.566115703125 0.5041322312500001 0.59297520625 0.5413223140625 0.6095041328125
10 0.48966942187500007 0.5619834703125 0.599173553125 0.5681818187500001 0.570247934375 0.5475206609375001 0.5247933890625001 0.5475206609375001 0.48966942187500007 0.5619834703125
2 0.5537190078124999 0.5640495875 0.49380165312499996 0.566115703125 0.5289256203125 0.5805785125 0.586776859375 0.5805785125 0.60123966875 0.570247934375 0.5537190078124999 0.5640495875
6 0.506198346875 0.4710743796875 0.506198346875 0.4917355375 0.516528925 0.502066115625 0.5413223140625 0.5103305781249999 0.578512396875 0.5103305781249999 0.60123966875 0.49586776875 0.58471074375 0.413223140625 0.566115703125 0.40289256250000005 0.5371900828125 0.40702479374999995 0.5268595046875 0.42561983437500006 0.5227272734375 0.45454545468749996 0.506198346875 0.4710743796875
8 0.599173553125 0.3863636359375 0.6115702484375001 0.3780991734375 0.6880165296875 0.3760330578125 0.66528925625 0.3574380171875 0.6280991734375 0.3574380171875 0.6074380171875 0.36157024843749996 0.58471074375 0.3760330578125 0.599173553125 0.3863636359375
7 0.64876033125 0.41115702499999995 0.6198347109375 0.41115702499999995 0.6095041328125 0.417355371875 0.6446280984375 0.43181818125 0.671487603125 0.421487603125 0.64876033125 0.41115702499999995