0 0.4606491453125 0 0 0.0729596578125 0 0.5393508546875 0.0729596578125 1 0.5393508546875 1 1 0.9270403421875001 1 0.4606491453125 0.9270403421875001 0 0.4606491453125 0
0 0.6825252500000001 0.3296109984375 0.68951014375 0.2931347390625 0.687460784375 0.280195590625 0.6389721015625 0.23592581406250002 0.5754078265625 0.21062344375 0.5318589578124999 0.204257171875 0.4488599390625 0.21740292499999997 0.3896847125 0.2466709640625 0.3498673859375 0.27729425625 0.26429813750000003 0.36821888281250004 0.24008155000000003 0.376475659375 0.22899793750000003 0.3870736203125 0.2144731078125 0.38937412656250003 0.1746813984375 0.406729628125 0.1687980328125 0.409872084375 0.1656727609375 0.4169989453125 0.15563944375 0.42079868906250006 0.1464472171875 0.43662364218749994 0.14363789062500001 0.459174821875 0.154934984375 0.5170723453125 0.17870755 0.5597302156249999 0.200614340625 0.583893303125 0.23604689531249998 0.586018515625 0.24739522187500002 0.61738045625 0.277734271875 0.6612089171875 0.3118817125 0.7022235671875 0.32913902031250003 0.717175259375 0.3866363390625 0.75117571875 0.4267183796875 0.7625123265625 0.4744172 0.7682213124999999 0.5271582953125 0.7587626328125 0.5664248578125 0.744806240625 0.61559238125 0.706070153125 0.630142825 0.6905018546874999 0.670878090625 0.6321003921874999 0.6865300624999999 0.5831982906250001 0.6953252187500001 0.5044334859374999 0.692037696875 0.416529275 0.6825252500000001 0.3296109984375
9 0.692037696875 0.416529275 0.68454899375 0.3558179390625 0.684258665625 0.32712582968750004 0.679084034375 0.3213135421875 0.679451209375 0.3102022734375 0.674276578125 0.30438998906250003 0.662612309375 0.25760373125 0.6389721015625 0.23592581406250002 0.60235689375 0.219618865625 0.5643498296875 0.20795361406250001 0.5318589578124999 0.204257171875 0.4488599390625 0.21740292499999997 0.3896847125 0.2466709640625 0.3498673859375 0.27729425625 0.26429813750000003 0.36821888281250004 0.23246476875000002 0.3821032828125 0.22742249375 0.3972709484375 0.22561223125000002 0.43955949375000003 0.2212786921875 0.44577241562500003 0.213162378125 0.44153135624999995 0.20488809218749998 0.429578140625 0.1940136828125 0.42135267499999995 0.1674061765625 0.4145137765625 0.15563944375 0.42079868906250006 0.14957248750000002 0.42949677968750005 0.1450553625 0.44126533593749995 0.14363789062500001 0.459174821875 0.154934984375 0.5170723453125 0.17870755 0.5597302156249999 0.200614340625 0.583893303125 0.23604689531249998 0.586018515625 0.24739522187500002 0.61738045625 0.277734271875 0.6612089171875 0.3118817125 0.7022235671875 0.32913902031250003 0.717175259375 0.3866363390625 0.75117571875 0.4267183796875 0.7625123265625 0.4744172 0.7682213124999999 0.5262915875 0.7600052171875 0.5664248578125 0.744806240625 0.61559238125 0.706070153125 0.630142825 0.6905018546874999 0.670878090625 0.6321003921874999 0.6865300624999999 0.5831982906250001 0.6953252187500001 0.5044334859374999 0.692037696875 0.416529275
9 0.41926379531249997 0.325989753125 0.3895310171875 0.32627771875 0.354256434375 0.3318646640625 0.3165397 0.34889151875 0.30338111093750003 0.3598181265625 0.292113909375 0.37597172031250004 0.28793834375 0.3898968015625 0.28948817187500003 0.3929672671875 0.2924298546875 0.3913960390625 0.304721734375 0.38171201718750003 0.33240515312499996 0.36848490312500004 0.362846665625 0.35924219687500003 0.4250959296875 0.34938288125 0.44030387812500005 0.351395425 0.44534615312500003 0.3362277609375 0.436888278125 0.3298301765625 0.41926379531249997 0.325989753125
9 0.5412945578125 0.3309788265625 0.5907524109375 0.3209348515625 0.6336181609375 0.3229880734375 0.6572839828125 0.33139820000000003 0.6343525125 0.3007655375 0.5928786171875 0.2940706234375 0.5454957406250001 0.3037859546875 0.5316540328125 0.3103995109375 0.51382034375 0.3253825140625 0.5145034640625 0.3296955640625 0.52745285 0.3375923828125 0.5412945578125 0.3309788265625
9 0.4307188625 0.3915994375 0.4122532859375 0.3757338046875 0.3963622171875 0.3694082125 0.3714625109375 0.3733519390625 0.3449617453125 0.40076078437499996 0.37104410468750004 0.410998790625 0.40545197968749996 0.4066544296875 0.4307188625 0.3915994375
9 0.5650415062499999 0.3869044890625 0.584924553125 0.384860634375 0.6041244796874999 0.37850373125000003 0.61988319375 0.3638493734375 0.6014176171875001 0.34798374062500004 0.5855265484375 0.34165815 0.560968403125 0.34775839999999997 0.5495432296875 0.3561998359375 0.5327342203125001 0.3776524140625 0.5650415062499999 0.3869044890625
9 0.467227328125 0.37365863906249996 0.45561856718750005 0.3876557109375 0.4530483390625 0.46543458437499996 0.440547253125 0.49394203281250004 0.4432797328125 0.5111942296875001 0.45173760781250005 0.5175918140625 0.482836625 0.5259299484375 0.50962771875 0.5272132125 0.5485527203125 0.5111002953125 0.559819921875 0.4949467 0.557429003125 0.47985102656249995 0.5408804296875 0.45594459218749994 0.5161344171875 0.380281565625 0.507334984375 0.37172745625000003 0.491443915625 0.36540186406249997 0.467227328125 0.37365863906249996
9 0.472726459375 0.56953306875 0.448851434375 0.57994636875 0.42773450312500005 0.5943440765625 0.4216675484375 0.603042165625 0.438766884375 0.6102816984375 0.4536332734375 0.610137715625 0.47367429375 0.615806021875 0.488199121875 0.6135055140625 0.49925711875 0.6161753437499999 0.533323434375 0.6096744578125 0.5642900953125001 0.59703264375 0.5821237828125 0.5820496390625001 0.5643413265625 0.5704970578124999 0.5373922609374999 0.561501634375 0.5124925546875 0.5654453609375001 0.502800796875 0.5714016296875 0.4893262640625 0.56690391875 0.472726459375 0.56953306875
1 0.6827088375 0.3240553640625 0.68951014375 0.2931347390625 0.687460784375 0.280195590625 0.663820575 0.258517671875 0.674276578125 0.30438998906250003 0.679451209375 0.3102022734375 0.679084034375 0.3213135421875 0.6827088375 0.3240553640625
1 0.20488809218749998 0.429578140625 0.213162378125 0.44153135624999995 0.2212786921875 0.44577241562500003 0.22666252656250002 0.432761275 0.22899793750000003 0.3870736203125 0.2144731078125 0.38937412656250003 0.16793132500000002 0.41111466874999997 0.1698227125 0.4163416578125 0.1940136828125 0.42135267499999995 0.20488809218749998 0.429578140625
4 0.41926379531249997 0.325989753125 0.3895310171875 0.32627771875 0.354256434375 0.3318646640625 0.3165397 0.34889151875 0.30338111093750003 0.3598181265625 0.292113909375 0.37597172031250004 0.28793834375 0.3898968015625 0.291563146875 0.3926386234375 0.3106051015625 0.3785695609375 0.362846665625 0.35924219687500003 0.4250959296875 0.34938288125 0.44030387812500005 0.351395425 0.44534615312500003 0.3362277609375 0.436888278125 0.3298301765625 0.41926379531249997 0.325989753125
3 0.404585271875 0.40789701406249995 0.4307188625 0.3915994375 0.4122532859375 0.3757338046875 0.3963622171875 0.3694082125 0.3714625109375 0.3733519390625 0.3449617453125 0.40076078437499996 0.37104410468750004 0.410998790625 0.404585271875 0.40789701406249995
10 0.448851434375 0.57994636875 0.42340096406249994 0.6005569984375 0.5197165453125 0.5841967968749999 0.5767655625 0.5817929875 0.5643413265625 0.5704970578124999 0.5373922609374999 0.561501634375 0.5124925546875 0.5654453609375001 0.502800796875 0.5714016296875 0.4893262640625 0.56690391875 0.472726459375 0.56953306875 0.448851434375 0.57994636875
5 0.4536332734375 0.610137715625 0.47367429375 0.615806021875 0.488199121875 0.6135055140625 0.49925711875 0.6161753437499999 0.5324567265625 0.6109170421875 0.5642900953125001 0.59703264375 0.5821237828125 0.5820496390625001 0.5197165453125 0.5841967968749999 0.436717525 0.59734255 0.4237425234375 0.6027135218749999 0.438766884375 0.6102816984375 0.4536332734375 0.610137715625
6 0.491443915625 0.36540186406249997 0.467227328125 0.37365863906249996 0.45561856718750005 0.3876557109375 0.4530483390625 0.46543458437499996 0.440547253125 0.49394203281250004 0.4432797328125 0.5111942296875001 0.45173760781250005 0.5175918140625 0.482836625 0.5259299484375 0.5087610109375 0.528455796875 0.5485527203125 0.5111002953125 0.559819921875 0.4949467 0.557429003125 0.47985102656249995 0.5408804296875 0.45594459218749994 0.5161344171875 0.380281565625 0.507334984375 0.37172745625000003 0.491443915625 0.36540186406249997
8 0.5145034640625 0.3296955640625 0.52745285 0.3375923828125 0.5412945578125 0.3309788265625 0.5907524109375 0.3209348515625 0.6336181609375 0.3229880734375 0.6540007390625 0.330812903125 0.6545258875 0.32741379375 0.6343525125 0.3007655375 0.5928786171875 0.2940706234375 0.5454957406250001 0.3037859546875 0.5316540328125 0.3103995109375 0.51382034375 0.3253825140625 0.5145034640625 0.3296955640625
7 0.5327342203125001 0.3776524140625 0.5650415062499999 0.3869044890625 0.5840578453124999 0.38610321875000003 0.6041244796874999 0.37850373125000003 0.61988319375 0.3638493734375 0.6014176171875001 0.34798374062500004 0.5855265484375 0.34165815 0.560968403125 0.34775839999999997 0.5495432296875 0.3561998359375 0.5327342203125001 0.3776524140625