0 0.1022820421875 0 0 0.44303219687500006 0 0.8977179578125 0.44303219687500006 1 0.8977179578125 1 1 0.5569678031249999 1 0.1022820421875 0.5569678031249999 0 0.1022820421875 0
0 0.7329984375 0.367400375 0.7536680421875 0.3353542453125 0.756694290625 0.32224612656249996 0.72759835 0.2614522375 0.6768701484374999 0.21292262499999998 0.6378976859375001 0.19011834218749998 0.55390026875 0.1707260109375 0.48636283125 0.1758439375 0.4367160671875 0.1896945109375 0.3203659890625 0.24337253906249998 0.29415801406250003 0.24192421249999999 0.279540903125 0.24775410781249999 0.26484135468750003 0.24436044843750002 0.220320771875 0.24558771406250002 0.213516590625 0.24631797500000002 0.207803596875 0.2519024171875 0.1967995453125 0.2516630625 0.181971465625 0.2631970765625 0.1706279125 0.283589515625 0.159109734375 0.3430608515625 0.165317353125 0.392817728125 0.17686212343750002 0.424247178125 0.2097457484375 0.4398929171875 0.20847993593749997 0.47411763437500004 0.22048298437499997 0.5275136234375 0.23719028125000002 0.5796945421874999 0.2478548328125 0.600565690625 0.2894679484375 0.6550448765625 0.323231790625 0.681248915625 0.3664041234375 0.7050228171875 0.42020466562500003 0.7162930843749999 0.46291871875 0.71810044375 0.524578284375 0.700119853125 0.5444040171875 0.690890203125 0.605605303125 0.650943071875 0.639296459375 0.6103975515625 0.6779489234375 0.538781615625 0.7086235828125 0.4538182078125 0.7329984375 0.367400375
9 0.7086235828125 0.4538182078125 0.7248460062500001 0.39313180000000003 0.7356027468749999 0.365700496875 0.7329159984375 0.358176821875 0.7375378078125 0.3477381984375 0.7348510609375001 0.340214521875 0.7417474296875 0.2911818078125 0.72759835 0.2614522375 0.6990431265625 0.23184844375 0.667379221875 0.2061292125 0.6378976859375001 0.19011834218749998 0.55390026875 0.1707260109375 0.48636283125 0.1758439375 0.4367160671875 0.1896945109375 0.3203659890625 0.24337253906249998 0.28474952343750004 0.24435435156250002 0.2741213140625 0.2568579828125 0.25613845625 0.2964277875 0.24962768125 0.3006774828125 0.24353884374999998 0.29351893906250004 0.240265284375 0.278956396875 0.233085259375 0.2669436703125 0.21040790625 0.250202540625 0.1967995453125 0.2516630625 0.187684459375 0.257612634375 0.17886278125 0.267081640625 0.1706279125 0.283589515625 0.159109734375 0.3430608515625 0.165317353125 0.392817728125 0.17686212343750002 0.424247178125 0.2097457484375 0.4398929171875 0.20847993593749997 0.47411763437500004 0.22048298437499997 0.5275136234375 0.23719028125000002 0.5796945421874999 0.2478548328125 0.600565690625 0.2894679484375 0.6550448765625 0.323231790625 0.681248915625 0.3664041234375 0.7050228171875 0.41890251093749997 0.7171430234375 0.46291871875 0.71810044375 0.524578284375 0.700119853125 0.5444040171875 0.690890203125 0.605605303125 0.650943071875 0.639296459375 0.6103975515625 0.6779489234375 0.538781615625 0.7086235828125 0.4538182078125
9 0.4839960828125 0.26274048125 0.455605734375 0.25158379218750004 0.41990683124999995 0.2433420515625 0.37748618437500003 0.245054125 0.3607691375 0.2503992109375 0.34384112187500004 0.2614484171875 0.33451506875 0.2731021109375 0.334808475 0.27662154375000003 0.33821056562499996 0.2762564125 0.35362545624999997 0.271761265625 0.38504205156250004 0.26980983593749996 0.4175498328125 0.2727125875 0.480547896875 0.28725683750000003 0.494238696875 0.2950198671875 0.50486690625 0.2825162359375 0.49928244218750006 0.27317300625 0.4839960828125 0.26274048125
9 0.5981442859375 0.314406103125 0.6490471109375 0.323856815625 0.6890283234375 0.3422917265625 0.7083035843750001 0.3593979890625 0.6982719390625001 0.32141448125 0.6613994125 0.29909500625 0.612596521875 0.29012910000000003 0.596888225 0.2911048140625 0.5741647765625 0.2985149109375 0.573156028125 0.3028842828125 0.5824359875 0.315381815625 0.5981442859375 0.314406103125
9 0.4696626265625 0.32961581562500003 0.45820029375000004 0.3074099203125 0.44551824375000004 0.295277515625 0.4203190171875 0.28945981718749997 0.3845740203125 0.3053693015625 0.40544484374999995 0.3251450578125 0.4398415921875 0.3342367390625 0.4696626265625 0.32961581562500003
9 0.5992257203125 0.3767862890625 0.6189229187499999 0.38248431250000003 0.6396288703125 0.3838129609375 0.6602523812500001 0.3759180578125 0.6487900484375 0.3537121609375 0.6361079984375 0.34157975937499996 0.610404396875 0.3379467453125 0.5962916609375 0.341591953125 0.5720550906249999 0.35555610937500004 0.5992257203125 0.3767862890625
9 0.51128549375 0.32656899375 0.4948618515625 0.3354335140625 0.46250919375 0.40850387499999996 0.43965721562500004 0.43084164375 0.43562221875 0.448319134375 0.44120668125 0.4576623640625 0.46757953125 0.4775577984375 0.49256778749999997 0.48907961718750004 0.5357862156250001 0.48870229218750005 0.55271423125 0.477653084375 0.556244853125 0.46236028124999995 0.549697734375 0.43323519531250004 0.55525560625 0.3516776421875 0.5501755171875 0.3401497234375 0.5374934687499999 0.328017321875 0.51128549375 0.32656899375
9 0.4411969296875 0.5151883703125 0.41448458125 0.515924728125 0.3888634171875 0.52151526875 0.3797483328125 0.5274648421875 0.3932281640625 0.5409319921875 0.40742333750000004 0.5465103375 0.4243052578125 0.5596123562499999 0.4390048078125 0.563006015625 0.44849573437499995 0.569799428125 0.48339685781249997 0.576706421875 0.5177111703125 0.57657455 0.5404346171875 0.5691644546875 0.527963534375 0.55132793125 0.50579055625 0.5324021140624999 0.48059133125000003 0.5265844140625 0.469082903125 0.5285297453125 0.4579964140625 0.5190668374999999 0.4411969296875 0.5151883703125
1 0.735309340625 0.36218106250000004 0.7536680421875 0.3353542453125 0.756694290625 0.32224612656249996 0.742545209375 0.29251655625 0.7348510609375001 0.340214521875 0.7375378078125 0.3477381984375 0.7329159984375 0.358176821875 0.735309340625 0.36218106250000004
1 0.240265284375 0.278956396875 0.24353884374999998 0.29351893906250004 0.24962768125 0.3006774828125 0.259751515625 0.2903585375 0.279540903125 0.24775410781249999 0.26484135468750003 0.24436044843750002 0.2122144359375 0.2471679140625 0.21200346718750002 0.252872034375 0.233085259375 0.2669436703125 0.240265284375 0.278956396875
4 0.4839960828125 0.26274048125 0.455605734375 0.25158379218750004 0.41990683124999995 0.2433420515625 0.37748618437500003 0.245054125 0.3607691375 0.2503992109375 0.34384112187500004 0.2614484171875 0.33451506875 0.2731021109375 0.3369084109375 0.27710635156249996 0.3604296375 0.271031003125 0.4175498328125 0.2727125875 0.480547896875 0.28725683750000003 0.494238696875 0.2950198671875 0.50486690625 0.2825162359375 0.49928244218750006 0.27317300625 0.4839960828125 0.26274048125
3 0.4385394359375 0.33508667812500004 0.4696626265625 0.32961581562500003 0.45820029375000004 0.3074099203125 0.44551824375000004 0.295277515625 0.4203190171875 0.28945981718749997 0.3845740203125 0.3053693015625 0.40544484374999995 0.3251450578125 0.4385394359375 0.33508667812500004
10 0.41448458125 0.515924728125 0.38235264375 0.5257649640625 0.48025183125000004 0.5472162078125 0.535436965625 0.566860090625 0.527963534375 0.55132793125 0.50579055625 0.5324021140624999 0.48059133125000003 0.5265844140625 0.469082903125 0.5285297453125 0.4579964140625 0.5190668374999999 0.4411969296875 0.5151883703125 0.41448458125 0.515924728125
5 0.40742333750000004 0.5465103375 0.4243052578125 0.5596123562499999 0.4390048078125 0.563006015625 0.44849573437499995 0.569799428125 0.482094703125 0.5775563609375001 0.5177111703125 0.57657455 0.5404346171875 0.5691644546875 0.48025183125000004 0.5472162078125 0.3962544109375 0.5278238765625 0.38184826875 0.5279496499999999 0.3932281640625 0.5409319921875 0.40742333750000004 0.5465103375
6 0.5374934687499999 0.328017321875 0.51128549375 0.32656899375 0.4948618515625 0.3354335140625 0.46250919375 0.40850387499999996 0.43965721562500004 0.43084164375 0.43562221875 0.448319134375 0.44120668125 0.4576623640625 0.46757953125 0.4775577984375 0.4912656328125 0.48992955625 0.5357862156250001 0.48870229218750005 0.55271423125 0.477653084375 0.556244853125 0.46236028124999995 0.549697734375 0.43323519531250004 0.55525560625 0.3516776421875 0.5501755171875 0.3401497234375 0.5374934687499999 0.328017321875
8 0.573156028125 0.3028842828125 0.5824359875 0.315381815625 0.5981442859375 0.314406103125 0.6490471109375 0.323856815625 0.6890283234375 0.3422917265625 0.70540586875 0.3575784328125 0.7072123984375 0.35454380625000004 0.6982719390625001 0.32141448125 0.6613994125 0.29909500625 0.612596521875 0.29012910000000003 0.596888225 0.2911048140625 0.5741647765625 0.2985149109375 0.573156028125 0.3028842828125
7 0.5720550906249999 0.35555610937500004 0.5992257203125 0.3767862890625 0.617620765625 0.38333425 0.6396288703125 0.3838129609375 0.6602523812500001 0.3759180578125 0.6487900484375 0.3537121609375 0.6361079984375 0.34157975937499996 0.610404396875 0.3379467453125 0.5962916609375 0.341591953125 0.5720550906249999 0.35555610937500004