0 0.095107984375 0 0 0.447447884375 0 0.904892015625 0.447447884375 1 0.904892015625 1 1 0.552552115625 1 0.095107984375 0.552552115625 0 0.095107984375 0
0 0.277990390625 0.5631767156249999 0.2942849171875 0.62472775625 0.3453474640625 0.7023821 0.383374390625 0.730795609375 0.45985581093750005 0.7441478609375001 0.510734696875 0.7259187359375 0.55495325 0.69756078125 0.6188266171875 0.61819743125 0.6629026484375 0.6043310671875 0.7099114015625 0.52138303125 0.718180615625 0.48247943437499996 0.6992384125 0.461026884375 0.7320302296875 0.33439567187499997 0.7234348296875 0.291907390625 0.6856929468749999 0.2345107015625 0.5782724984375001 0.159399 0.473540865625 0.1545638640625 0.41141890468750003 0.1704032 0.360397496875 0.20312391718749997 0.31693269375 0.26939898125 0.2956689984375 0.369436803125 0.27776558906250004 0.3569181875 0.25395559843750004 0.37218785468750004 0.24568638437499998 0.4110914515625 0.24719388437499998 0.486925675 0.257113121875 0.5093647109375 0.2806380671875 0.5230782234375 0.277990390625 0.5631767156249999
9 0.2942849171875 0.62472775625 0.3453474640625 0.7023821 0.3855945015625 0.7341718859374999 0.45985581093750005 0.7441478609375001 0.510734696875 0.7259187359375 0.55495325 0.69756078125 0.6188266171875 0.61819743125 0.6629026484375 0.6043310671875 0.7099114015625 0.52138303125 0.718180615625 0.48247943437499996 0.7070800609375001 0.4655980546875 0.665224140625 0.48284069374999994 0.6867728796875 0.35381969375 0.6695820828125 0.2688431296875 0.6540413078125 0.2452091984375 0.5768061375 0.1939398359375 0.5037261453124999 0.178406203125 0.4427855 0.188687884375 0.4189755078125 0.20395755000000002 0.3642676296875 0.2678428265625 0.3146112 0.390889353125 0.3055882359375 0.3918758390625 0.27776558906250004 0.3569181875 0.25395559843750004 0.37218785468750004 0.24568638437499998 0.4110914515625 0.24719388437499998 0.486925675 0.257113121875 0.5093647109375 0.2806380671875 0.5230782234375 0.277990390625 0.5631767156249999 0.2942849171875 0.62472775625
9 0.378953271875 0.37842629375 0.348340428125 0.398058721875 0.407957234375 0.407826290625 0.441543940625 0.4294872484375 0.46180998124999995 0.43089055 0.46639272500000006 0.42315151249999994 0.4138638171875 0.3800380046875 0.378953271875 0.37842629375
9 0.5677229296874999 0.43016802812500005 0.52038799375 0.43172418593749995 0.5101837125 0.43826832812500005 0.513442615625 0.4505785359375 0.585483815625 0.45717823593749995 0.6258733765625 0.47447643125 0.6115139171874999 0.44528484375 0.5677229296874999 0.43016802812500005
9 0.43681867499999993 0.45171787500000005 0.4100348234375 0.425694153125 0.3661013140625 0.4250689296875 0.38622483281250003 0.4409638203125 0.43681867499999993 0.45171787500000005
9 0.581939865625 0.47385120625 0.5425891015625 0.46548694375000005 0.5199604265625 0.47519895312499993 0.5300221859375001 0.48314639843749996 0.5772146015625 0.49608183281249996 0.5930404203124999 0.490732584375 0.581939865625 0.47385120625
9 0.4536832875 0.4553025578125 0.39987168125 0.54261335625 0.414231140625 0.5718049421875 0.43775608593750004 0.5855184546875 0.47488674062499997 0.5905064421875 0.49751541406250005 0.5807944328125 0.5030958140624999 0.47161426874999995 0.491995259375 0.454732890625 0.46388757031249994 0.44875841562499996 0.4536832875 0.4553025578125
9 0.49458269374999997 0.6498761046875 0.45537445 0.62702025 0.3664686375 0.6168358671874999 0.4055343578125 0.654183309375 0.45390808906249996 0.6615610859375 0.49458269374999997 0.6498761046875
1 0.6772812109374999 0.28790588906250003 0.6858766078125 0.3303941703125 0.6674442515625 0.4862169703125 0.6980570968750001 0.4665845421875 0.7320302296875 0.33439567187499997 0.7234348296875 0.291907390625 0.6856929468749999 0.2345107015625 0.6096390921875 0.1776836828125 0.5445432703125 0.15222963125 0.473540865625 0.1545638640625 0.41141890468750003 0.1704032 0.3456104703125 0.2174070984375 0.31693269375 0.26939898125 0.29448768125 0.3749944609375 0.3055882359375 0.3918758390625 0.3237766875 0.3754112765625 0.3459366546875 0.298798978125 0.3642676296875 0.2678428265625 0.4189755078125 0.20395755000000002 0.4427855 0.188687884375 0.5037261453124999 0.178406203125 0.5768061375 0.1939398359375 0.6540413078125 0.2452091984375 0.6772812109374999 0.28790588906250003
4 0.52038799375 0.43172418593749995 0.5101837125 0.43826832812500005 0.5156627281249999 0.45395481093749995 0.5629976640625001 0.45239865625000003 0.6258733765625 0.47447643125 0.6115139171874999 0.44528484375 0.5677229296874999 0.43016802812500005 0.52038799375 0.43172418593749995
3 0.5425891015625 0.46548694375000005 0.5199604265625 0.47519895312499993 0.5322422984374999 0.48652267499999996 0.5772146015625 0.49608183281249996 0.5930404203124999 0.490732584375 0.581939865625 0.47385120625 0.5425891015625 0.46548694375000005
5 0.4181012734375 0.636523853125 0.3664686375 0.6168358671874999 0.40775447031249995 0.6575595859375001 0.45390808906249996 0.6615610859375 0.49458269374999997 0.6498761046875 0.4181012734375 0.636523853125
6 0.39987168125 0.54261335625 0.414231140625 0.5718049421875 0.439976196875 0.58889473125 0.47488674062499997 0.5905064421875 0.49751541406250005 0.5807944328125 0.5030958140624999 0.47161426874999995 0.491995259375 0.454732890625 0.46388757031249994 0.44875841562499996 0.4536832875 0.4553025578125 0.39987168125 0.54261335625
10 0.45537445 0.62702025 0.37771171406250004 0.61922565625 0.4181012734375 0.636523853125 0.4788993953125 0.6407337625 0.45537445 0.62702025
8 0.348340428125 0.398058721875 0.407957234375 0.407826290625 0.4437640515625 0.432863521875 0.46639272500000006 0.42315151249999994 0.4138638171875 0.3800380046875 0.378953271875 0.37842629375 0.348340428125 0.398058721875
7 0.4100348234375 0.425694153125 0.3661013140625 0.4250689296875 0.38844494375 0.444340096875 0.43681867499999993 0.45171787500000005 0.4100348234375 0.425694153125