0 0.4956365609375 0 0 0.008651368750000001 0 0.5043634390625 0.008651368750000001 1 0.5043634390625 1 1 0.99134863125 1 0.4956365609375 0.99134863125 0 0.4956365609375 0
0 0.7410521921875 0.45230753437500004 0.7299945812499999 0.44162932499999996 0.72961518125 0.41989350625000005 0.74935915 0.305401053125 0.7155223703125 0.2353287390625 0.6629987234375 0.18460724374999998 0.5753914953125 0.14808716093750002 0.48301426249999996 0.1496996109375 0.4074131453125 0.1781972859375 0.35144739375 0.2416836921875 0.325415821875 0.3073654015625 0.327028271875 0.3997426328125 0.3059564015625 0.43815971875 0.302040046875 0.5251978453125 0.30813795312500003 0.5631406796875 0.34093138125 0.5734394890625001 0.3475035375 0.6385520984374999 0.3781965140625 0.6842190390625 0.44969157812500005 0.7318915828125 0.5448332140625001 0.7329486828125 0.5962186593750001 0.7184627203125 0.63378209375 0.690628996875 0.668486275 0.6546917640625 0.68917874375 0.5945388625 0.7215927718749999 0.5831018515624999 0.73122763125 0.5122707390625 0.7417161421875 0.49034521875000003 0.7410521921875 0.45230753437500004
9 0.7417161421875 0.49034521875000003 0.7410521921875 0.45230753437500004 0.7272301796875 0.438959771875 0.697865103125 0.4693682 0.697011453125 0.42046260625 0.6792868375000001 0.3392378328125 0.6678498265624999 0.3068238046875 0.6484990093749999 0.28813693749999997 0.44763237968749997 0.302514296875 0.4257068609375 0.2920257890625 0.39853708593750004 0.2925000390625 0.3746059640625 0.32281361406250003 0.3700256609375 0.371814059375 0.34923834062500003 0.42653300781250003 0.341229684375 0.43482621562499996 0.32454841874999996 0.413374946875 0.3059564015625 0.43815971875 0.30813795312500003 0.5631406796875 0.34093138125 0.5734394890625001 0.3475035375 0.6385520984374999 0.36990330781249997 0.67621038125 0.41127449374999997 0.7108197125 0.4715222484375 0.7369461375 0.5421636609375 0.7357130859375001 0.5962186593750001 0.7184627203125 0.63378209375 0.690628996875 0.668486275 0.6546917640625 0.68917874375 0.5945388625 0.7215927718749999 0.5831018515624999 0.73122763125 0.5122707390625 0.7417161421875 0.49034521875000003
9 0.498529825 0.4157737 0.45477363593750003 0.40023063593749997 0.405868040625 0.4010842859375 0.38184206875000004 0.4259639078125 0.5015787765625 0.4347451171875 0.5069178812499999 0.42921631250000003 0.498529825 0.4157737
9 0.6234159359375 0.40815819375 0.580039146875 0.41435095000000005 0.5503895203125 0.42845751249999997 0.5533436234375 0.4419949734375 0.6648819734375 0.4482014796875 0.6535398140625001 0.42122140625000004 0.6234159359375 0.40815819375
9 0.4148252 0.4471306265625 0.42855236249999995 0.455044434375 0.474693553125 0.45152123125 0.460871540625 0.43817346874999996 0.4282678125 0.43874256875000006 0.4148252 0.4471306265625
9 0.48632026249999993 0.49480317031250004 0.4650586921875 0.52235234375 0.46543809375 0.5440881640625 0.5119586859374999 0.56230078125 0.5363640578125 0.5591569796875 0.5661085328125 0.5504843703125 0.573927490625 0.531323253125 0.56268018125 0.5097771343749999 0.5562977250000001 0.4555324359375 0.5370417578125 0.4422795234375 0.5153059390625 0.4426589234375 0.4965242234375 0.45657578593750003 0.48632026249999993 0.49480317031250004
9 0.6379018984375 0.459543640625 0.607778021875 0.446480428125 0.5671656359374999 0.4553427359375 0.5808927984375 0.4632565421875 0.6379018984375 0.459543640625
9 0.539697559375 0.5944302593749999 0.4853580109375 0.5953787593750001 0.43397256406249995 0.609864721875 0.5023238265625001 0.63313189375 0.553898971875 0.6295138421875001 0.58621815 0.6126428765624999 0.539697559375 0.5944302593749999
1 0.4074131453125 0.1781972859375 0.3620307546875 0.225192128125 0.325415821875 0.3073654015625 0.3217840171875 0.41070539375 0.341229684375 0.43482621562499996 0.3700256609375 0.371814059375 0.3746059640625 0.32281361406250003 0.39853708593750004 0.2925000390625 0.4257068609375 0.2920257890625 0.44763237968749997 0.302514296875 0.501971928125 0.30156579687499996 0.5669896859375 0.2895596875 0.6484990093749999 0.28813693749999997 0.6678498265624999 0.3068238046875 0.6792868375000001 0.3392378328125 0.7006295046875 0.47203775156249994 0.72989973125 0.43619536875 0.74935915 0.305401053125 0.7266748296875 0.2514409046875 0.6794902890625 0.1951906046875 0.5753914953125 0.14808716093750002 0.48301426249999996 0.1496996109375 0.4074131453125 0.1781972859375
4 0.5069178812499999 0.42921631250000003 0.498529825 0.4157737 0.45477363593750003 0.40023063593749997 0.405868040625 0.4010842859375 0.38184206875000004 0.4259639078125 0.49890922499999996 0.43750951875000005 0.5069178812499999 0.42921631250000003
3 0.4282678125 0.43874256875000006 0.4148252 0.4471306265625 0.42855236249999995 0.455044434375 0.4720240015625 0.45428563437499997 0.460871540625 0.43817346874999996 0.4282678125 0.43874256875000006
5 0.47505920156250003 0.6281721890624999 0.5512294203125 0.63227824375 0.58621815 0.6126428765624999 0.43397256406249995 0.609864721875 0.47505920156250003 0.6281721890624999
10 0.4856425609375 0.611680625 0.5725858390624999 0.6101630250000001 0.539697559375 0.5944302593749999 0.455613534375 0.60405136875 0.4856425609375 0.611680625
6 0.4965242234375 0.45657578593750003 0.48632026249999993 0.49480317031250004 0.4650586921875 0.52235234375 0.46543809375 0.5440881640625 0.490128015625 0.5572462265625 0.5336945046875 0.56192138125 0.5661085328125 0.5504843703125 0.573927490625 0.531323253125 0.56268018125 0.5097771343749999 0.5562977250000001 0.4555324359375 0.5370417578125 0.4422795234375 0.5153059390625 0.4426589234375 0.4965242234375 0.45657578593750003
8 0.6622124203124999 0.45096588281249994 0.6535398140625001 0.42122140625000004 0.6234159359375 0.40815819375 0.580039146875 0.41435095000000005 0.5503895203125 0.42845751249999997 0.5533436234375 0.4419949734375 0.6239850359375 0.4407619234375 0.6622124203124999 0.45096588281249994
7 0.5808927984375 0.4632565421875 0.635232346875 0.4623080421875 0.607778021875 0.446480428125 0.5671656359374999 0.4553427359375 0.5808927984375 0.4632565421875