0 0.4781695265625 0 0 0.0418344125 0 0.5218304734375 0.0418344125 1 0.5218304734375 1 1 0.9581655874999999 1 0.4781695265625 0.9581655874999999 0 0.4781695265625 0
0 0.4546849609375 0.6832180937500001 0.49786914531250004 0.698744196875 0.572344309375 0.6894707171875 0.614225240625 0.658229140625 0.6470862312500001 0.61950346875 0.683699509375 0.5280523234375 0.7205249015625 0.5027685453124999 0.7405349343750001 0.412769996875 0.737182790625 0.374454815625 0.7136084968749999 0.35997081875000003 0.7081287265625 0.233593884375 0.6881733359375 0.19673129843749998 0.6370603484374999 0.154321409375 0.516527734375 0.1152272046875 0.418344896875 0.1403635703125 0.3653951359375 0.1725735421875 0.32747860625 0.2172570109375 0.3060319421875 0.29083476875000003 0.314651740625 0.38935951874999997 0.29456297187499997 0.3828438171875 0.276868590625 0.403696103125 0.280220734375 0.44201128437500004 0.30304939062499997 0.5117154515625 0.3185615 0.529662546875 0.344184684375 0.5356940484375 0.3530712421875 0.57352503125 0.3855320953125 0.6258400109375 0.4546849609375 0.6832180937500001
9 0.500875790625 0.7012388953124999 0.572344309375 0.6894707171875 0.614225240625 0.658229140625 0.6470862312500001 0.61950346875 0.683699509375 0.5280523234375 0.7205249015625 0.5027685453124999 0.7405349343750001 0.412769996875 0.737182790625 0.374454815625 0.7221495578125 0.36198131875 0.6883308109375 0.389759796875 0.671782209375 0.26435125937500004 0.6318714296875 0.1906260890625 0.61082490625 0.1731631953125 0.524935415625 0.1475845890625 0.45298802031249996 0.153879171875 0.39955938125 0.1806155453125 0.381865 0.20146783125 0.34934950625 0.27601398593750004 0.3382260328125 0.40384351562500004 0.33016385000000004 0.4073066109375 0.29456297187499997 0.3828438171875 0.276868590625 0.403696103125 0.280220734375 0.44201128437500004 0.30304939062499997 0.5117154515625 0.3185615 0.529662546875 0.344184684375 0.5356940484375 0.3530712421875 0.57352503125 0.3855320953125 0.6258400109375 0.4546849609375 0.6832180937500001 0.500875790625 0.7012388953124999
9 0.42930444218749997 0.393117440625 0.466475334375 0.40365414375 0.48560634687500004 0.39922265 0.4876552375 0.3907701546875 0.426910053125 0.36574945468750003 0.3941824421875 0.37412824375 0.371432525 0.400938325 0.42930444218749997 0.393117440625
9 0.5324094359375 0.3923701625 0.5389016062499999 0.40283315937499997 0.607363478125 0.38857028125 0.64958990625 0.3931491875 0.6280645046875 0.37021269375 0.58331030625 0.36861268593749996 0.5399927421874999 0.3834334703125 0.5324094359375 0.3923701625
9 0.3954856953125 0.42089591875 0.418581109375 0.4299063203125 0.4683908453125 0.42554853281250005 0.4362754890625 0.40905403281249997 0.3954856953125 0.42089591875
9 0.5518859468749999 0.42375915 0.5634336546875 0.4282643515625 0.6107156218750001 0.42688546250000003 0.6238333421875 0.41746456875 0.6088001109375 0.40499107187499994 0.5700592062500001 0.4083804625 0.5518859468749999 0.42375915
9 0.48145392343750004 0.5429887734375 0.5070771078125 0.5490202765625 0.542811365625 0.5431361875 0.5609846234375 0.5277574984375 0.535282703125 0.4252117453125 0.5202494703125 0.41273824843750007 0.4925773953125 0.4151592421875 0.484994090625 0.4240959375 0.45992852031250003 0.52005228125 0.48145392343750004 0.5429887734375
9 0.45002956406249994 0.5981352390625 0.496699271875 0.6216296359375 0.5435023609375 0.61477715 0.5777999859375 0.5924722671875 0.5350946796875 0.582419765625 0.45002956406249994 0.5981352390625
1 0.6913374578125 0.392254496875 0.714087375 0.36544441562499996 0.7081287265625 0.233593884375 0.6881733359375 0.19673129843749998 0.6370603484374999 0.154321409375 0.5506919796874999 0.12326920781249999 0.48332124531250004 0.11813239687499999 0.418344896875 0.1403635703125 0.3653951359375 0.1725735421875 0.3178464109375 0.23464619999999997 0.3060319421875 0.29083476875000003 0.31513061875 0.394833115625 0.33016385000000004 0.4073066109375 0.342323815625 0.38693852500000003 0.3411539421875 0.30982396562500003 0.34934950625 0.27601398593750004 0.381865 0.20146783125 0.39955938125 0.1806155453125 0.45298802031249996 0.153879171875 0.524935415625 0.1475845890625 0.61082490625 0.1731631953125 0.64437689375 0.206078484375 0.6643322828125 0.24294106875 0.6913374578125 0.392254496875
4 0.541908253125 0.4053278578125 0.5852258171875 0.39050707500000004 0.64958990625 0.3931491875 0.6280645046875 0.37021269375 0.58331030625 0.36861268593749996 0.5399927421874999 0.3834334703125 0.5324094359375 0.3923701625 0.541908253125 0.4053278578125
3 0.5664403015625 0.4307590515625 0.6107156218750001 0.42688546250000003 0.6238333421875 0.41746456875 0.6088001109375 0.40499107187499994 0.5700592062500001 0.4083804625 0.5518859468749999 0.42375915 0.5664403015625 0.4307590515625
5 0.49970591875 0.624124334375 0.5435023609375 0.61477715 0.5777999859375 0.5924722671875 0.5033248218749999 0.601745746875 0.45002956406249994 0.5981352390625 0.49970591875 0.624124334375
6 0.510083753125 0.551514975 0.542811365625 0.5431361875 0.5609846234375 0.5277574984375 0.535282703125 0.4252117453125 0.5202494703125 0.41273824843750007 0.4925773953125 0.4151592421875 0.484994090625 0.4240959375 0.45992852031250003 0.52005228125 0.48145392343750004 0.5429887734375 0.510083753125 0.551514975
10 0.5033248218749999 0.601745746875 0.5607178640625 0.5884512671875 0.5350946796875 0.582419765625 0.46109839375000006 0.597166840625 0.5033248218749999 0.601745746875
8 0.46948197968749994 0.40614884218749997 0.4876552375 0.3907701546875 0.426910053125 0.36574945468750003 0.3941824421875 0.37412824375 0.371432525 0.400938325 0.42930444218749997 0.393117440625 0.46948197968749994 0.40614884218749997
7 0.42158775625 0.43240101875 0.4683908453125 0.42554853281250005 0.4362754890625 0.40905403281249997 0.3954856953125 0.42089591875 0.42158775625 0.43240101875