0 0.0337424578125 0 0 0.48253961562500003 0 0.9662575421874999 0.48253961562500003 1 0.9662575421874999 1 1 0.517460384375 1 0.0337424578125 0.517460384375 0 0.0337424578125 0
0 0.32246604218749997 0.6069239375000001 0.358363359375 0.6482190765625 0.3978524421875 0.680815003125 0.45322427187500003 0.69960426875 0.557344803125 0.703901628125 0.6382742125 0.6558585171875 0.6744619046875 0.6076702218750001 0.685382390625 0.5368308640625 0.7218401125 0.5274464046875 0.7306845140625 0.486296453125 0.73139010625 0.3908751359375 0.7105451015625001 0.347649096875 0.7176037921875 0.24670511718750002 0.692896990625 0.17337445625 0.635324234375 0.1007290421875 0.55426998125 0.065226596875 0.453326 0.05816790625 0.35541338125 0.0930896015625 0.295058946875 0.1455549109375 0.2540338359375 0.2202560625 0.269065803125 0.34661243750000004 0.267404934375 0.3703639640625 0.2546987375 0.381409290625 0.2517922171875 0.4229744609375 0.2620071125 0.44755641874999996 0.2684850515625 0.5255793109375 0.3032819046875 0.539946375 0.32246604218749997 0.6069239375000001
9 0.358363359375 0.6482190765625 0.3978524421875 0.680815003125 0.45598560312499997 0.7027808171875 0.533178059375 0.7081786390625 0.6005708390625 0.6830566218749999 0.647803859375 0.6475745234375 0.6744619046875 0.6076702218750001 0.685382390625 0.5368308640625 0.7218401125 0.5274464046875 0.73139010625 0.3908751359375 0.712476 0.362701409375 0.6930014859375 0.3852072828125 0.6847174890625001 0.3756776359375 0.6651181359375 0.3146379546875 0.6629172078125001 0.26078180624999997 0.6384804374999999 0.2262549828125 0.60879103125 0.22417889687499998 0.5842090718749999 0.23439379218749998 0.3653379 0.20715499531249998 0.34310205625 0.2264843203125 0.328734990625 0.2612811734375 0.304693090625 0.349103740625 0.3009561375 0.40254467343749994 0.27058148437499996 0.36760263125 0.2546987375 0.381409290625 0.2517922171875 0.4229744609375 0.2620071125 0.44755641874999996 0.2684850515625 0.5255793109375 0.3032819046875 0.539946375 0.32246604218749997 0.6069239375000001 0.358363359375 0.6482190765625
9 0.5707972828125001 0.3408604359375 0.5220485828125 0.35535234375 0.5121037171875 0.3695742203125 0.51762638125 0.37592731874999996 0.649090203125 0.3731863328125 0.6242382140625 0.344597390625 0.5707972828125001 0.3408604359375
9 0.43298036250000005 0.3491240875 0.3858925296875 0.33986446875 0.352196140625 0.3524254765625 0.3382442921875 0.38128445 0.46059368437500003 0.3808895796875 0.464600665625 0.366252484375 0.43298036250000005 0.3491240875
9 0.6118020468750001 0.39444655625 0.59758016875 0.384501690625 0.56195288125 0.3820103890625 0.5460701359375 0.3958170484375 0.5963345171875 0.402315334375 0.6118020468750001 0.39444655625
9 0.44649664843750003 0.45449026875 0.4329600171875 0.47741136093750003 0.4404135796875 0.4988167703125 0.47244910000000007 0.5100072859375 0.49896195781249997 0.514844703125 0.5508872078125 0.4975914640625 0.552548075 0.4738399390625 0.5308726359375 0.44248966406249995 0.5219033953125 0.4000940609375 0.5021588515625 0.3837960984375 0.47840732812500003 0.38213523125000004 0.4565867 0.3955266734375 0.44649664843750003 0.45449026875
9 0.4292434078125 0.40256501875 0.4447109375 0.3946962390625 0.400799653125 0.3826752890625 0.3671032640625 0.3952362984375 0.4292434078125 0.40256501875
9 0.5261600609375 0.552548075 0.4667812484375 0.5483959046875 0.4148559984375 0.5656491453125 0.4492376328125 0.585954090625 0.5054398984375 0.5928675937500001 0.5815318890625 0.5713373421875 0.5261600609375 0.552548075
1 0.2540338359375 0.2202560625 0.2678201515625 0.3644260828125 0.2977795875 0.4053060046875 0.328734990625 0.2612811734375 0.34310205625 0.2264843203125 0.3653379 0.20715499531249998 0.45440611875 0.2133832515625 0.524830259375 0.2302416203125 0.5842090718749999 0.23439379218749998 0.60879103125 0.22417889687499998 0.6384804374999999 0.2262549828125 0.6629172078125001 0.26078180624999997 0.6651181359375 0.3146379546875 0.6930014859375 0.3852072828125 0.715652546875 0.359940078125 0.7176037921875 0.24670511718750002 0.6822668796875 0.15473037812499998 0.635324234375 0.1007290421875 0.55426998125 0.065226596875 0.453326 0.05816790625 0.336769303125 0.10371971093750001 0.2819375328125 0.16253811875 0.2540338359375 0.2202560625
4 0.5220485828125 0.35535234375 0.5121037171875 0.3695742203125 0.5203877140625 0.37910386875 0.649090203125 0.3731863328125 0.6242382140625 0.344597390625 0.5707972828125001 0.3408604359375 0.5220485828125 0.35535234375
3 0.59758016875 0.384501690625 0.56195288125 0.3820103890625 0.54883146875 0.39899359687499997 0.5963345171875 0.402315334375 0.6118020468750001 0.39444655625 0.59758016875 0.384501690625
5 0.5815318890625 0.5713373421875 0.4148559984375 0.5656491453125 0.45199896562499997 0.5891306390625 0.535544521875 0.589005796875 0.5815318890625 0.5713373421875
10 0.5581955828125 0.5637385921875 0.4667812484375 0.5483959046875 0.429908309375 0.5637182468749999 0.524914409375 0.5703617203125 0.5581955828125 0.5637385921875
6 0.4329600171875 0.47741136093750003 0.4404135796875 0.4988167703125 0.4752104328125 0.5131838359375 0.5231286984375 0.5105676906250001 0.5508872078125 0.4975914640625 0.552548075 0.4738399390625 0.5308726359375 0.44248966406249995 0.5219033953125 0.4000940609375 0.5021588515625 0.3837960984375 0.47840732812500003 0.38213523125000004 0.4565867 0.3955266734375 0.44649664843750003 0.45449026875 0.4329600171875 0.47741136093750003
8 0.3858925296875 0.33986446875 0.352196140625 0.3524254765625 0.34100562343749996 0.3844609984375 0.38340122656250003 0.37549175625000003 0.46059368437500003 0.3808895796875 0.464600665625 0.366252484375 0.43298036250000005 0.3491240875 0.3858925296875 0.33986446875
7 0.4447109375 0.3946962390625 0.400799653125 0.3826752890625 0.36986459531250004 0.398412846875 0.4292434078125 0.40256501875 0.4447109375 0.3946962390625