0 0.4606491453125 0 0 0.0729596578125 0 0.5393508546875 0.0729596578125 1 0.5393508546875 1 1 0.9270403421875001 1 0.4606491453125 0.9270403421875001 0 0.4606491453125 0
0 0.4685101140625 0.8208923234375 0.56740996875 0.8346602531249999 0.6419905109374999 0.8248099968749999 0.6905474140625001 0.7935736375 0.718914671875 0.7518000125000001 0.7407269203125 0.6816324734375 0.7595074937499999 0.5923236875 0.7616217578125 0.501730303125 0.732828746875 0.4238807140625 0.72653604375 0.3581645625 0.73164903125 0.3514683203125 0.74198968125 0.3517926640625 0.738466346875 0.3425399953125 0.7281256953125 0.342215653125 0.7194076515625001 0.26118650312499997 0.7059206484375 0.22800408437500003 0.6856163296875 0.2037499875 0.6277350484374999 0.150128946875 0.5659534515625 0.11086064843750001 0.504286528125 0.0853091796875 0.462317590625 0.0801835546875 0.365957753125 0.095445453125 0.315581846875 0.11519706406250001 0.2642226203125 0.154725834375 0.20055611093749998 0.23348457812499998 0.17972717968750002 0.2838749578125 0.170943228125 0.33235760000000003 0.17200826875 0.3910531671875 0.197621975 0.5008005734375 0.20989630625000003 0.52632649375 0.203914678125 0.5665167249999999 0.208159025 0.5933144703125001 0.233314025 0.6481945609374999 0.2483906796875 0.665428071875 0.2691866578125 0.6797935875000001 0.30774693750000004 0.689383371875 0.323806909375 0.686839721875 0.34861788125 0.7005693265625 0.3630882015625 0.7139745875 0.3910455234375 0.7605622671875001 0.4685101140625 0.8208923234375
1 0.274250875 0.5298687234375 0.2903108484375 0.5273250734375 0.296407153125 0.500851671875 0.28731212500000003 0.4434279296875 0.3085180390625 0.36943214375 0.29540801875 0.31264431406250004 0.2985873234375 0.28074649375 0.3343782359375 0.23387279374999997 0.38293513749999997 0.2026364375 0.43391737812500003 0.186713075 0.514823578125 0.177823075 0.5648225015625 0.18167687500000002 0.6212617625 0.20020775781250003 0.651300396875 0.2209579484375 0.6774387140625 0.2560608796875 0.701987378125 0.307112721875 0.7298300249999999 0.339983571875 0.7194076515625001 0.26118650312499997 0.695465321875 0.2139629109375 0.6277350484374999 0.150128946875 0.5838324296875 0.119801746875 0.504286528125 0.0853091796875 0.462317590625 0.0801835546875 0.365957753125 0.095445453125 0.315581846875 0.11519706406250001 0.2858872390625 0.13559736093750002 0.20055611093749998 0.23348457812499998 0.17972717968750002 0.2838749578125 0.16995991093750001 0.352134759375 0.1756462796875 0.4140226625 0.205274978125 0.52313415625 0.21220697031250002 0.5279226625 0.256371896875 0.520927625 0.274250875 0.5298687234375
1 0.7402853515625 0.3540247453125 0.7407770109375 0.34413616406249997 0.730436359375 0.3438118203125 0.729338365625 0.34987215312500003 0.7402853515625 0.3540247453125
9 0.5697206328125 0.8362564203125 0.6419905109374999 0.8248099968749999 0.679715103125 0.8031378734375 0.718914671875 0.7518000125000001 0.7329262875 0.7103379578125 0.7557218531250001 0.6203932578125 0.7616217578125 0.501730303125 0.732828746875 0.4238807140625 0.724946390625 0.374113471875 0.7299447015625 0.3537004015625 0.726306690625 0.3307309046875 0.701987378125 0.307112721875 0.6774387140625 0.2560608796875 0.651300396875 0.2209579484375 0.6212617625 0.20020775781250003 0.5395198734375 0.17783585156249998 0.43391737812500003 0.186713075 0.364072840625 0.2134724984375 0.323545925 0.24343703125 0.30138964687500003 0.2724540828125 0.29540801875 0.31264431406250004 0.3085180390625 0.36943214375 0.28731212500000003 0.4434279296875 0.2948175 0.51680058125 0.2903108484375 0.5273250734375 0.274250875 0.5298687234375 0.2397055890625 0.5196430249999999 0.21220697031250002 0.5279226625 0.204897996875 0.546739565625 0.208159025 0.5933144703125001 0.233314025 0.6481945609374999 0.2483906796875 0.665428071875 0.2691866578125 0.6797935875000001 0.30774693750000004 0.689383371875 0.323806909375 0.686839721875 0.34861788125 0.7005693265625 0.3630882015625 0.7139745875 0.3910455234375 0.7605622671875001 0.4685101140625 0.8208923234375 0.5697206328125 0.8362564203125
9 0.3849175875 0.371066634375 0.3651866515625 0.415396684375 0.4074178953125 0.3832000703125 0.454991478125 0.371740871875 0.491732753125 0.369845909375 0.5090053953125 0.3749587578125 0.5181333765625 0.3676266015625 0.51692070625 0.3599701046875 0.4754434265625 0.3449559 0.4266571734375 0.3487586 0.3849175875 0.371066634375
9 0.6362725109375 0.346953059375 0.702446084375 0.3619800375 0.7058547421875 0.3575158765625 0.6901717515625 0.3364541171875 0.6613457875 0.323360425 0.6165745265625 0.3265272140625 0.595401565625 0.33576710625 0.6041525640625001 0.352040359375 0.6362725109375 0.346953059375
9 0.4228385796875 0.441584065625 0.448141209375 0.44542509218750004 0.4785568265625 0.44256987187499996 0.5071534375 0.4282299046875 0.46969115156249996 0.4125797890625 0.4496161859375 0.4157593515625 0.4228385796875 0.441584065625
9 0.5545464375 0.5325656703125 0.5935983765625 0.532266875 0.6274226515625 0.5249474953125 0.655412928125 0.506779278125 0.6505622468750001 0.47615328281249997 0.6314705984375 0.45955568593749996 0.6075282671875 0.41233209375 0.6265052421874999 0.4152128609375 0.678700153125 0.4069459984375 0.673472490625 0.3999254125 0.642942196875 0.389063803125 0.6052176031250001 0.410735925 0.5827172968750001 0.39860249062499997 0.5666573234375 0.401146140625 0.53987971875 0.4269708546875 0.5389781234375 0.5252207390625 0.5545464375 0.5325656703125
9 0.5769808375000001 0.6742108953125 0.6120177828125 0.674548015625 0.6653106906249999 0.6602208218750001 0.6689816546875 0.6184344234375 0.67860129375 0.6012136875 0.6610992984374999 0.56866718125 0.6362883265625 0.5549375765625 0.6109856953125 0.551096553125 0.5674271046875 0.5619198390625 0.5451561515625001 0.5772200609375 0.5127739 0.6196296 0.5464505453124999 0.6633492859375 0.5769808375000001 0.6742108953125
4 0.7047567484374999 0.36357620625 0.6901717515625 0.3364541171875 0.6613457875 0.323360425 0.6165745265625 0.3265272140625 0.595401565625 0.33576710625 0.6041525640625001 0.352040359375 0.6362725109375 0.346953059375 0.7047567484374999 0.36357620625
3 0.6265052421874999 0.4152128609375 0.6804044828125 0.40471391875 0.660214840625 0.3941766515625 0.6349122109375 0.390335628125 0.6069219328125001 0.40850384375 0.6265052421874999 0.4152128609375
5 0.614328446875 0.6761441828125 0.66701501875 0.657988740625 0.675077959375 0.5919610203125 0.6592473390625 0.6219383281249999 0.6215227453125001 0.64361045 0.567508828125 0.6403925640625 0.531750871875 0.6225103671875 0.5127739 0.6196296 0.5464505453124999 0.6633492859375 0.5769808375000001 0.6742108953125 0.614328446875 0.6761441828125
2 0.6134927593749999 0.644882275 0.6592473390625 0.6219383281249999 0.6693586375 0.5948290140625 0.6312900140625 0.5753506484375001 0.6019723921875 0.5721455359375 0.5664437875 0.5816969984375 0.5161825578125 0.6151654375 0.55887250625 0.6378361406249999 0.6134927593749999 0.644882275
10 0.6716693015625 0.5964251828125 0.671554625 0.5827083531249999 0.6610992984374999 0.56866718125 0.6362883265625 0.5549375765625 0.6109856953125 0.551096553125 0.5674271046875 0.5619198390625 0.5451561515625001 0.5772200609375 0.52640853125 0.6017729515625 0.52932553125 0.60719736875 0.5664437875 0.5816969984375 0.6019723921875 0.5721455359375 0.6312900140625 0.5753506484375001 0.6716693015625 0.5964251828125
6 0.5959090406249999 0.53386304375 0.6274226515625 0.5249474953125 0.655412928125 0.506779278125 0.6505622468750001 0.47615328281249997 0.6314705984375 0.45955568593749996 0.6127559312499999 0.41935268125 0.6023006046875 0.40531150781249997 0.5827172968750001 0.39860249062499997 0.5666573234375 0.401146140625 0.53987971875 0.4269708546875 0.543140746875 0.473545759375 0.53715911875 0.5137359906250001 0.545910115625 0.53000924375 0.5959090406249999 0.53386304375
8 0.3709059734375 0.412528690625 0.4074178953125 0.3832000703125 0.454991478125 0.371740871875 0.491732753125 0.369845909375 0.5090053953125 0.3749587578125 0.5181333765625 0.3676266015625 0.51692070625 0.3599701046875 0.4754434265625 0.3449559 0.4266571734375 0.3487586 0.3849175875 0.371066634375 0.37639594375 0.382227040625 0.3709059734375 0.412528690625
7 0.4504518734375 0.44702125937500004 0.4785568265625 0.44256987187499996 0.5071534375 0.4282299046875 0.46969115156249996 0.4125797890625 0.4496161859375 0.4157593515625 0.4228385796875 0.441584065625 0.4504518734375 0.44702125937500004