0 0.43860771875 0 0 0.10935718593749999 0 0.5613922812500001 0.10935718593749999 1 0.5613922812500001 1 1 0.8906428140625 1 0.43860771875 0.8906428140625 0 0.43860771875 0
0 0.796051359375 0.5522323765625 0.8027263328125 0.532031903125 0.8043744437499999 0.476012334375 0.7982828859375 0.4515804265625 0.7785545703125 0.41942681562499995 0.7798137374999999 0.39316216718749997 0.76192800625 0.29011152500000004 0.741523940625 0.23959018125 0.7163798203125 0.2013723953125 0.6802096093750001 0.16590372343749998 0.5969865046875 0.121776815625 0.538569646875 0.10668382812499999 0.488179265625 0.10812583281249999 0.39997056249999996 0.13011873125 0.36582760468750003 0.14975325781249998 0.3222045328125 0.1939949 0.28346492031250003 0.24999431093750002 0.25328413125 0.31683511875 0.2446742390625 0.34493250937500003 0.24515551875 0.37817770156249997 0.26710555625 0.45055705156250003 0.2583522609375 0.4545931140625 0.25869013750000003 0.46377698125 0.2674434328125 0.45974091875 0.274261809375 0.4636017703125 0.2927309578125 0.5220200312500001 0.29630418281250004 0.598981234375 0.331020753125 0.675592015625 0.37956855156249997 0.7450470421875 0.42376523906249997 0.7970507062500001 0.46327293437500006 0.8224191421875 0.5162739859375 0.8314479562500001 0.5838330828125 0.812749959375 0.663677434375 0.765038203125 0.708221796875 0.68534804375 0.715285715625 0.63539265 0.7228309125 0.6186824468750001 0.7391294046875 0.5979361828124999 0.75383085625 0.5942707 0.7834282296875 0.5720622718749999 0.796051359375 0.5522323765625
1 0.6802096093750001 0.16590372343749998 0.5714534375 0.11331395156249999 0.538569646875 0.10668382812499999 0.488179265625 0.10812583281249999 0.39997056249999996 0.13011873125 0.36582760468750003 0.14975325781249998 0.31011375 0.20813120000000002 0.28346492031250003 0.24999431093750002 0.2485440734375 0.329138678125 0.24515551875 0.37817770156249997 0.2648327640625 0.4492701015625 0.27678014218749997 0.41107247343750003 0.2792984765625 0.35854317812500003 0.2889730625 0.3190585984375 0.3072064734375 0.2904154171875 0.348894628125 0.254070690625 0.39038831093750004 0.23260342343749998 0.46302534062499995 0.210785734375 0.5125454984375 0.20585345937500002 0.56554655 0.214882271875 0.6132751937500001 0.24190823906249997 0.6275877000000001 0.2679976765625 0.6369656781249999 0.3212681328125 0.6820325859375 0.3767620703125 0.695085925 0.42911615625 0.7099307796875001 0.449512 0.7246322296875001 0.445846515625 0.7367230124999999 0.431710215625 0.777152 0.4216301359375 0.7813597109375 0.415020171875 0.7671493421875 0.3110531609375 0.7495504171875 0.25612517343749996 0.7163798203125 0.2013723953125 0.6802096093750001 0.16590372343749998
1 0.25694969218749997 0.45679643593749997 0.2609629296875 0.46506393125 0.2688460015625 0.45753759687500006 0.2657029859375 0.4527603734375 0.25694969218749997 0.45679643593749997
9 0.7834282296875 0.5720622718749999 0.796051359375 0.5522323765625 0.8027263328125 0.532031903125 0.8043744437499999 0.476012334375 0.790256409375 0.4350454359375 0.777152 0.4216301359375 0.7505542390625 0.4245544609375 0.7246322296875001 0.445846515625 0.7099307796875001 0.449512 0.7022421796875 0.4421608734375 0.6820325859375 0.3767620703125 0.6369656781249999 0.3212681328125 0.6275877000000001 0.2679976765625 0.6078593859375 0.235844065625 0.5783130828124999 0.21911370468750002 0.5326627578124999 0.20825215 0.46302534062499995 0.210785734375 0.3692063578125 0.241591921875 0.3072064734375 0.2904154171875 0.2889730625 0.3190585984375 0.2792984765625 0.35854317812500003 0.27678014218749997 0.41107247343750003 0.26449488906249996 0.440086234375 0.269716225 0.46102786875 0.2814180625 0.47664648906249996 0.2927309578125 0.5220200312500001 0.29630418281250004 0.598981234375 0.3444630375 0.69819118125 0.3966862 0.7667298359375 0.42376523906249997 0.7970507062500001 0.47603946874999997 0.826650575 0.5162739859375 0.8314479562500001 0.5824305109375 0.81495328125 0.663677434375 0.765038203125 0.708221796875 0.68534804375 0.715285715625 0.63539265 0.7228309125 0.6186824468750001 0.7391294046875 0.5979361828124999 0.75383085625 0.5942707 0.7834282296875 0.5720622718749999
9 0.512146753125 0.3764860671875 0.5571213265625 0.36897989062500003 0.60504444375 0.381128396875 0.5720172484375 0.35043694687500004 0.52810736875 0.3465559359375 0.484873240625 0.3610426578125 0.4547435203125 0.3889446796875 0.45648396562500004 0.395925225 0.46697770624999996 0.39886970625 0.4799387125 0.3882236765625 0.512146753125 0.3764860671875
9 0.296313984375 0.45810354531249997 0.347625659375 0.42121302656250004 0.377028559375 0.413882059375 0.37862560156249997 0.396801278125 0.35710577187500003 0.396605909375 0.3175470078125 0.41017626093750004 0.2975731515625 0.431838896875 0.2917684 0.45552964375 0.296313984375 0.45810354531249997
9 0.5327452890625 0.4121299515625 0.5143684765625001 0.41671180625000004 0.48791411875 0.44369745624999996 0.51765489375 0.44555035624999995 0.544785003125 0.43693243906249996 0.5650967328125 0.42445367031250003 0.5327452890625 0.4121299515625
9 0.3349514609375 0.4799817078125 0.3330165421875 0.487878625 0.38079625625 0.475965803125 0.3960300546875 0.4666067265625 0.3926414984375 0.51564575 0.38229116093750004 0.5367625968749999 0.3892529421875 0.5646847765625 0.419863940625 0.5700279484374999 0.451539634375 0.5639839328125 0.48515024531249995 0.550043 0.4958384578125 0.538110021875 0.45938144062499997 0.45451869531250005 0.427029996875 0.442194978125 0.412328546875 0.4458604609375 0.39743262343749997 0.4644034046875 0.3571981078125 0.4596060234375 0.3349514609375 0.4799817078125
9 0.4068518671875 0.6196127625 0.4036577828125 0.653774328125 0.4181647625 0.6649863046875 0.43649050625 0.6993432375 0.48741323437500006 0.6922076406250001 0.5173484828125 0.6791830796875 0.5395951296875 0.65880739375 0.5526072046875 0.609222578125 0.5094241453125 0.5847705125 0.4847613 0.579797921875 0.443462090625 0.586387728125 0.423150359375 0.5988664984375001 0.4068518671875 0.6196127625
4 0.294911415625 0.46030686718749997 0.347625659375 0.42121302656250004 0.377028559375 0.413882059375 0.37862560156249997 0.396801278125 0.35710577187500003 0.396605909375 0.3175470078125 0.41017626093750004 0.2975731515625 0.431838896875 0.294911415625 0.46030686718749997
3 0.36454883125 0.45777328125 0.344237103125 0.47025205156250005 0.33074375 0.48659167343750004 0.38079625625 0.475965803125 0.39515983125 0.46311645312499994 0.36454883125 0.45777328125
5 0.4277882796875 0.6644405140625 0.40331990781249993 0.6445904609374999 0.4342177125 0.6980562859375 0.48601066406250004 0.6944109609375 0.5173484828125 0.6791830796875 0.5395951296875 0.65880739375 0.5526072046875 0.609222578125 0.53737340625 0.6185816546875 0.513191840625 0.6468542562499999 0.46802279531249996 0.6692378953125 0.4277882796875 0.6644405140625
2 0.4277882796875 0.6644405140625 0.47537352187500004 0.667405153125 0.51967234375 0.64153124375 0.54806161875 0.606648678125 0.49278777656250006 0.5963329125 0.458839290625 0.601089978125 0.4348521984375 0.6144851171875 0.4092680625 0.6449610406249999 0.4277882796875 0.6644405140625
10 0.4847613 0.579797921875 0.443462090625 0.586387728125 0.423150359375 0.5988664984375001 0.4068518671875 0.6196127625 0.4029820328125 0.63540659375 0.40786549218749996 0.6471643625 0.4348521984375 0.6144851171875 0.458839290625 0.601089978125 0.49278777656250006 0.5963329125 0.5338925156250001 0.604620565625 0.5344248625 0.598926971875 0.5094241453125 0.5847705125 0.4847613 0.579797921875
6 0.397964971875 0.45870981093749996 0.3940951359375 0.47450364218749996 0.3926414984375 0.51564575 0.38229116093750004 0.5367625968749999 0.3892529421875 0.5646847765625 0.419863940625 0.5700279484374999 0.4501370640625 0.5661872531250001 0.491630746875 0.5447199859375 0.49322779062500005 0.5276392046875 0.473499475 0.4954855921875 0.45938144062499997 0.45451869531250005 0.427029996875 0.442194978125 0.412328546875 0.4458604609375 0.397964971875 0.45870981093749996
8 0.46697770624999996 0.39886970625 0.4799387125 0.3882236765625 0.512146753125 0.3764860671875 0.5571213265625 0.36897989062500003 0.5990962890625 0.3807578171875 0.5833812125 0.3568717015625 0.5720172484375 0.35043694687500004 0.52810736875 0.3465559359375 0.484873240625 0.3610426578125 0.4547435203125 0.3889446796875 0.45648396562500004 0.395925225 0.46697770624999996 0.39886970625
7 0.5650967328125 0.42445367031250003 0.5327452890625 0.4121299515625 0.5143684765625001 0.41671180625000004 0.48791411875 0.44369745624999996 0.51765489375 0.44555035624999995 0.5433824328125 0.43913575937499993 0.5650967328125 0.42445367031250003