0 0 0 0 1 1 1 1 0 0 0
0 0.2483333328125 0 0.2233333328125 0.004658384375 0.205 0.018633540625 0.195 0.034161490625 0.1883333328125 0.071428571875 0.1766666671875 0.0822981359375 0.15 0.094720496875 0.1316666671875 0.124223603125 0.1316666671875 0.1987577640625 0.1483333328125 0.23913043437499998 0.175 0.257763975 0.1783333328125 0.307453415625 0.1883333328125 0.344720496875 0.1916666671875 0.413043478125 0.20833333281250002 0.44409937812500005 0.21833333281249998 0.49378882031250004 0.2383333328125 0.5310558999999999 0.2683333328125 0.5621118015625 0.275 0.5807453421875 0.335 0.65838509375 0.355 0.67391304375 0.3783333328125 0.7173913046875 0.4033333328125 0.7468944093750001 0.47000000000000003 0.7624223609375 0.5349999999999999 0.760869565625 0.5533333328125 0.7562111796875 0.5933333328125 0.73447205 0.6416666671875 0.686335403125 0.665 0.6428571421875 0.6816666671875 0.602484471875 0.6950000000000001 0.5434782609375 0.7016666671875 0.5031055906249999 0.7016666671875 0.4534161484375 0.705 0.44409937812500005 0.745 0.413043478125 0.7516666671875 0.397515528125 0.7516666671875 0.32298136718750003 0.7583333328124999 0.288819875 0.745 0.260869565625 0.7283333328125 0.2484472046875 0.7283333328125 0.1614906828125 0.7150000000000001 0.10869565156250001 0.6883333328125001 0.055900621875 0.650438596875 0 0.2483333328125 0
1 0.25 0 0.2166666671875 0.007763974999999999 0.195 0.034161490625 0.1883333328125 0.071428571875 0.1766666671875 0.0822981359375 0.15 0.094720496875 0.1383333328125 0.10869565156250001 0.12833333281249998 0.1335403734375 0.1316666671875 0.1987577640625 0.1483333328125 0.23913043437499998 0.1633333328125 0.25310559062500004 0.2 0.25310559062500004 0.26 0.26552794999999996 0.3366666671875 0.2624223609375 0.3966666671875 0.2437888203125 0.4733333328125 0.2065217390625 0.5133333328125 0.20341614843750003 0.5283333328125 0.2173913046875 0.5416666671875 0.24223602500000002 0.5616666671874999 0.29503105625 0.5766666671875 0.30900621093749997 0.6083333328125 0.32298136718750003 0.6266666671875 0.3555900625 0.6433333328125 0.3586956515625 0.6583333328125 0.344720496875 0.6849999999999999 0.27018633593749997 0.7066666671874999 0.25 0.7283333328125 0.2484472046875 0.7283333328125 0.1614906828125 0.7150000000000001 0.10869565156250001 0.6883333328125001 0.055900621875 0.650438596875 0 0.25 0
9 0.71 0.43944099375 0.72 0.436335403125 0.745 0.413043478125 0.7516666671875 0.397515528125 0.7516666671875 0.32298136718750003 0.7583333328124999 0.288819875 0.7516666671875 0.27018633593749997 0.7333333328125 0.25 0.7066666671874999 0.25 0.6966666671875 0.2562111796875 0.6849999999999999 0.27018633593749997 0.655 0.3509316765625 0.6433333328125 0.3586956515625 0.6333333328124999 0.3586956515625 0.625 0.3540372671875 0.6033333328125 0.31832298125 0.5766666671875 0.30900621093749997 0.5616666671874999 0.29503105625 0.5416666671875 0.24223602500000002 0.5283333328125 0.2173913046875 0.5133333328125 0.20341614843750003 0.4733333328125 0.2065217390625 0.3966666671875 0.2437888203125 0.3366666671875 0.2624223609375 0.26 0.26552794999999996 0.2233333328125 0.2562111796875 0.18 0.25310559062500004 0.175 0.257763975 0.175 0.2826086953125 0.1883333328125 0.344720496875 0.1916666671875 0.413043478125 0.20833333281250002 0.44409937812500005 0.21833333281249998 0.49378882031250004 0.2383333328125 0.5310558999999999 0.2683333328125 0.5621118015625 0.275 0.5807453421875 0.335 0.65838509375 0.355 0.67391304375 0.3783333328125 0.7173913046875 0.4033333328125 0.7468944093750001 0.47000000000000003 0.7624223609375 0.5333333328125 0.7624223609375 0.5933333328125 0.73447205 0.6316666671875 0.6987577640625 0.6516666671875 0.670807453125 0.675 0.6211180125 0.6983333328125 0.5248447203125 0.7016666671875 0.4534161484375 0.71 0.43944099375
9 0.3716666671875 0.428571428125 0.37333333281250003 0.436335403125 0.3883333328125 0.4378881984375 0.3966666671875 0.43322981406250005 0.4233333328125 0.43322981406250005 0.43333333281249997 0.42701863281249997 0.45999999999999996 0.42701863281249997 0.5316666671875 0.40062111875 0.52 0.3928571421875 0.45999999999999996 0.3959627328125 0.3716666671875 0.428571428125
9 0.29500000000000004 0.44720496875000004 0.2866666671875 0.436335403125 0.2633333328125 0.42701863281249997 0.22999999999999998 0.4177018640625 0.205 0.4254658390625 0.24 0.44254658437499994 0.2916666671875 0.450310559375 0.29500000000000004 0.44720496875000004
9 0.4966666671875 0.44254658437499994 0.5116666671875 0.428571428125 0.4966666671875 0.43944099375 0.47000000000000003 0.4487577640625 0.41166666718749995 0.44720496875000004 0.43666666718749997 0.45496894374999997 0.4716666671875 0.4534161484375 0.4966666671875 0.44254658437499994
9 0.315 0.45652173906250004 0.3183333328125 0.549689440625 0.3116666671875 0.5590062109375 0.3116666671875 0.5776397515625 0.315 0.586956521875 0.3366666671875 0.6009316765625 0.3716666671875 0.602484471875 0.4233333328125 0.5885093171875 0.43499999999999994 0.5776397515625 0.44166666718750003 0.5621118015625 0.41500000000000004 0.5279503109375 0.3883333328125 0.4534161484375 0.37333333281250003 0.4456521734375 0.3333333328125 0.44254658437499994 0.315 0.45652173906250004
9 0.2916666671875 0.46273291875 0.3116666671875 0.45652173906250004 0.24500000000000002 0.45652173906250004 0.2666666671875 0.46428571406249997 0.2916666671875 0.46273291875
9 0.35 0.6319875781250001 0.34500000000000003 0.6366459625 0.3866666671875 0.66614906875 0.4216666671875 0.6677018640625 0.46333333281250005 0.6537267078125 0.5083333328124999 0.6149068328125 0.46666666718750005 0.625776396875 0.43 0.6226708078125001 0.4066666671875 0.6319875781250001 0.38 0.6288819875 0.3566666671875 0.6350931671875 0.35 0.6319875781250001
4 0.29 0.4518633546875 0.29500000000000004 0.44720496875000004 0.2866666671875 0.436335403125 0.2633333328125 0.42701863281249997 0.22999999999999998 0.4177018640625 0.205 0.4254658390625 0.24 0.44254658437499994 0.29 0.4518633546875
3 0.3116666671875 0.45652173906250004 0.25166666718749997 0.45962732968750003 0.29 0.46428571406249997 0.3116666671875 0.45652173906250004
6 0.3333333328125 0.44254658437499994 0.315 0.45652173906250004 0.3183333328125 0.549689440625 0.3116666671875 0.5590062109375 0.3116666671875 0.5776397515625 0.3233333328125 0.5947204968750001 0.3366666671875 0.6009316765625 0.37 0.6040372671875 0.4233333328125 0.5885093171875 0.43499999999999994 0.5776397515625 0.44166666718750003 0.5621118015625 0.41500000000000004 0.5279503109375 0.3883333328125 0.4534161484375 0.37333333281250003 0.4456521734375 0.3333333328125 0.44254658437499994
5 0.42000000000000004 0.6692546578125 0.46333333281250005 0.6537267078125 0.505 0.6180124218749999 0.41333333281250006 0.6413043484375 0.36666666718749996 0.6413043484375 0.34500000000000003 0.6366459625 0.3866666671875 0.66614906875 0.42000000000000004 0.6692546578125
2 0.3533333328125 0.6319875781250001 0.3483333328125 0.6335403734375 0.3566666671875 0.6381987578125 0.3533333328125 0.6319875781250001
10 0.41333333281250006 0.6413043484375 0.4683333328125 0.6273291921874999 0.43 0.6226708078125001 0.4066666671875 0.6319875781250001 0.38 0.6288819875 0.3583333328125 0.6335403734375 0.36666666718749996 0.6413043484375 0.41333333281250006 0.6413043484375
8 0.51 0.40527950312499994 0.5316666671875 0.40062111875 0.52 0.3928571421875 0.45999999999999996 0.3959627328125 0.3716666671875 0.428571428125 0.37333333281250003 0.436335403125 0.3866666671875 0.43944099375 0.3966666671875 0.43322981406250005 0.4233333328125 0.43322981406250005 0.43333333281249997 0.42701863281249997 0.45999999999999996 0.42701863281249997 0.47000000000000003 0.420807453125 0.48333333281249996 0.420807453125 0.51 0.40527950312499994
7 0.43666666718749997 0.45496894374999997 0.47000000000000003 0.45496894374999997 0.4916666671875 0.44409937812500005 0.4216666671875 0.450310559375 0.43666666718749997 0.45496894374999997