0 0.0729596578125 0 0 0.4606491484375 0 0.5300257671875 0.008579037500000001 0.52588250625 0.032261806250000004 0.5049392171875 0.0512454953125 0.45855739375000004 0.0768360015625 0.425569125 0.0973827140625 0.4152415546875 0.1450829578125 0.40797997031250005 0.1531322890625 0.40308129062500003 0.1594044 0.3818498515625 0.1749541625 0.3571489921875 0.2180390015625 0.33310512187499997 0.24549040312499998 0.3251058609375 0.25836933281249996 0.317267975 0.2640457015625 0.3181670234375 0.2894220140625 0.304900246875 0.3400909609375 0.26971044375000003 0.361698640625 0.2434996390625 0.3678034 0.204955703125 0.3757690546875 0.1914007765625 0.378821434375 0.172128809375 0.39759092812499996 0.145468478125 0.42741529062500005 0.13167148906249998 0.519893915625 0.10804254375 0.5422646890625 0.077013746875 0.56319295 0.06427718125000001 0.580222059375 0.06697432656249999 0.588271390625 0.0620756484375 0.59378040625 0.0456622015625 0.614624990625 0.0242693875 0.6183065937500001 0.012505360937500001 0.539350853125 0 0.0729596578125 0
0 0.39271448593749997 0.1854416734375 0.4012290421875 0.186790246875 0.42859676562500004 0.17013473750000002 0.45549926718749995 0.147231978125 0.449739221875 0.13767668125000002 0.43232856406250003 0.13738853125 0.407799025 0.1544935640625 0.3930123578125 0.17437643125 0.39271448593749997 0.1854416734375
0 0.275759971875 0.483004571875 0.28342775625 0.48051488906250006 0.28309305 0.44588989687499997 0.300932096875 0.40673506406250004 0.36087869375000003 0.3680758421875 0.40320043906249997 0.3488499625 0.3989665828125 0.3296586828125 0.369440090625 0.3323904265625 0.3424539125 0.34663693906250004 0.30949349531250003 0.3710496484375 0.27462533906250003 0.4075073359375 0.26284420937499997 0.4451522234375 0.269451028125 0.45854577656249995 0.26923683125000003 0.47826726875 0.275759971875 0.483004571875
0 0.48045012031249995 1 0.481491746875 0.9934234359375 0.4788677578125 0.9732524187499999 0.48306478124999996 0.9467534640625 0.491793528125 0.92838054375 0.519459125 0.900659790625 0.5494140078124999 0.8584850640624999 0.6168610343750001 0.8000236640624999 0.621988503125 0.7860192109375 0.657405559375 0.7644650234375 0.6395296796875 0.757929621875 0.5910663406250001 0.7700092 0.571199046875 0.7668625296875 0.556245028125 0.7694329 0.519348625 0.7635890843750001 0.485123053125 0.740882296875 0.46386008749999996 0.7189938687499999 0.43421308593749997 0.6673791296875 0.41176864375 0.60702745625 0.3929723234375 0.505273325 0.39852818437500004 0.451825890625 0.3959878703125 0.44031112187500004 0.383192615625 0.45680525625 0.3473940125 0.480768440625 0.350315875 0.4898742125 0.374249671875 0.49489966875 0.36437628125 0.5204995734375 0.3344213984375 0.562674303125 0.31671287187499997 0.573451396875 0.28074691406249996 0.580102084375 0.2630383875 0.5908791796874999 0.24028606562500002 0.624316971875 0.2436731515625 0.639669996875 0.24100231875000003 0.65653296875 0.19707070937499999 0.6767385828125 0.12466356249999999 0.7665169296875 0.119833965625 0.7694561375 0.09996667031249999 0.7663094671875 0.076200225 0.7785965078125 0.0714543046875 0.7901919640624999 0.07691647812499999 0.8108125046874999 0.0715748140625 0.8445384484374999 0.060770975000000005 0.85764385 0.047045271875 0.8616434828124999 0.0305650640625 0.8738498359375001 0.022050509375 0.8725012624999999 0.007310684374999999 0.8553501421874999 0 0.8525467328125 0 0.9270403421875001 0.46064914687499997 1 0.48045012031249995 1
0 0.9333152453125001 0.703214171875 0.962209159375 0.6769226796875001 0.9661083109374999 0.6614889671874999 0.9487813296875001 0.6698570640625 0.9347577578124999 0.684921940625 0.9296302890625 0.698926390625 0.9333152453125001 0.703214171875
0 0.8657477078125 0.7073290875 0.880236503125 0.698511465625 0.890956665625 0.6767498140625 0.8804506984374999 0.6787899734375 0.8793060562499999 0.6860169609375 0.8692653109374999 0.6943043734375001 0.8657477078125 0.7073290875
0 0.9459331375 0.7521317640625 0.9539824671874999 0.7472330859375 0.9600872265625 0.7086891515625 0.9564022703124999 0.7044013703124999 0.9519542203125001 0.70493158125 0.93678600625 0.72722344375 0.9459331375 0.7521317640625
0 0.85497069375 0.84884895 0.8933932875 0.8450567828125 0.9215241078125 0.82358328125 0.930085503125 0.7878978671875 0.9175512875 0.7476365203124999 0.90950195625 0.7525352 0.8988654703125001 0.7829530984375 0.8804775234375001 0.8072044328124999 0.8510347078124999 0.818592425 0.8361643640624999 0.82981904375 0.8419244125 0.8393743406249999 0.85497069375 0.84884895
0 0.897617134375 0.9469722859375 0.9217651265625 0.9322762499999999 0.94091616875 0.9032069234375 0.9440522250000001 0.8925912046875 0.9504113500000001 0.8524412703124999 0.9443132625 0.8358357249999999 0.9051644078125 0.8901361187499999 0.8939321781249999 0.94268450625 0.897617134375 0.9469722859375
0 0.8702594171875001 0.880903571875 0.8807653859375 0.8788634140625 0.8842829890624999 0.8658386984374999 0.8628058281250001 0.8636717640624999 0.8702594171875001 0.880903571875
1 1 0.0729596578125 0.664498053125 0.019821368750000002 0.6607990453125 0.026643785937499997 0.6559694453125 0.0295829921875 0.649827853125 0.022436692187500003 0.648499653125 0.017287471874999998 0.6183065937500001 0.012505360937500001 0.614624990625 0.0242693875 0.59378040625 0.0456622015625 0.588271390625 0.0620756484375 0.580222059375 0.06697432656249999 0.56319295 0.06427718125000001 0.5422646890625 0.077013746875 0.519893915625 0.10804254375 0.42741529062500005 0.13167148906249998 0.39759092812499996 0.145468478125 0.378821434375 0.172128809375 0.3757690546875 0.1914007765625 0.3678034 0.204955703125 0.361698640625 0.2434996390625 0.3400909609375 0.26971044375000003 0.2894220140625 0.304900246875 0.2640457015625 0.3181670234375 0.25836933281249996 0.317267975 0.24549040312499998 0.3251058609375 0.2180390015625 0.33310512187499997 0.1749541625 0.3571489921875 0.1637687765625 0.3726633921875 0.1531322890625 0.40308129062500003 0.1450829578125 0.40797997031250005 0.0973827140625 0.4152415546875 0.0768360015625 0.425569125 0.0512454953125 0.45855739375000004 0.032261806250000004 0.5049392171875 0.008579037500000001 0.52588250625 0 0.5300257671875 0 0.8510192906249999 0.015062143750000001 0.86151670625 0.022050509375 0.8725012624999999 0.0305650640625 0.8738498359375001 0.047045271875 0.8616434828124999 0.060770975000000005 0.85764385 0.0715748140625 0.8445384484374999 0.07691647812499999 0.8108125046874999 0.0714543046875 0.7901919640624999 0.076200225 0.7785965078125 0.0939087546875 0.767819415625 0.119833965625 0.7694561375 0.12466356249999999 0.7665169296875 0.19707070937499999 0.6767385828125 0.24100231875000003 0.65653296875 0.2436731515625 0.639669996875 0.24028606562500002 0.624316971875 0.2630383875 0.5908791796874999 0.28074691406249996 0.580102084375 0.31671287187499997 0.573451396875 0.3344213984375 0.562674303125 0.3524277984375 0.540831965625 0.374249671875 0.49489966875 0.350315875 0.4898742125 0.3473940125 0.480768440625 0.383192615625 0.45680525625 0.3975977359375 0.4393313859375 0.4033209484375 0.403196446875 0.41755871562499997 0.36841008125 0.4064201703125 0.3468904921875 0.36087869375000003 0.3680758421875 0.300932096875 0.40673506406250004 0.28309305 0.44588989687499997 0.283809303125 0.47810589375 0.27859815781249997 0.48345409687499996 0.26923683125000003 0.47826726875 0.269451028125 0.45854577656249995 0.26284420937499997 0.4451522234375 0.2655150421875 0.42828925 0.27462533906250003 0.4075073359375 0.3195342390625 0.36276223750000003 0.369440090625 0.3323904265625 0.40057644843749995 0.328678946875 0.4146468625 0.27658008437500003 0.43057817187499997 0.24947023124999998 0.4665909703125 0.20578555468749998 0.497559975 0.184761578125 0.5064560765625 0.18370115468749998 0.5122161234375 0.1932564515625 0.49988609375 0.2159978390625 0.4984435796875 0.23429007031250002 0.50971264375 0.22743191875000002 0.5485636265625 0.1841967671875 0.5891918296875 0.1572943765625 0.6162616828124999 0.1517041125 0.626683975 0.14100770468749999 0.635198528125 0.142356278125 0.65091564375 0.134967915625 0.682135678125 0.1399126828125 0.70429225625 0.128605378125 0.7152634484375 0.13281247031250001 0.7514436 0.106440290625 0.7620332453125 0.11305638124999999 0.7741490796875 0.1100364859375 0.8333694140624999 0.1218854921875 0.8553117984374999 0.130299678125 0.8814043609375 0.1492488984375 0.9109676875 0.19220738906249998 0.9292619484375001 0.24202403281249998 0.9329837390625 0.2920020484375 0.9503007109375 0.3663581734375 0.9770626859375 0.4545573765625 1 0.506214221875 1 0.0729596578125
1 1 0.5235069359375 0.9928534687499999 0.5385494859375 0.989419540625 0.5602304499999999 0.973869778125 0.5849313078125 0.939001621875 0.621388996875 0.8429585515625 0.6950766453125 0.777717134375 0.730427821875 0.6807904578125 0.7545869781250001 0.6622351578125001 0.7615258171875 0.621988503125 0.7860192109375 0.6168610343750001 0.8000236640624999 0.5598362984375 0.84778865625 0.519459125 0.900659790625 0.491793528125 0.92838054375 0.48306478124999996 0.9467534640625 0.478865790625 1 0.8680556921875 1 0.8717287562499999 0.9910258000000001 0.92892084375 0.9605733031250001 0.934179684375 0.954923975 0.966277365625 0.752267190625 0.9628785687500001 0.7461726625 0.9651678546875001 0.7317186875 0.97152364375 0.7191434953125 1 0.5393508578125 1 0.5235069359375
1 0.3930123578125 0.17437643125 0.39148616875000003 0.1840124140625 0.4012290421875 0.186790246875 0.42859676562500004 0.17013473750000002 0.45549926718749995 0.147231978125 0.449739221875 0.13767668125000002 0.43232856406250003 0.13738853125 0.407799025 0.1544935640625 0.3930123578125 0.17437643125
1 0.9303933828125001 0.6941083984375 0.9320869249999999 0.7017849109375 0.9377632953124999 0.7026839593750001 0.9586078796875 0.681291146875 0.9661919875 0.6701452156250001 0.9661083109374999 0.6614889671874999 0.9419603171875 0.6761850046875 0.9303933828125001 0.6941083984375
1 0.8804506984374999 0.6787899734375 0.8645193890625 0.705899828125 0.8685858921875 0.7077786109375 0.880236503125 0.698511465625 0.890956665625 0.6767498140625 0.8804506984374999 0.6787899734375
1 0.93678600625 0.72722344375 0.94470481875 0.75070250625 0.948771321875 0.7525812890625 0.9539824671874999 0.7472330859375 0.9600872265625 0.7086891515625 0.9564022703124999 0.7044013703124999 0.9519542203125001 0.70493158125 0.93678600625 0.72722344375
1 0.8419244125 0.8393743406249999 0.853742375 0.847419690625 0.863485246875 0.8501975234374999 0.8699247124999999 0.84627858125 0.8933932875 0.8450567828125 0.9215241078125 0.82358328125 0.930085503125 0.7878978671875 0.9175512875 0.7476365203124999 0.90950195625 0.7525352 0.8988654703125001 0.7829530984375 0.8804775234375001 0.8072044328124999 0.8510347078124999 0.818592425 0.8361643640624999 0.82981904375 0.8419244125 0.8393743406249999
1 0.956559615625 0.8044380890625 0.95816948125 0.8034583546875 0.9604587656250001 0.789004378125 0.956559615625 0.8044380890625
1 0.9068947828124999 0.9435028671874999 0.9217651265625 0.9322762499999999 0.94091616875 0.9032069234375 0.9440522250000001 0.8925912046875 0.9504113500000001 0.8524412703124999 0.9443132625 0.8358357249999999 0.9051644078125 0.8901361187499999 0.8963888156250001 0.9455430281250001 0.9068947828124999 0.9435028671874999
1 0.8628058281250001 0.8636717640624999 0.8690311 0.8794743109375001 0.8807653859375 0.8788634140625 0.8842829890624999 0.8658386984374999 0.8628058281250001 0.8636717640624999
9 1 0.512629096875 0.9803660937500001 0.46125415312499995 0.94253924375 0.4429158328125 0.87687944375 0.4349857703125 0.8682812125 0.42498094843749995 0.86904430625 0.42016295625 0.8803133703125001 0.4133048046875 0.9183544171875001 0.4119216328125 0.9662220125 0.42197254375000004 0.9682134250000001 0.4185838125 0.9376828203124999 0.31744058124999996 0.9292619484375001 0.24202403281249998 0.9109676875 0.19220738906249998 0.8814043609375 0.1492488984375 0.8471787921875 0.1265421109375 0.7741490796875 0.1100364859375 0.7620332453125 0.11305638124999999 0.7514436 0.106440290625 0.7152634484375 0.13281247031250001 0.70429225625 0.128605378125 0.682135678125 0.1399126828125 0.65091564375 0.134967915625 0.635198528125 0.142356278125 0.626683975 0.14100770468749999 0.6162616828124999 0.1517041125 0.5891918296875 0.1572943765625 0.558604371875 0.1759093578125 0.5244993109375 0.207549053125 0.50971264375 0.22743191875000002 0.4984435796875 0.23429007031250002 0.49988609375 0.2159978390625 0.5122161234375 0.1932564515625 0.5064560765625 0.18370115468749998 0.497559975 0.184761578125 0.4665909703125 0.20578555468749998 0.43057817187499997 0.24947023124999998 0.4146468625 0.27658008437500003 0.4047734703125 0.3021799921875 0.4001949015625 0.33108794218750004 0.41755871562499997 0.36841008125 0.4033209484375 0.403196446875 0.396071546875 0.44896736875 0.3920418765625 0.4927788203125 0.3995323 0.5557008671875 0.417612365625 0.625239 0.4453516296875 0.6888987203125 0.47491495625 0.7318572109375 0.519348625 0.7635890843750001 0.556245028125 0.7694329 0.571199046875 0.7668625296875 0.5910663406250001 0.7700092 0.6395296796875 0.757929621875 0.6590154265625 0.7634852875 0.6807904578125 0.7545869781250001 0.777717134375 0.730427821875 0.8429585515625 0.6950766453125 0.912099121875 0.6442917578125 0.9702685000000001 0.5892997765625 0.989419540625 0.5602304499999999 1 0.5244150249999999 1 0.512629096875
9 0.7298527375 0.3437897796875 0.7340029171875 0.3543248125 0.7522603453125 0.3584512203125 0.760309675 0.353552540625 0.7506973218749999 0.3223969671875 0.7228275390625 0.2871149875 0.692203246875 0.26003973281250004 0.6632724984375 0.2406409890625 0.63319710625 0.22846923281249998 0.6133298125 0.2253225625 0.5935461953125001 0.23083214062500002 0.62730654375 0.2472916765625 0.6371330921875 0.258725759375 0.6844049453125 0.29090715624999997 0.7298527375 0.3437897796875
9 0.6445298296875 0.395715778125 0.6794348203125 0.404948328125 0.6863395078125001 0.40727663437499995 0.688330921875 0.40388790312499995 0.6783370203125 0.3751413265625 0.6574556015625 0.3508439046875 0.6444093203125 0.3413692953125 0.614333928125 0.32919753906250004 0.583960665625 0.328091028125 0.5898043875 0.3463025734375 0.612760896875 0.3758675109375 0.6445298296875 0.395715778125
9 0.66661955 0.5868909078125 0.6897902515625 0.5967343546875 0.7364295296875001 0.6053560046875 0.7537565109375 0.5969879078125 0.7613406171875 0.585841975 0.7640114484375 0.5689790046875001 0.7602428171875 0.5560349765625 0.8035050171875 0.4665793765625 0.78829996875 0.44318100312500003 0.7561494890625 0.42574173125000003 0.721709721875 0.4227564359375 0.64545026875 0.49093450625 0.6075765750000001 0.5096301734375001 0.600374015625 0.518367109375 0.6009229171875 0.5332706093749999 0.634850615625 0.5670426421875 0.661324728125 0.5835828640625 0.6633998171875 0.58885038125 0.66661955 0.5868909078125
9 0.8398893546874999 0.5032099296875 0.8728866078124999 0.5244874562499999 0.9110113296875 0.5317605328125 0.928803534375 0.5296396875 0.9307949484375 0.52625095625 0.910676625 0.4971355421875 0.8842025124999999 0.48059531875 0.8558206640625 0.476100075 0.8323520906249999 0.47732187187499997 0.8214645734375001 0.48177102656250004 0.8398893546874999 0.5032099296875
9 0.5680729999999999 0.694754025 0.60221489375 0.708804565625 0.6261486921875 0.71383001875 0.664571284375 0.710037853125 0.6888029546875 0.7039980625 0.70007201875 0.6971399125 0.68423439375 0.650181790625 0.654838421875 0.6245357953124999 0.6349711250000001 0.621389125 0.6096416578125 0.5976219140625 0.5269527468749999 0.5869947046874999 0.50916054375 0.58911555 0.5139433 0.6232103312499999 0.5309255671875001 0.662941465625 0.544437071875 0.6786633265625001 0.5680729999999999 0.694754025
4 0.9775279078124999 0.460804628125 0.9699069671875 0.4262603234375 0.9609271906249999 0.41866449843750003 0.9183544171875001 0.4119216328125 0.8803133703125001 0.4133048046875 0.86904430625 0.42016295625 0.8682812125 0.42498094843749995 0.87687944375 0.4349857703125 0.94253924375 0.4429158328125 0.9775279078124999 0.460804628125
3 0.8741149265624999 0.5259167171875 0.9110113296875 0.5317605328125 0.928803534375 0.5296396875 0.9307949484375 0.52625095625 0.910676625 0.4971355421875 0.8842025124999999 0.48059531875 0.8558206640625 0.476100075 0.8323520906249999 0.47732187187499997 0.8214645734375001 0.48177102656250004 0.8398893546874999 0.5032099296875 0.8741149265624999 0.5259167171875
6 0.691018571875 0.598163615625 0.7364295296875001 0.6053560046875 0.7537565109375 0.5969879078125 0.7613406171875 0.585841975 0.7640114484375 0.5689790046875001 0.7602428171875 0.5560349765625 0.8035050171875 0.4665793765625 0.78829996875 0.44318100312500003 0.7561494890625 0.42574173125000003 0.721709721875 0.4227564359375 0.64545026875 0.49093450625 0.6317245687499999 0.49493413750000004 0.6075765750000001 0.5096301734375001 0.600374015625 0.518367109375 0.6009229171875 0.5332706093749999 0.634850615625 0.5670426421875 0.661324728125 0.5835828640625 0.6633998171875 0.58885038125 0.66661955 0.5868909078125 0.691018571875 0.598163615625
8 0.7352312375000001 0.3557540734375 0.7522603453125 0.3584512203125 0.760309675 0.353552540625 0.7506973218749999 0.3223969671875 0.7228275390625 0.2871149875 0.692203246875 0.26003973281250004 0.6632724984375 0.2406409890625 0.63319710625 0.22846923281249998 0.6133298125 0.2253225625 0.5935461953125001 0.23083214062500002 0.62730654375 0.2472916765625 0.6371330921875 0.258725759375 0.6844049453125 0.29090715624999997 0.7298527375 0.3437897796875 0.7352312375000001 0.3557540734375
10 0.6960055140625 0.6952611281250001 0.7004535656249999 0.6947309171875 0.694991390625 0.6741103749999999 0.6756361625 0.64017696875 0.654838421875 0.6245357953124999 0.6349711250000001 0.621389125 0.6096416578125 0.5976219140625 0.5269527468749999 0.5869947046874999 0.5103888624999999 0.5905448109375 0.6960055140625 0.6952611281250001
5 0.6034432140625 0.710233825 0.6261486921875 0.71383001875 0.664571284375 0.710037853125 0.6888029546875 0.7039980625 0.70007201875 0.6971399125 0.6199702640625 0.6609934843749999 0.5377097453124999 0.6109232890625 0.50916054375 0.58911555 0.5139433 0.6232103312499999 0.5309255671875001 0.662941465625 0.544437071875 0.6786633265625001 0.5680729999999999 0.694754025 0.6034432140625 0.710233825
2 0.6793579515625 0.6901549859375 0.6866441875 0.6900743 0.538472840625 0.6061052984375 0.5340247890625001 0.606635509375 0.595952790625 0.64731178125 0.6793579515625 0.6901549859375
7 0.6806631390625 0.4063775859375 0.6863395078125001 0.40727663437499995 0.688330921875 0.40388790312499995 0.6783370203125 0.3751413265625 0.6574556015625 0.3508439046875 0.6444093203125 0.3413692953125 0.614333928125 0.32919753906250004 0.583960665625 0.328091028125 0.5898043875 0.3463025734375 0.612760896875 0.3758675109375 0.6445298296875 0.395715778125 0.6806631390625 0.4063775859375