0 0 0 0 1 1 1 1 0 0 0
0 0.753571428125 0.6488970593750001 0.7642857140625 0.6488970593750001 0.7696428578125001 0.643382353125 0.7732142859375 0.6176470593750001 0.7982142859375 0.580882353125 0.7946428578125 0.4154411765625 0.783928571875 0.3639705875 0.7482142859375001 0.2830882359375 0.716071428125 0.23529411718749998 0.65 0.17095588281250002 0.5857142859375 0.137867646875 0.5571428578125001 0.13051470625 0.3892857140625 0.13051470625 0.3607142859375 0.1452205875 0.33928571406249997 0.163602940625 0.2571428578125 0.20772058750000003 0.21964285781249998 0.24632352968750001 0.20178571406249998 0.2830882359375 0.191071428125 0.330882353125 0.191071428125 0.3897058828125 0.2053571421875 0.4705882359375 0.21964285781249998 0.4889705875 0.22678571406249998 0.5110294125 0.233928571875 0.6176470593750001 0.2553571421875 0.6875 0.2946428578125 0.7830882359375 0.316071428125 0.8161764703125 0.3678571421875 0.8584558828125 0.3857142859375 0.8658088234375001 0.433928571875 0.8639705875000001 0.46785714218749996 0.8584558828125 0.5142857140625 0.8400735296875 0.5714285718750001 0.8106617640625 0.6321428578125 0.7702205875 0.683928571875 0.7095588234375 0.7196428578125 0.6397058828125 0.728571428125 0.63051470625 0.7428571421875 0.6268382359375 0.7446428578125001 0.6397058828125 0.753571428125 0.6488970593750001
1 0.5571428578125001 0.13051470625 0.3892857140625 0.13051470625 0.33928571406249997 0.163602940625 0.2678571421875 0.20036764687500003 0.21964285781249998 0.24632352968750001 0.20178571406249998 0.2830882359375 0.191071428125 0.330882353125 0.191071428125 0.3897058828125 0.19821428593749998 0.4375 0.2053571421875 0.4705882359375 0.21785714218750002 0.487132353125 0.2232142859375 0.4779411765625 0.21964285781249998 0.3970588234375 0.233928571875 0.34926470625 0.2553571421875 0.30882352968750004 0.2821428578125 0.28125 0.346428571875 0.2518382359375 0.3928571421875 0.24448529375 0.43214285781250006 0.2518382359375 0.5 0.28125 0.575 0.3327205875 0.6125 0.3860294125 0.6625 0.4375 0.6892857140624999 0.47610294062499997 0.7107142859375 0.47610294062499997 0.7392857140625 0.4466911765625 0.7571428578125 0.4393382359375 0.7803571421875 0.4522058828125 0.7875 0.4669117640625 0.7875 0.5147058828125 0.7767857140625 0.5772058828125 0.7625 0.606617646875 0.7446428578125001 0.625 0.7446428578125001 0.6397058828125 0.753571428125 0.6488970593750001 0.7642857140625 0.6488970593750001 0.7696428578125001 0.643382353125 0.7732142859375 0.6176470593750001 0.7982142859375 0.580882353125 0.7982142859375 0.44485294062499997 0.783928571875 0.3639705875 0.7303571421874999 0.25367647031249996 0.65 0.17095588281250002 0.5857142859375 0.137867646875 0.5571428578125001 0.13051470625
9 0.7732142859375 0.58823529375 0.7875 0.5147058828125 0.7875 0.4669117640625 0.775 0.4466911765625 0.7571428578125 0.4393382359375 0.7392857140625 0.4466911765625 0.7107142859375 0.47610294062499997 0.6892857140624999 0.47610294062499997 0.6625 0.4375 0.6125 0.3860294125 0.5767857140625 0.3345588234375 0.5321428578125 0.299632353125 0.47142857187500004 0.2665441171875 0.43214285781250006 0.2518382359375 0.3892857140625 0.24448529375 0.3178571421875 0.262867646875 0.2821428578125 0.28125 0.2553571421875 0.30882352968750004 0.233928571875 0.34926470625 0.21964285781249998 0.3970588234375 0.21964285781249998 0.49264705937500003 0.22678571406249998 0.5110294125 0.22678571406249998 0.5625 0.2375 0.6323529406249999 0.2982142859375 0.7904411765625 0.328571428125 0.8290441171875 0.3678571421875 0.8584558828125 0.3857142859375 0.8658088234375001 0.43214285781250006 0.8658088234375001 0.4892857140625 0.8511029406249999 0.5714285718750001 0.8106617640625 0.6321428578125 0.7702205875 0.6625 0.7389705875 0.7017857140625 0.6801470593750001 0.7196428578125 0.6397058828125 0.728571428125 0.63051470625 0.7428571421875 0.6268382359375 0.7732142859375 0.58823529375
9 0.5178571421875 0.4209558828125 0.5446428578125 0.4227941171875 0.5142857140625 0.40257352968750004 0.46428571406249997 0.40257352968750004 0.41071428593750003 0.4283088234375 0.3982142859375 0.44485294062499997 0.4125 0.4522058828125 0.46785714218749996 0.4283088234375 0.5178571421875 0.4209558828125
9 0.3357142859375 0.47242647031249996 0.341071428125 0.4595588234375 0.3107142859375 0.4466911765625 0.27142857187499997 0.44301470624999995 0.2446428578125 0.455882353125 0.233928571875 0.4779411765625 0.2375 0.481617646875 0.2678571421875 0.46875 0.3357142859375 0.47242647031249996
9 0.491071428125 0.5036764703125 0.5267857140625 0.481617646875 0.4892857140625 0.46507352968750004 0.46428571406249997 0.47242647031249996 0.441071428125 0.5036764703125 0.491071428125 0.5036764703125
9 0.3375 0.580882353125 0.3267857140625 0.6029411765625 0.3267857140625 0.6323529406249999 0.3357142859375 0.6415441171875 0.3803571421875 0.643382353125 0.43214285781250006 0.6268382359375 0.441071428125 0.6176470593750001 0.4446428578125 0.6029411765625 0.4267857140625 0.5772058828125 0.4125 0.5073529406249999 0.3892857140625 0.49448529375000005 0.3678571421875 0.49448529375000005 0.358928571875 0.5 0.34821428593750003 0.52573529375 0.3375 0.580882353125
9 0.2625 0.52573529375 0.27142857187499997 0.53125 0.3125 0.5294117640625 0.3375 0.5220588234375 0.3071428578125 0.4981617640625 0.2892857140625 0.4981617640625 0.2625 0.52573529375
9 0.43214285781250006 0.7297794125 0.491071428125 0.6911764703125 0.46785714218749996 0.68198529375 0.40357142812499996 0.674632353125 0.3928571421875 0.68198529375 0.3642857140625 0.6856617640625 0.3303571421875 0.7205882359375 0.3678571421875 0.7408088234375 0.3875 0.7389705875 0.43214285781250006 0.7297794125
4 0.3357142859375 0.47242647031249996 0.341071428125 0.4595588234375 0.3107142859375 0.4466911765625 0.27142857187499997 0.44301470624999995 0.2446428578125 0.455882353125 0.23571428593750002 0.4834558828125 0.2678571421875 0.46875 0.3357142859375 0.47242647031249996
3 0.2892857140625 0.4981617640625 0.2625 0.52573529375 0.27142857187499997 0.53125 0.3107142859375 0.53125 0.3375 0.5220588234375 0.3071428578125 0.4981617640625 0.2892857140625 0.4981617640625
6 0.34821428593750003 0.52573529375 0.3375 0.580882353125 0.3267857140625 0.6029411765625 0.3267857140625 0.6323529406249999 0.3357142859375 0.6415441171875 0.378571428125 0.6452205875 0.43214285781250006 0.6268382359375 0.441071428125 0.6176470593750001 0.4446428578125 0.6029411765625 0.4267857140625 0.5772058828125 0.4125 0.5073529406249999 0.3892857140625 0.49448529375000005 0.3678571421875 0.49448529375000005 0.358928571875 0.5 0.34821428593750003 0.52573529375
2 0.458928571875 0.6948529406249999 0.41071428593750003 0.69301470625 0.35535714218750003 0.7095588234375 0.375 0.7113970593750001 0.458928571875 0.6948529406249999
10 0.3642857140625 0.6856617640625 0.3375 0.7095588234375 0.3428571421875 0.7150735296875 0.375 0.700367646875 0.41071428593750003 0.69301470625 0.46428571406249997 0.69301470625 0.48392857187500005 0.6875 0.44285714218749994 0.68198529375 0.428571428125 0.674632353125 0.40357142812499996 0.674632353125 0.3928571421875 0.68198529375 0.3642857140625 0.6856617640625
5 0.4142857140625 0.700367646875 0.33392857187499997 0.7205882359375 0.3571428578125 0.737132353125 0.3857142859375 0.7408088234375 0.43214285781250006 0.7297794125 0.4875 0.6911764703125 0.4142857140625 0.700367646875
8 0.41071428593750003 0.4540441171875 0.425 0.44301470624999995 0.46785714218749996 0.4283088234375 0.5178571421875 0.4209558828125 0.5446428578125 0.4227941171875 0.5142857140625 0.40257352968750004 0.46428571406249997 0.40257352968750004 0.41071428593750003 0.4283088234375 0.3982142859375 0.44485294062499997 0.41071428593750003 0.4540441171875
7 0.475 0.46875 0.4482142859375 0.4889705875 0.441071428125 0.5036764703125 0.4892857140625 0.50551470625 0.5267857140625 0.481617646875 0.496428571875 0.46507352968750004 0.475 0.46875