0 0.095107984375 0 0 0.447447884375 0 0.904892015625 0.447447884375 1 0.904892015625 1 1 0.552552115625 1 0.095107984375 0.552552115625 0 0.095107984375 0
0 0.3800984921875 0.7496096125 0.4176167171875 0.7673395171874999 0.479294690625 0.78240060625 0.54801183125 0.7735945046875 0.5730679734375 0.7574590046874999 0.6105125015625 0.710789196875 0.6546876859374999 0.6694520984375 0.6854015578125 0.617449584375 0.70807703125 0.612514246875 0.7256089625000001 0.594779425 0.7444486328125001 0.5246447171875 0.76287695625 0.49344320937499997 0.7731931859375 0.4449091671875 0.7672560859375 0.4358430703125 0.7839207625 0.3574419265625 0.783156346875 0.28704230625 0.7724870515625 0.22624352656250002 0.7450793828125 0.17944618125 0.7159817640624999 0.14984891250000001 0.6169912390625 0.0975913203125 0.5084780421875 0.09013438124999999 0.416982590625 0.11360911874999999 0.3798465734375 0.13107902656249998 0.3447827125 0.1665486703125 0.3253551609375 0.220950165625 0.2922606203125 0.2841528453125 0.284325059375 0.3214867234375 0.26530885312499997 0.3369550203125 0.2420900546875 0.4646898640625 0.24861503593749998 0.48948917343750004 0.2693948859375 0.5212205109375 0.2652214328125 0.5593540484374999 0.272334296875 0.5998865671875 0.295877021875 0.655617553125 0.3270467984375 0.7032145578125 0.3800984921875 0.7496096125
9 0.41910099062499995 0.769606040625 0.479294690625 0.78240060625 0.54801183125 0.7735945046875 0.5730679734375 0.7574590046874999 0.6105125015625 0.710789196875 0.64933846875 0.6761192140625 0.6854015578125 0.617449584375 0.714910525 0.6081136546875 0.7317517359375 0.584378921875 0.7444486328125001 0.5246447171875 0.76287695625 0.49344320937499997 0.7731931859375 0.4449091671875 0.7649782546874999 0.437309934375 0.721596625 0.47491364375 0.7133816937499999 0.46731441250000005 0.7027123984375 0.406515634375 0.7197592828125 0.3633143015625 0.7239327390625 0.3251807625 0.7130577687499999 0.2838485828125 0.6929686375 0.2581171578125 0.6438555828125 0.2671881734375 0.594948203125 0.2567925890625 0.570994128125 0.23999480312500002 0.512387540625 0.21973346093749999 0.5026883343749999 0.2098677046875 0.4575430625 0.20027177968749998 0.4258591 0.201341271875 0.4015965125 0.21374338593750003 0.3801996390625 0.24041184843750002 0.3609777609375 0.27534674375 0.35066153125 0.3238807859375 0.32074121718750004 0.37214991249999996 0.3139077234375 0.376550503125 0.3071770671875 0.3712177953125 0.2866028890625 0.320019859375 0.26530885312499997 0.3369550203125 0.2420900546875 0.4646898640625 0.24861503593749998 0.48948917343750004 0.2693948859375 0.5212205109375 0.2652214328125 0.5593540484374999 0.272334296875 0.5998865671875 0.295877021875 0.655617553125 0.3270467984375 0.7032145578125 0.3800984921875 0.7496096125 0.41910099062499995 0.769606040625
9 0.36816432187500003 0.3802789734375 0.348457396875 0.38974735781250003 0.42300880156250004 0.39974065312499996 0.47409117656250005 0.41840267343750004 0.48548033124999995 0.41106835625000004 0.45331132500000004 0.3866713375 0.4089596078125 0.373342025 0.36816432187500003 0.3802789734375
9 0.620019759375 0.453322815625 0.650807328125 0.465720009375 0.669617859375 0.46971831093749994 0.632305309375 0.432521809375 0.575873715625 0.42052690468750004 0.5411183671875001 0.4267966484375 0.54398408125 0.44106299531250004 0.620019759375 0.453322815625
9 0.373792909375 0.41854496875 0.3947784359375 0.43080970625 0.437645878125 0.44187249375000004 0.452003584375 0.4390712234375 0.431120896875 0.4170731859375 0.404786153125 0.4114755625 0.373792909375 0.41854496875
9 0.556549 0.46519510156250005 0.577534525 0.4774598390625 0.6015914375 0.48452432500000003 0.6280290171875 0.4803886484375 0.6071463296874999 0.458390609375 0.5845736921875 0.45359264687499995 0.556549 0.46519510156250005
9 0.43126828906250003 0.5458726046875 0.46423085000000003 0.5665362359375 0.5003676375 0.5722663156250001 0.5321544359375 0.561463521875 0.5377093281249999 0.5353298093750001 0.5266286828125 0.5134642281249999 0.5302142578125 0.45959747812499996 0.513093675 0.4383991 0.49428314531249995 0.43440079843749996 0.4708141140625 0.443069525 0.4422752359375 0.503338475 0.42167191875 0.5262735484375 0.43126828906250003 0.5458726046875
9 0.39579308125 0.620275446875 0.4287556421875 0.640939078125 0.491227171875 0.6522667796875 0.516180478125 0.6458645781250001 0.5457922828124999 0.62679535 0.52629103125 0.6167971375 0.457779565625 0.6061366390625 0.436794040625 0.5938719015625 0.384124553125 0.58267665625 0.36976684843749996 0.5854779265625 0.39579308125 0.620275446875
1 0.7178345203125 0.474113984375 0.7420971046875 0.46171187187499996 0.772605303125 0.42917595625000005 0.7805408640625 0.391842078125 0.7843321109375 0.318508728125 0.780393471875 0.26304265781249997 0.7673435078125 0.2134440421875 0.7450793828125 0.17944618125 0.7159817640624999 0.14984891250000001 0.6169912390625 0.0975913203125 0.5243200234375001 0.089599634375 0.48808039843750006 0.09360285625 0.416982590625 0.11360911874999999 0.3821244046875 0.1296121640625 0.35092548749999997 0.1561481671875 0.3253551609375 0.220950165625 0.3007840625 0.262552178125 0.28511861562499996 0.317753334375 0.296992815625 0.3358855265625 0.3071770671875 0.3712177953125 0.3139077234375 0.376550503125 0.331439653125 0.3588156828125 0.35066153125 0.3238807859375 0.3609777609375 0.27534674375 0.4015965125 0.21374338593750003 0.41754133125 0.2034753390625 0.4379389734375 0.20000686562499997 0.5026883343749999 0.2098677046875 0.512387540625 0.21973346093749999 0.570994128125 0.23999480312500002 0.594948203125 0.2567925890625 0.6438555828125 0.2671881734375 0.68920653125 0.257317496875 0.69969929375 0.263449865625 0.7130577687499999 0.2838485828125 0.7239327390625 0.3251807625 0.7197592828125 0.3633143015625 0.7027123984375 0.406515634375 0.7178345203125 0.474113984375
4 0.652291603125 0.46798653437500004 0.669617859375 0.46971831093749994 0.632305309375 0.432521809375 0.575873715625 0.42052690468750004 0.5411183671875001 0.4267966484375 0.54398408125 0.44106299531250004 0.620019759375 0.453322815625 0.652291603125 0.46798653437500004
3 0.5790188 0.4797263625 0.6015914375 0.48452432500000003 0.6280290171875 0.4803886484375 0.6071463296874999 0.458390609375 0.5845736921875 0.45359264687499995 0.556549 0.46519510156250005 0.5790188 0.4797263625
5 0.4302399171875 0.6432056015625001 0.491227171875 0.6522667796875 0.516180478125 0.6458645781250001 0.5457922828124999 0.62679535 0.4914328453125 0.6328001796875 0.43123914843750005 0.6200056140625 0.37273539843750003 0.590010975 0.39579308125 0.620275446875 0.4302399171875 0.6432056015625001
10 0.45539889687499996 0.6173368015625 0.5382680703125 0.6251960296875 0.52629103125 0.6167971375 0.457779565625 0.6061366390625 0.436794040625 0.5938719015625 0.384124553125 0.58267665625 0.3772910609375 0.5870772468750001 0.45539889687499996 0.6173368015625
2 0.43123914843750005 0.6200056140625 0.4914328453125 0.6328001796875 0.5299503015625 0.627330096875 0.47797153281250004 0.6221347640625 0.39075237343749997 0.5977426640625 0.43123914843750005 0.6200056140625
6 0.4657151265625 0.5688027609375 0.5003676375 0.5722663156250001 0.5321544359375 0.561463521875 0.5377093281249999 0.5353298093750001 0.5266286828125 0.5134642281249999 0.5302142578125 0.45959747812499996 0.513093675 0.4383991 0.49428314531249995 0.43440079843749996 0.4708141140625 0.443069525 0.4484180109375 0.4929379734375 0.42167191875 0.5262735484375 0.43126828906250003 0.5458726046875 0.4657151265625 0.5688027609375
8 0.3499416734375 0.3920138828125 0.3966740578125 0.39414303125 0.47409117656250005 0.41840267343750004 0.48548033124999995 0.41106835625000004 0.45331132500000004 0.3866713375 0.4089596078125 0.373342025 0.36816432187500003 0.3802789734375 0.3499416734375 0.3920138828125
7 0.396262709375 0.43307622968750004 0.437645878125 0.44187249375000004 0.452003584375 0.4390712234375 0.431120896875 0.4170731859375 0.404786153125 0.4114755625 0.373792909375 0.41854496875 0.396262709375 0.43307622968750004