0 0.0576373671875 0 0 0.46941869062499997 0 0.9423626328125 0.46941869062499997 1 0.9423626328125 1 1 0.530581309375 1 0.0576373671875 0.530581309375 0 0.0576373671875 0
0 0.75890741875 0.5396610046875 0.779000853125 0.40831826875 0.7657504671875001 0.3870134 0.7705109875 0.348242065625 0.759541615625 0.2760546625 0.7588670734375 0.21693805937500002 0.7367500125 0.1709309875 0.706629225 0.141651315625 0.625897234375 0.08844723593750001 0.5183869062500001 0.059504287499999996 0.40516395312500003 0.0770869390625 0.36713868125000004 0.096031534375 0.32501734375 0.1321833296875 0.294430590625 0.18746152656249998 0.2702310046875 0.255330725 0.2602339109375 0.33675052656250004 0.2514664828125 0.3435451921875 0.2452778046875 0.3939479265625 0.25271632187500004 0.4302815296875 0.24757899375 0.5044268640625 0.2586375234375 0.5274304 0.2789395328125 0.5397621375 0.2913370625 0.600318140625 0.32031734375 0.6550390796875 0.34100624687500003 0.7126775515625 0.3598801015625 0.7366406890625 0.42345404374999995 0.7680600984375 0.4881684921875 0.7740382421875001 0.530389075 0.7693833140625 0.5971961343750001 0.7421659218750001 0.6432251328125 0.706493928125 0.6845827703125 0.6604093984375 0.7049739390624999 0.6235572671875 0.713642121875 0.5852657328124999 0.7443281203125001 0.5614844031249999 0.75890741875 0.5396610046875
9 0.7443281203125001 0.5614844031249999 0.75890741875 0.5396610046875 0.779000853125 0.40831826875 0.7640346609375 0.3848349328125 0.7270607390625 0.42752212968750003 0.7187693640624999 0.43043966093749997 0.7136219500000001 0.4239042609375 0.70074836875 0.367225390625 0.7069370453125 0.31682265625 0.69997458125 0.27661192031250004 0.68815235 0.24367565 0.66880244375 0.223589646875 0.6384932515624999 0.2119969765625 0.5916013078125 0.20623936875 0.5789262171875 0.21255423437499998 0.515451521875 0.2126316921875 0.48666973125 0.2209044875 0.435870125 0.21466708125 0.3913584421875 0.1895238078125 0.3633403515625 0.2077293375 0.3390415203125 0.24410166875 0.33037333750000003 0.28239320156250003 0.33247603593749997 0.329878403125 0.3018892796875 0.3851566015625 0.2914060484375 0.3897728 0.2619497140625 0.33892899375 0.2514664828125 0.3435451921875 0.2452778046875 0.3939479265625 0.25271632187500004 0.4302815296875 0.24509948750000002 0.4923156640625 0.2534901078125 0.520895 0.2789395328125 0.5397621375 0.2942926203125 0.6085522078125 0.32031734375 0.6550390796875 0.34100624687500003 0.7126775515625 0.3598801015625 0.7366406890625 0.42345404374999995 0.7680600984375 0.48597663437499994 0.7757369078125 0.530389075 0.7693833140625 0.5971961343750001 0.7421659218750001 0.6432251328125 0.706493928125 0.6845827703125 0.6604093984375 0.7049739390624999 0.6235572671875 0.713642121875 0.5852657328124999 0.7443281203125001 0.5614844031249999
9 0.6650142 0.41596818750000003 0.6278417875 0.395661646875 0.5804737921875 0.39378117343749997 0.54120876875 0.40667016875 0.5497877921875001 0.4175625046875 0.605447165625 0.41652544531249996 0.680932496875 0.43169725625 0.6650142 0.41596818750000003
9 0.396912921875 0.402727415625 0.4745901109375 0.4162005609375 0.4821177859375 0.40335029375 0.450568840625 0.38570202187499997 0.3919539109375 0.37850501406250003 0.3434454078125 0.4020658078125 0.3629837171875 0.40446481093750003 0.396912921875 0.402727415625
9 0.6191736046874999 0.43395318125 0.5918199703125 0.4305945765625 0.5642779328125 0.4449229734375 0.577240671875 0.4524179765625 0.6224168125 0.45599711562499995 0.6468148874999999 0.45112165156249995 0.6191736046874999 0.43395318125
9 0.43112977499999994 0.41479988749999996 0.40768380468750004 0.411921084375 0.380141765625 0.42624948125 0.4043514390625 0.4390610171875 0.42998926875 0.4402411546875 0.4543873453125 0.435365690625 0.43112977499999994 0.41479988749999996
9 0.467260925 0.4920445625 0.449250015625 0.5095110265625 0.44591765156249996 0.5366509609375 0.47308288281250005 0.5576965656249999 0.5099676453125 0.5641932374999999 0.5487566171875 0.555181375 0.56457566875 0.5394135765625 0.552277384375 0.510354440625 0.5447396234374999 0.4425239703125 0.5249136640625001 0.42631510156249997 0.5053753546875 0.4239160984375 0.48174097812500005 0.4387242953125 0.467260925 0.4920445625
9 0.43325264687500004 0.6236465609375 0.45527046406249994 0.638156765625 0.5195088609375 0.6480120406250001 0.5582978328125 0.6390001796875 0.5950833515625 0.613999984375 0.5821206109375 0.60650498125 0.5274133421875 0.5997877734375 0.5030152671875 0.6046632375 0.43315340156250004 0.5921496937499999 0.410947184375 0.595326490625 0.43325264687500004 0.6236465609375
1 0.435870125 0.21466708125 0.48666973125 0.2209044875 0.515451521875 0.2126316921875 0.5789262171875 0.21255423437499998 0.5916013078125 0.20623936875 0.6575555093750001 0.2182731125 0.676141715625 0.22842638124999998 0.68815235 0.24367565 0.7069370453125 0.31682265625 0.70074836875 0.367225390625 0.7077108328125 0.407436125 0.7187693640624999 0.43043966093749997 0.7270607390625 0.42752212968750003 0.7486916625 0.3967255984375 0.76622651875 0.3831362671875 0.7694596390624999 0.32449946406249996 0.759541615625 0.2760546625 0.75638756875 0.204826859375 0.7350342078125001 0.168752521875 0.706629225 0.141651315625 0.6444834390625 0.09860050625 0.6107426390625 0.0826509 0.5183869062500001 0.059504287499999996 0.40516395312500003 0.0770869390625 0.36713868125000004 0.096031534375 0.334260825 0.12151152968750001 0.305102228125 0.165158328125 0.28280685 0.21751899218749998 0.2620388734375 0.2897451265625 0.25727835312499997 0.32851645937499996 0.275963803125 0.370166596875 0.295313709375 0.3902526 0.33247603593749997 0.329878403125 0.33037333750000003 0.28239320156250003 0.3390415203125 0.24410166875 0.3633403515625 0.2077293375 0.3830670640625 0.1924413390625 0.395266103125 0.1900036078125 0.435870125 0.21466708125
4 0.3607918609375 0.40616347656249996 0.396912921875 0.402727415625 0.4745901109375 0.4162005609375 0.4821177859375 0.40335029375 0.450568840625 0.38570202187499997 0.3919539109375 0.37850501406250003 0.3434454078125 0.4020658078125 0.3607918609375 0.40616347656249996
3 0.4543873453125 0.435365690625 0.43112977499999994 0.41479988749999996 0.40768380468750004 0.411921084375 0.380141765625 0.42624948125 0.4043514390625 0.4390610171875 0.4277974109375 0.44193982187499997 0.4543873453125 0.435365690625
5 0.45527046406249994 0.638156765625 0.517317003125 0.6497107078125001 0.5582978328125 0.6390001796875 0.5906996375 0.6173973171875 0.524080978125 0.6269277078125 0.4615583859375 0.6192508984375 0.410947184375 0.595326490625 0.43325264687500004 0.6236465609375 0.45527046406249994 0.638156765625
10 0.5015871109375001 0.6162946375 0.5872680265625 0.6130403828125 0.5821206109375 0.60650498125 0.5274133421875 0.5997877734375 0.5030152671875 0.6046632375 0.43315340156250004 0.5921496937499999 0.4187625078125 0.5962860921875001 0.5015871109375001 0.6162946375
2 0.4781411390625 0.613415834375 0.42610177968749996 0.6011228265625 0.4615583859375 0.6192508984375 0.524080978125 0.6269277078125 0.5706852734375001 0.618875446875 0.4781411390625 0.613415834375
6 0.48174097812500005 0.4387242953125 0.467260925 0.4920445625 0.449250015625 0.5095110265625 0.44591765156249996 0.5366509609375 0.47308288281250005 0.5576965656249999 0.5077757875 0.565891903125 0.5487566171875 0.555181375 0.56457566875 0.5394135765625 0.5497978796874999 0.49824324062500003 0.5447396234374999 0.4425239703125 0.5249136640625001 0.42631510156249997 0.5053753546875 0.4239160984375 0.48174097812500005 0.4387242953125
8 0.678740640625 0.43339592343750005 0.6650142 0.41596818750000003 0.6278417875 0.395661646875 0.5804737921875 0.39378117343749997 0.54120876875 0.40667016875 0.5497877921875001 0.4175625046875 0.6328007984374999 0.41988404843750005 0.678740640625 0.43339592343750005
7 0.6468148874999999 0.45112165156249995 0.6191736046874999 0.43395318125 0.5918199703125 0.4305945765625 0.5642779328125 0.4449229734375 0.577240671875 0.4524179765625 0.6202249546874999 0.45769578125 0.6468148874999999 0.45112165156249995