0 0.48690704218749997 0 0 0.0255177171875 0 0.5130929578125001 0.0255177171875 1 0.5130929578125001 1 1 0.9744822828125 1 0.48690704218749997 0.9744822828125 0 0.48690704218749997 0
0 0.338109046875 0.6308742984375 0.3908511578125 0.68188760625 0.4326990859375 0.7019471671875 0.44943983125000003 0.702924215625 0.4735778296875 0.7035135890624999 0.5208846453125 0.6861991984375 0.5674161140625 0.654090296875 0.5866924640625 0.632681740625 0.6106444921875 0.594338603125 0.6299287062500001 0.5376961625 0.6351858906250001 0.531857465625 0.66827970625 0.52641430625 0.6838574281249999 0.5051995859375 0.6904950640624999 0.41954963437500004 0.6852457421875 0.390154446875 0.6626662999999999 0.38392021249999997 0.6689005359375 0.361340771875 0.66424845 0.2725737015625 0.6553005 0.2433723515625 0.64323543125 0.22546072343749998 0.598665921875 0.1888542546875 0.5531193671875 0.1689885296875 0.4555981828125 0.14813789375 0.3641016703125 0.171476953125 0.32789073750000003 0.188209834375 0.31562396875 0.20183346093750001 0.28836098906249996 0.2477676921875 0.26868910156250003 0.29701287656250003 0.26361788750000004 0.341784084375 0.27041790625 0.40076829375 0.249001484375 0.41672582656249996 0.2425734140625 0.4356066390625 0.24606247812499998 0.5021819421875 0.25890289375000003 0.5348880828125 0.276225146875 0.546961015625 0.3044494484375 0.55475380625 0.3135912375 0.5876537859375001 0.338109046875 0.6308742984375
9 0.3908511578125 0.68188760625 0.4326990859375 0.7019471671875 0.4513860625 0.7046766109375 0.5027791796875001 0.6945656375 0.5674161140625 0.654090296875 0.6106444921875 0.594338603125 0.6299287062500001 0.5376961625 0.6351858906250001 0.531857465625 0.66827970625 0.52641430625 0.6838574281249999 0.5051995859375 0.686780709375 0.49021123749999995 0.6904950640624999 0.41954963437500004 0.6852457421875 0.390154446875 0.6794070453125001 0.3848972609375 0.6609139046875 0.3858664453125 0.63579885625 0.402017815625 0.6254783203125001 0.41739383593749996 0.6196396234375 0.41213665156249996 0.619073840625 0.330573 0.6048765671874999 0.2719764640625 0.588725196875 0.24686141562500002 0.5595317109375 0.2205754828125 0.5141789921875 0.2044083875 0.43631396875000006 0.20478033281250002 0.3775235953125 0.21527897812500002 0.3559133390625 0.227537884375 0.3331321984375 0.25283890468750003 0.30976168125000003 0.302277925 0.3007822765625 0.41401210937500005 0.291632625 0.41634601718750003 0.2723641375 0.40252068906250005 0.2612682546875 0.4031022 0.249001484375 0.41672582656249996 0.2425734140625 0.4356066390625 0.24606247812499998 0.5021819421875 0.25890289375000003 0.5348880828125 0.26863405625 0.543650059375 0.3044494484375 0.55475380625 0.3135912375 0.5876537859375001 0.338109046875 0.6308742984375 0.3908511578125 0.68188760625
9 0.479099628125 0.3842685671875 0.5009037203125 0.3757082921875 0.534191371875 0.373963759375 0.5624156734375 0.381756553125 0.5698129296875 0.3813688796875 0.557747859375 0.36345725 0.5291358859375 0.3482672015625 0.4997407 0.3535165234375 0.47287325625000004 0.37161412656250004 0.479099628125 0.3842685671875
9 0.4035763734375 0.3585562828125 0.3700948859375 0.35660218593750004 0.3482907921875 0.3651624640625 0.33290690624999997 0.3900758109375 0.36386065156249997 0.379181628125 0.40084693125 0.37724325937500003 0.42342637187500004 0.38347749375 0.4323821859375 0.377444959375 0.43199451250000004 0.37004770468750003 0.4035763734375 0.3585562828125
9 0.556375275 0.408034621875 0.516861253125 0.3971247109375 0.4934986015625 0.4113298484375 0.5160780421875 0.4175640828125 0.5291201578125 0.41873496875000005 0.556375275 0.408034621875
9 0.42185208437500005 0.459590121875 0.40841443125000004 0.4862558640625 0.410942175 0.4991041421875 0.43936031406250003 0.5105955640625 0.46349831249999995 0.5111849390625001 0.4926996625 0.5022369875 0.501461640625 0.492505825 0.50049245625 0.47401268593749996 0.48900889843749995 0.46719694218749996 0.4845349234375 0.452596265625 0.47870408906249995 0.4121051953125 0.4650804625 0.399838428125 0.44288869531249997 0.40100144843749996 0.4269232984375 0.4148189125 0.42185208437500005 0.459590121875
9 0.3948065328125 0.40352132812499997 0.372614765625 0.40468434999999997 0.34905827500000003 0.415190859375 0.3716377171875 0.4214250921875 0.3846798328125 0.42259597812500005 0.41193495 0.41189563281249997 0.3948065328125 0.40352132812499997
9 0.421246984375 0.5541958874999999 0.4019706328125 0.57560444375 0.43155179375 0.6092876328125 0.444593909375 0.61045851875 0.4687319078125 0.6110478921875 0.49773942031249996 0.5984013140625 0.5166280984375 0.5695955015624999 0.46894147343750003 0.544278753125 0.435653821875 0.546023284375 0.421246984375 0.5541958874999999
1 0.6136306796875 0.297479184375 0.6196396234375 0.41213665156249996 0.6254783203125001 0.41739383593749996 0.63579885625 0.402017815625 0.6626662999999999 0.38392021249999997 0.6689005359375 0.361340771875 0.6595806375000001 0.2542743984375 0.64323543125 0.22546072343749998 0.6140419453125 0.1991747921875 0.5531193671875 0.1689885296875 0.4555981828125 0.14813789375 0.3641016703125 0.171476953125 0.32789073750000003 0.188209834375 0.31562396875 0.20183346093750001 0.28836098906249996 0.2477676921875 0.2657658203125 0.3120012234375 0.266331603125 0.393564875 0.2840415328125 0.4130350625 0.2990298796875 0.41595834375 0.30409322968749997 0.40642101875 0.3015733515625 0.35833885468750004 0.30976168125000003 0.302277925 0.3331321984375 0.25283890468750003 0.3559133390625 0.227537884375 0.3995215265625 0.2104173296875 0.488094759375 0.202066615625 0.548048153125 0.21375973906249998 0.5967039640625 0.257569625 0.6136306796875 0.297479184375
4 0.5009037203125 0.3757082921875 0.534191371875 0.373963759375 0.56436190625 0.3835089484375 0.5698129296875 0.3813688796875 0.557747859375 0.36345725 0.5291358859375 0.3482672015625 0.4997407 0.3535165234375 0.47287325625000004 0.37161412656250004 0.479099628125 0.3842685671875 0.5009037203125 0.3757082921875
3 0.50595920625 0.40140485000000004 0.4934986015625 0.4113298484375 0.5180242749999999 0.419316478125 0.556375275 0.408034621875 0.5279571359374999 0.3965432015625 0.50595920625 0.40140485000000004
5 0.4019706328125 0.57560444375 0.43155179375 0.6092876328125 0.44654014062499997 0.6122109140625 0.4687319078125 0.6110478921875 0.49773942031249996 0.5984013140625 0.5166280984375 0.5695955015624999 0.507284609375 0.5682307796875 0.47827709687500003 0.5808773578124999 0.43389356250000005 0.5832034 0.4019706328125 0.57560444375
10 0.435653821875 0.546023284375 0.421246984375 0.5541958874999999 0.41092644843750004 0.569571909375 0.505144540625 0.56277975625 0.46894147343750003 0.544278753125 0.435653821875 0.546023284375
6 0.40841443125000004 0.4862558640625 0.410942175 0.4991041421875 0.4413065453125 0.512347959375 0.4926996625 0.5022369875 0.501461640625 0.492505825 0.50049245625 0.47401268593749996 0.48900889843749995 0.46719694218749996 0.4845349234375 0.452596265625 0.47870408906249995 0.4121051953125 0.4650804625 0.399838428125 0.44288869531249997 0.40100144843749996 0.4269232984375 0.4148189125 0.42185208437500005 0.459590121875 0.40841443125000004 0.4862558640625
2 0.409174053125 0.57151814375 0.411314121875 0.576969165625 0.43389356250000005 0.5832034 0.47827709687500003 0.5808773578124999 0.50377981875 0.57212324375 0.505338378125 0.5664783843750001 0.4773079125 0.56238421875 0.409174053125 0.57151814375
8 0.3700948859375 0.35660218593750004 0.3482907921875 0.3651624640625 0.33485313906249997 0.39182820625 0.36386065156249997 0.379181628125 0.40084693125 0.37724325937500003 0.42342637187500004 0.38347749375 0.4323821859375 0.377444959375 0.43199451250000004 0.37004770468750003 0.4035763734375 0.3585562828125 0.3700948859375 0.35660218593750004
7 0.372614765625 0.40468434999999997 0.34905827500000003 0.415190859375 0.37358395 0.4231774890625 0.41193495 0.41189563281249997 0.3948065328125 0.40352132812499997 0.372614765625 0.40468434999999997