0 0.0337424578125 0 0 0.48253961562500003 0 0.9662575421874999 0.48253961562500003 1 0.9662575421874999 1 1 0.517460384375 1 0.0337424578125 0.517460384375 0 0.0337424578125 0
0 0.3488985828125 0.6588120734375 0.391849084375 0.711937559375 0.42824448281249994 0.7352227515624999 0.44360365625 0.73802511875 0.4658425796875 0.7413085625 0.5115231265625 0.7306760734375 0.5581658328125 0.706284078125 0.57840811875 0.688687728125 0.6048926453125001 0.6559727453125 0.6291399953125001 0.605817840625 0.6346606203125 0.6010188375000001 0.66586004375 0.5997438171875 0.6826624531250001 0.5819069265625 0.698514490625 0.503511396875 0.69699893125 0.47575184843749996 0.6768407546875 0.467428859375 0.68516374375 0.44727068281250004 0.69093669375 0.3647136578125 0.6859812578125 0.33671357031250004 0.6768643265625001 0.318792571875 0.6398314187499999 0.2799076671875 0.5999961421875 0.2563819375 0.51224314375 0.22604877656250003 0.42504354375000003 0.2372346671875 0.3896826265625 0.24858877499999998 0.376801171875 0.259786453125 0.3463956875 0.29914065 0.3226294171875 0.3424158 0.312863190625 0.3832132328125 0.31245443281249996 0.4384917890625 0.29085301874999997 0.45080805625 0.28277057031249997 0.46752635781249996 0.2784408578125 0.5294441265625001 0.28659562968749996 0.5611246296875 0.3012331828125 0.5742466234375 0.32643090468749997 0.584650359375 0.3311458 0.6160903234374999 0.3488985828125 0.6588120734375
9 0.391849084375 0.711937559375 0.42824448281249994 0.7352227515624999 0.44520332500000004 0.739865325 0.49384266875 0.736353128125 0.5581658328125 0.706284078125 0.6048926453125001 0.6559727453125 0.6291399953125001 0.605817840625 0.6346606203125 0.6010188375000001 0.66586004375 0.5997438171875 0.6826624531250001 0.5819069265625 0.6870644875 0.5683879625 0.698514490625 0.503511396875 0.69699893125 0.47575184843749996 0.6921999265625 0.47023122500000003 0.675000546875 0.46902852812500007 0.6499592562500001 0.4811042546875 0.63867746875 0.494142140625 0.6338784640624999 0.4886215171875 0.6426102109375 0.413184784375 0.636139215625 0.3574251484375 0.6240634890625001 0.3323838578125 0.6000684656249999 0.3047807421875 0.55999265 0.2846948859375 0.48799579375 0.276203678125 0.4324766984375 0.2792347984375 0.411115821875 0.2881111890625 0.387193121875 0.3089068765625 0.359986975 0.3519414875 0.339011284375 0.454175609375 0.3302913234375 0.4552942 0.31405410312500004 0.4403319984375 0.3037344734375 0.4396103796875 0.29085301874999997 0.45080805625 0.28277057031249997 0.46752635781249996 0.2784408578125 0.5294441265625001 0.28659562968749996 0.5611246296875 0.2945939703125 0.57032566875 0.32643090468749997 0.584650359375 0.3311458 0.6160903234374999 0.3488985828125 0.6588120734375 0.391849084375 0.711937559375
9 0.507168240625 0.4469224609375 0.528288575 0.44148594531249996 0.559247459375 0.4436508015625 0.5844451796875 0.4540545390625 0.5913249328125 0.45453561875000004 0.5822080015625 0.43661461875 0.5574913593749999 0.41933112968749997 0.5297318125 0.420846690625 0.5028503140625 0.43452208593749997 0.507168240625 0.4469224609375
9 0.44029503593749997 0.41459266093749997 0.40957669062499996 0.408987928125 0.3884563546875 0.4144244453125 0.37141340624999997 0.435701209375 0.4012537 0.42914610625 0.4356524609375 0.431551503125 0.45581063750000006 0.4398744921875 0.4647711390625 0.4353160265625 0.4652522171875 0.428436275 0.44029503593749997 0.41459266093749997
9 0.5758816515625 0.47765259374999997 0.540604840625 0.46308736093749997 0.5174037578124999 0.4735634203125 0.5375619359375 0.48188640937500005 0.5494812328124999 0.4844482359375 0.5758816515625 0.47765259374999997
9 0.4457197625 0.510031140625 0.43027648125000006 0.5331481140625 0.4311545328125 0.5453079515625 0.4561117140625 0.5591515640625 0.4783506375 0.5624350078125 0.5063507265625 0.5574795734375 0.5155517640625 0.5494812328124999 0.5167544625 0.5322818515625001 0.5069159125 0.52468048125 0.5044381953125 0.5106804375 0.5036442546875 0.4726012625 0.4924465765625 0.45971980781250005 0.4718073203125 0.4582765703125 0.455485990625 0.4692337078125 0.4457197625 0.510031140625
9 0.42708893281250004 0.45514955625000003 0.4064496765625 0.45370631875 0.38348913281249997 0.4607425 0.403647309375 0.46906549062499997 0.41556660624999997 0.471627315625 0.441967025 0.46483167343750004 0.42708893281250004 0.45514955625000003
9 0.434426190625 0.5973871703125 0.4141839046875 0.6149835203125 0.43769785 0.649466390625 0.4496171453125 0.6520282171875 0.47185606875 0.6553116609375 0.500096696875 0.6469163499999999 0.5208200625 0.622440246875 0.4796256578125 0.5936344328125001 0.44866677343749994 0.5914695765625 0.434426190625 0.5973871703125
1 0.641335190625 0.3819853609375 0.6338784640624999 0.4886215171875 0.63867746875 0.494142140625 0.6499592562500001 0.4811042546875 0.6768407546875 0.467428859375 0.68516374375 0.44727068281250004 0.6886995140625001 0.3472737390625 0.6768643265625001 0.318792571875 0.6528693031249999 0.2911894546875 0.5999961421875 0.2563819375 0.51224314375 0.22604877656250003 0.42504354375000003 0.2372346671875 0.3896826265625 0.24858877499999998 0.376801171875 0.259786453125 0.3463956875 0.29914065 0.3182273828125 0.3559347640625 0.30949563750000003 0.4313714984375 0.3236521109375 0.45137324375 0.3371710765625 0.4557752796875 0.3429322390625 0.447536396875 0.346059253125 0.40281800937499995 0.359986975 0.3519414875 0.387193121875 0.3089068765625 0.411115821875 0.2881111890625 0.45335649375 0.277238159375 0.5361540578125 0.2795712328125 0.5902299156249999 0.29717937031249997 0.630221621875 0.343184565625 0.641335190625 0.3819853609375
4 0.528288575 0.44148594531249996 0.559247459375 0.4436508015625 0.5860448484375 0.455894746875 0.5913249328125 0.45453561875000004 0.5822080015625 0.43661461875 0.5574913593749999 0.41933112968749997 0.5297318125 0.420846690625 0.5028503140625 0.43452208593749997 0.507168240625 0.4469224609375 0.528288575 0.44148594531249996
3 0.5300446734375 0.46580561718749997 0.5174037578124999 0.4735634203125 0.5391616031249999 0.4837266171875 0.5758816515625 0.47765259374999997 0.5509244703125 0.46380897968749996 0.5300446734375 0.46580561718749997
5 0.4141839046875 0.6149835203125 0.43769785 0.649466390625 0.45121681406249997 0.653868425 0.47185606875 0.6553116609375 0.500096696875 0.6469163499999999 0.5208200625 0.622440246875 0.512340640625 0.6201189609375 0.4841000140625 0.6285142734375 0.4428215015625 0.6256277984375 0.4141839046875 0.6149835203125
10 0.44866677343749994 0.5914695765625 0.434426190625 0.5973871703125 0.4231444046875 0.6104250546875 0.5109815125 0.6148388765624999 0.4796256578125 0.5936344328125001 0.44866677343749994 0.5914695765625
6 0.43027648125000006 0.5331481140625 0.4311545328125 0.5453079515625 0.45771138125000005 0.560991771875 0.5063507265625 0.5574795734375 0.5155517640625 0.5494812328124999 0.5167544625 0.5322818515625001 0.5069159125 0.52468048125 0.5044381953125 0.5106804375 0.5036442546875 0.4726012625 0.4924465765625 0.45971980781250005 0.4718073203125 0.4582765703125 0.455485990625 0.4692337078125 0.4457197625 0.510031140625 0.43027648125000006 0.5331481140625
2 0.421304196875 0.612024725 0.422663325 0.617304809375 0.4428215015625 0.6256277984375 0.4841000140625 0.6285142734375 0.5086602265625 0.6233182984375001 0.5107409734374999 0.618278753125 0.48530271249999996 0.6113148921875 0.421304196875 0.612024725
8 0.40957669062499996 0.408987928125 0.3884563546875 0.4144244453125 0.3730130734375 0.43754141718749995 0.4012537 0.42914610625 0.4356524609375 0.431551503125 0.45581063750000006 0.4398744921875 0.4647711390625 0.4353160265625 0.4652522171875 0.428436275 0.44029503593749997 0.41459266093749997 0.40957669062499996 0.408987928125
7 0.4064496765625 0.45370631875 0.38348913281249997 0.4607425 0.4052469796875 0.47090569687499995 0.441967025 0.46483167343750004 0.42708893281250004 0.45514955625000003 0.4064496765625 0.45370631875