0 0.095107984375 0 0 0.447447884375 0 0.904892015625 0.447447884375 1 0.904892015625 1 1 0.552552115625 1 0.095107984375 0.552552115625 0 0.095107984375 0
0 0.70489641875 0.48494656718750007 0.733101215625 0.46815064843750004 0.7380338609375 0.4594315296875 0.76120873125 0.3504023390625 0.7606133875000001 0.3242289 0.7495574125 0.2893202625 0.7482999312499999 0.2662619453125 0.7219174749999999 0.20204866875 0.6858519640625 0.1471727109375 0.6747291921875 0.14155263125 0.6437117625 0.09914519375 0.618222321875 0.074192075 0.5891245109375001 0.0517278375 0.55280996875 0.03424135625 0.47620804687499996 0.017959115625 0.4139727984375 0.021009914062500003 0.3602117640625 0.0421412703125 0.300673709375 0.0832077859375 0.259292928125 0.1330175421875 0.24383285312499997 0.16229001875 0.217778553125 0.24140441250000003 0.207481996875 0.30433304687499996 0.20933482187500002 0.353564803125 0.236610290625 0.45703823593750004 0.26744548749999997 0.50754659375 0.2844607140625 0.514419153125 0.3025025484375 0.5019747546875 0.3449404203125 0.5630889921875 0.3766867859375 0.5730927515625 0.38822266562499996 0.6129871890625 0.416111634375 0.6628693046875 0.4579541640625 0.6978101046875 0.5106217953125001 0.7252842625 0.5500647984375 0.7352960640624999 0.5869260453125 0.7284797843749999 0.599555328125 0.71976870625 0.630111009375 0.677425590625 0.6655325390625 0.6556519125 0.6783440578125 0.6388399140625001 0.706682446875 0.5634668796875 0.7008567875 0.5329258421875 0.70489641875 0.48494656718750007
1 0.42909305781249996 0.42795068281250004 0.4778060125 0.3943508078125 0.5014426296875001 0.3700721703125 0.5277278062499999 0.333333053125 0.537295425 0.302808096875 0.55768814375 0.2648164984375 0.58180466875 0.2455236609375 0.62371399375 0.251175903125 0.696045409375 0.2730621421875 0.7287515859375 0.2930375015625 0.7518415015625 0.293061621875 0.7482999312499999 0.2662619453125 0.73267578125 0.2238705875 0.700218634375 0.16650575 0.6858519640625 0.1471727109375 0.6747291921875 0.14155263125 0.6437117625 0.09914519375 0.6129920046875 0.069824475 0.5891245109375001 0.0517278375 0.55280996875 0.03424135625 0.47620804687499996 0.017959115625 0.4424752640625 0.0173007140625 0.38775442031249996 0.028460471874999997 0.3602117640625 0.0421412703125 0.300673709375 0.0832077859375 0.28130759843750003 0.10188242343750001 0.24942763750000002 0.15045577968749999 0.22999472812500002 0.198418975 0.207481996875 0.30433304687499996 0.20933482187500002 0.353564803125 0.2287982140625 0.4358425578125 0.2553629046875 0.49195491406249997 0.27267580156250004 0.5119141921875 0.2844607140625 0.514419153125 0.3013605046875 0.500104075 0.292290946875 0.455850078125 0.307155678125 0.4004041625 0.3299479234375 0.38734156406250003 0.3659647953125 0.3917413234375 0.4195922375 0.4291870828125 0.42909305781249996 0.42795068281250004
9 0.6395631921875 0.6257129953125 0.6680656578125 0.6220037953124999 0.6737758796875 0.63135719375 0.6679988625 0.651292353125 0.6783440578125 0.6388399140625001 0.6888714874999999 0.61828655625 0.69368869375 0.5883797984375 0.6710786828125 0.5933414781249999 0.65634754375 0.590210278125 0.6393323171875 0.5833377171875 0.633622096875 0.57398431875 0.63759493125 0.5552935984375 0.6454738046874999 0.5472007203125 0.6537839421875 0.49361744375 0.6723056796875 0.4861588453125 0.7030922359375 0.48619100625 0.709166925 0.4793425671875 0.7052608874999999 0.468744728125 0.724444765625 0.458171009375 0.738696 0.4563164109375 0.76120873125 0.3504023390625 0.7606133875000001 0.3242289 0.75003731875 0.2943060625 0.7287515859375 0.2930375015625 0.696045409375 0.2730621421875 0.5883592625 0.243661021875 0.55768814375 0.2648164984375 0.537295425 0.302808096875 0.5277278062499999 0.333333053125 0.4778060125 0.3943508078125 0.42909305781249996 0.42795068281250004 0.4195922375 0.4291870828125 0.3659647953125 0.3917413234375 0.3394487453125 0.3861051640625 0.3233933296875 0.389204203125 0.307155678125 0.4004041625 0.3015608953125 0.4122384015625 0.292290946875 0.455850078125 0.299076415625 0.496362715625 0.3449404203125 0.5630889921875 0.3766867859375 0.5730927515625 0.38822266562499996 0.6129871890625 0.416111634375 0.6628693046875 0.46613070937499995 0.70280394375 0.5106217953125001 0.7252842625 0.5482606156250001 0.736540503125 0.5869260453125 0.7284797843749999 0.599555328125 0.71976870625 0.630111009375 0.677425590625 0.65831580625 0.660629671875 0.635888028125 0.6574904312500001 0.61382471875 0.638149353125 0.6395631921875 0.6257129953125
9 0.6825354390625 0.45251876874999997 0.6485049843749999 0.4387736484375 0.6219889359375 0.4331374890625 0.580857184375 0.4455577671875 0.681028928125 0.466849928125 0.685961571875 0.4581308078125 0.6825354390625 0.45251876874999997
9 0.7098290656249999 0.476227446875 0.7139173359375001 0.47872436875 0.7258844812499999 0.47312840781250004 0.7152416140625 0.47249412656249995 0.7098290656249999 0.476227446875
9 0.634666859375 0.47490260624999997 0.6104349 0.4730078046875 0.5948593875 0.48109264375 0.615300746875 0.49357724375 0.6259436140625 0.49421152343749997 0.64266116875 0.48799736562499996 0.634666859375 0.47490260624999997
9 0.7045319515624999 0.50114840625 0.6952133625 0.49428388593749994 0.6997147453125 0.5310551625000001 0.7045319515624999 0.50114840625
4 0.685961571875 0.4581308078125 0.6825354390625 0.45251876874999997 0.6485049843749999 0.4387736484375 0.6219889359375 0.4331374890625 0.580857184375 0.4455577671875 0.6792247437500001 0.4680943671875 0.685961571875 0.4581308078125
3 0.634666859375 0.47490260624999997 0.6104349 0.4730078046875 0.5948593875 0.48109264375 0.6241394312499999 0.4954559640625 0.64266116875 0.48799736562499996 0.634666859375 0.47490260624999997
5 0.667701190625 0.638205634375 0.61382471875 0.638149353125 0.635888028125 0.6574904312500001 0.6506191671875 0.66062163125 0.6668568171875 0.6494216734375 0.667701190625 0.638205634375
10 0.6244675843749999 0.6387836328125001 0.634630546875 0.6344321140625 0.667701190625 0.638205634375 0.6737758796875 0.63135719375 0.6680656578125 0.6220037953124999 0.65267238125 0.6219877140625 0.6174330859375 0.6356604734375 0.6244675843749999 0.6387836328125001
6 0.6454738046874999 0.5472007203125 0.63759493125 0.5552935984375 0.633622096875 0.57398431875 0.6393323171875 0.5833377171875 0.6710786828125 0.5933414781249999 0.6954928781249999 0.587135359375 0.70602030625 0.566582 0.692747040625 0.4986434453125 0.694733459375 0.4892980859375 0.681806503125 0.484922446875 0.6537839421875 0.49361744375 0.6454738046874999 0.5472007203125
7 0.69407131875 0.49241320625 0.7033899078125 0.49927772499999995 0.7042342796875001 0.48806168593750004 0.7001460093749999 0.48556476562500006 0.69407131875 0.49241320625
8 0.727688665625 0.47188396875 0.7380338609375 0.4594315296875 0.7309993609375 0.4563083703125 0.7106734390625 0.4650114078125 0.7045987484375 0.47185984843749995 0.70802488125 0.47747188749999997 0.727688665625 0.47188396875