0 0.4562556671875 0 0 0.080450184375 0 0.5437443328125 0.080450184375 1 0.5437443328125 1 1 0.919549815625 1 0.4562556671875 0.919549815625 0 0.4562556671875 0
0 0.3745490265625 0.6725539640625 0.402745178125 0.7145927125 0.41469944999999997 0.7234539671875 0.4502261109375 0.73129280625 0.48883212499999995 0.72291850625 0.5408639109375 0.6980737359375 0.5826491796875 0.6656336031250001 0.6114082734374999 0.61825315625 0.6239619421875 0.5799982296875 0.65510109375 0.5713735234375 0.6983578625 0.5136016640625 0.7154353921875 0.5262605984375 0.7321767703125001 0.5201746109375 0.7638154187499999 0.4722864203125 0.7938097625 0.37297662656249997 0.7972887140625 0.3253527015625 0.7894492453125 0.26405435625 0.76687585 0.186549803125 0.7528776749999999 0.15767773125 0.7144350046875 0.10804362187500001 0.6580791546875 0.06626913906250001 0.6066467671875 0.043997728125 0.5463759140625 0.0389549421875 0.4715074875 0.052156265624999996 0.43568112968749995 0.0678755171875 0.4066857828125 0.0886583421875 0.3811059421875 0.11197295625 0.349567190625 0.1520084484375 0.338584921875 0.1570789515625 0.30172311406249996 0.2090221578125 0.2739360234375 0.2703343625 0.271928571875 0.2926265578125 0.260010753125 0.3260683203125 0.25853925312500003 0.351400046875 0.27729754375 0.45778359999999996 0.2817849515625 0.466394446875 0.30857305 0.48360921250000005 0.31085320781250003 0.53021765 0.304158546875 0.55960439375 0.329075546875 0.6335616734375 0.34092991875 0.650275625 0.3745490265625 0.6725539640625
1 0.709839628125 0.4692676765625 0.6995296640625 0.511828028125 0.7154353921875 0.5262605984375 0.7269536109375 0.5242296265624999 0.7444307390625 0.5054777734375 0.7721179312500001 0.45201826718750004 0.7938097625 0.37297662656249997 0.7972887140625 0.3253527015625 0.779066375 0.222008678125 0.7618524921875001 0.1748994265625 0.7325844359375 0.1267816171875 0.7144350046875 0.10804362187500001 0.6580791546875 0.06626913906250001 0.631827009375 0.05209390312499999 0.5791229203125 0.039448828125 0.5463759140625 0.0389549421875 0.4715074875 0.052156265624999996 0.43568112968749995 0.0678755171875 0.41190894062499994 0.084603328125 0.3811059421875 0.11197295625 0.349567190625 0.1520084484375 0.338584921875 0.1570789515625 0.32398735 0.1753230609375 0.290541046875 0.22979805468749998 0.2739360234375 0.2703343625 0.26958496875 0.2961738328125 0.2919855546875 0.296925053125 0.32439640937499997 0.27867401406250003 0.3953133765625 0.2599013734375 0.436163096875 0.2558325 0.4588998359375 0.27532864375 0.47738542187500005 0.3128115625 0.4856244875 0.3426991203125 0.50986918125 0.379166553125 0.5319700703125 0.4034758640625 0.5780794015625 0.43765498750000004 0.5872540171875 0.43917128749999995 0.64055750625 0.40470018281250003 0.6756481140624999 0.40164679375 0.697312953125 0.41506387968749997 0.709839628125 0.4692676765625
9 0.402745178125 0.7145927125 0.41469944999999997 0.7234539671875 0.45193386249999995 0.7325586984375 0.48883212499999995 0.72291850625 0.5327611984375 0.7026364953125 0.5826491796875 0.6656336031250001 0.6114082734374999 0.61825315625 0.6239619421875 0.5799982296875 0.65510109375 0.5713735234375 0.7018732671875 0.5082807546875 0.709839628125 0.4692676765625 0.7023363125000001 0.42671425625000003 0.697312953125 0.41506387968749997 0.681943175 0.4036708375 0.6664734984375 0.40013049375 0.64055750625 0.40470018281250003 0.5872540171875 0.43917128749999995 0.5780794015625 0.43765498750000004 0.5319700703125 0.4034758640625 0.4856244875 0.3426991203125 0.47738542187500005 0.3128115625 0.4588998359375 0.27532864375 0.4298680359375 0.2538084546875 0.32439640937499997 0.27867401406250003 0.2919855546875 0.296925053125 0.2712927203125 0.297439725 0.260010753125 0.3260683203125 0.25853925312500003 0.351400046875 0.2767615921875 0.45474407031249997 0.29052351718749997 0.457018521875 0.30877284843749997 0.46790381875 0.3046215921875 0.47803789375 0.3102808015625 0.48487510624999997 0.3401482515625 0.48587673281250005 0.35786163437499996 0.49372250156249997 0.3640932484375 0.54590225625 0.3714602109375 0.554005359375 0.37467591875 0.572242540625 0.3688169109375 0.581110725 0.35207553125 0.5871967140625001 0.3376777578125 0.5897354296875 0.3159130203125 0.5841710421874999 0.31956477968749997 0.61330045 0.329075546875 0.6335616734375 0.3386862140625 0.6459702015625 0.3337627546875 0.6264671265625 0.3396217625 0.61759894375 0.36714560937499996 0.6221478453125 0.391690003125 0.6350571875 0.3696255671875 0.653050890625 0.34776093124999996 0.6553391984375 0.3745490265625 0.6725539640625 0.402745178125 0.7145927125
9 0.3648559921875 0.4407776671875 0.331373234375 0.4529496453125 0.3278578296875 0.4582705546875 0.3323452390625 0.46688140312500004 0.430250103125 0.4496181328125 0.390771984375 0.436207978125 0.3648559921875 0.4407776671875
9 0.2989623828125 0.471200684375 0.2886159640625 0.471458021875 0.300034284375 0.47727974531250006 0.3040856421875 0.47499836562500003 0.2989623828125 0.471200684375
9 0.4006189046875 0.4752141265625 0.37704651562499997 0.4762365421875 0.3688439015625 0.4886519984375 0.38484952968749997 0.49523187343749997 0.39519594687500004 0.4949745359375 0.41545273125 0.48356763750000004 0.4006189046875 0.4752141265625
9 0.31764776562499997 0.49297820937500003 0.3083732515625 0.49931460625 0.312025009375 0.5284440140625 0.31764776562499997 0.49297820937500003
4 0.331373234375 0.4529496453125 0.3278578296875 0.4582705546875 0.334052990625 0.4681472953125 0.430250103125 0.4496181328125 0.390771984375 0.436207978125 0.3648559921875 0.4407776671875 0.331373234375 0.4529496453125
3 0.37704651562499997 0.4762365421875 0.3688439015625 0.4886519984375 0.3865572828125 0.49649776562500003 0.41545273125 0.48356763750000004 0.4006189046875 0.4752141265625 0.37704651562499997 0.4762365421875
5 0.33942196406249997 0.6333043375 0.3398580171875 0.6441965640625 0.3552277921875 0.65558960625 0.3696255671875 0.653050890625 0.391690003125 0.6350571875 0.33942196406249997 0.6333043375
10 0.33942196406249997 0.6333043375 0.37163301875 0.6307586921875 0.3813435859375 0.635314521875 0.388274496875 0.6325254 0.3545554875 0.6180997578125 0.3396217625 0.61759894375 0.3337627546875 0.6264671265625 0.33942196406249997 0.6333043375
6 0.3046944984375 0.5626439249999999 0.31420526875 0.5829051484375001 0.3376777578125 0.5897354296875 0.3688169109375 0.581110725 0.37467591875 0.572242540625 0.3714602109375 0.554005359375 0.3640932484375 0.54590225625 0.35786163437499996 0.49372250156249997 0.3309736375 0.484360434375 0.3182836171875 0.4881650421875 0.3198914703125 0.4972836328125 0.3046944984375 0.5626439249999999
7 0.31316035625 0.4843673625 0.3091090015625 0.4866487421875 0.3095450515625 0.4975409703125 0.3188195671875 0.4912045734375 0.31316035625 0.4843673625
8 0.27729754375 0.45778359999999996 0.28690821093749996 0.4701921265625 0.30579339375000003 0.4762642578125 0.3093088 0.4709433484375 0.3036495890625 0.4641061390625 0.28422845625000004 0.45499447656249997 0.27729754375 0.45778359999999996