0 0.0576373671875 0 0 0.46941869062499997 0 0.9423626328125 0.46941869062499997 1 0.9423626328125 1 0.9586577703125 0.8672867484375001 0.9440908453124999 0.87602961875 0.8431408078124999 0.892303490625 0.7899410671875 0.9226315015625 0.758924 0.918823084375 0.7338241546875001 0.903454503125 0.672780828125 0.8877681890625 0.635378759375 0.8626979499999999 0.6137329296875 0.8375145500000001 0.6039077265625 0.8076391890625001 0.6058893421875 0.7915002265625 0.637924840625 0.7503824390625 0.63645244375 0.7440583000000001 0.6068939624999999 0.765002384375 0.532034578125 0.7885753546875 0.4862382703125 0.7952389796875 0.4271489328125 0.8002704265625 0.3651147984375 0.79265359375 0.33558394375 0.7767409546875 0.3178737171875 0.7561363546875 0.3075531125 0.7302957343750001 0.3056267453125 0.6727212484375 0.291398159375 0.6054451046875 0.29095800625 0.5357663953125 0.2840776015625 0.518539315625 0.2885362359375 0.48222665156250005 0.3033431015625 0.4348978859375 0.342782034375 0.370115715625 0.35464410156250004 0.3101386671875 0.3940830328125 0.245356496875 0.431044946875 0.20074802812499998 0.4867217046875 0.15024631718749998 0.5236698078125 0.12406620937499999 0.5852361625 0.0988610609375 0.6359588828125 0.08870675312500001 0.69012180625 0.0871659875 0.7743109890625 0.0975031203125 0.8698115859375 0.1256113921875 0.9244422875 0.156892609375 1 0.22906312343750002 1 0.0576373671875 0.530581309375 0 0.0576373671875 0
9 0.7350773984375001 0.5452461484375 0.7415176484375 0.49279452343749997 0.7198856296875 0.4491827609375 0.6495263171875 0.38115798125 0.6401688937500001 0.384104603125 0.592914 0.36601572656250003 0.49936739531249996 0.358625215625 0.48903297500000004 0.35121295625000004 0.49248699062499995 0.341398134375 0.5156328453125 0.3360489515625 0.5520717296875 0.332331946875 0.59391861875 0.3395178828125 0.567346375 0.3178251640625 0.4999180484375 0.28087702812500004 0.4162242703125 0.26650515625 0.3842163953125 0.2707662203125 0.36647854375 0.28701834375 0.3482314765625 0.32573356875 0.342782034375 0.370115715625 0.3033431015625 0.4348978859375 0.2840776015625 0.518539315625 0.29095800625 0.5357663953125 0.29335215 0.626162865625 0.3056267453125 0.6727212484375 0.3104979109375 0.7429440140625 0.33558394375 0.7767409546875 0.352317175 0.786986675 0.4271489328125 0.8002704265625 0.532034578125 0.7885753546875 0.6068939624999999 0.765002384375 0.658621303125 0.7283502359375 0.690656803125 0.6872324484375001 0.70397745625 0.652007903125 0.7099223015625 0.6035910171875 0.7350773984375001 0.5452461484375
9 0.4019128078125 0.30979918125 0.3797577609375 0.30707888437499997 0.35857970781250004 0.31471746718750004 0.3856473546875 0.33237544531249996 0.42699884062500004 0.343596121875 0.43242065781249994 0.3360707 0.4019128078125 0.30979918125
9 0.390050740625 0.3697762296875 0.35903367343750003 0.3659678125 0.34721304375 0.37065977499999997 0.3698496828125 0.38777369375 0.398898946875 0.3892927109375 0.40825637031250006 0.3863460890625 0.390050740625 0.3697762296875
9 0.3678266296875 0.45919774062499996 0.342699159375 0.48068588593749995 0.33972673593749997 0.504894328125 0.3613725671875 0.530077728125 0.3913988265625 0.541955625 0.42044809218749996 0.5434746421875001 0.45392836562500005 0.54553771875 0.4613179859375 0.5403016984375 0.4633272265625 0.48730601250000005 0.4855375234375 0.41631286406249995 0.4599560875 0.3865506640625 0.43337002968749994 0.38328630625 0.41120116875 0.39899437031249996 0.3678266296875 0.45919774062499996
9 0.5136097921875 0.407473 0.5446130484375 0.429709778125 0.5958173609374999 0.43394909375 0.610101196875 0.427511790625 0.5692451140625 0.412256375 0.5136097921875 0.407473
9 0.3332312359375 0.6310594015625 0.3583172703125 0.6648563421875 0.36964249531250004 0.6641991203125001 0.3991871640625 0.661683396875 0.464207534375 0.6266634265625 0.404168828125 0.58447926875 0.3692161546875 0.5760920515625 0.3460703 0.581441234375 0.3243968421875 0.5931145578125 0.3357082546875 0.6108857000000001 0.3332312359375 0.6310594015625
3 0.40825637031250006 0.3863460890625 0.390050740625 0.3697762296875 0.35903367343750003 0.3659678125 0.34721304375 0.37065977499999997 0.3698496828125 0.38777369375 0.396435740625 0.3910380515625 0.40825637031250006 0.3863460890625
4 0.424535634375 0.34534146250000003 0.43242065781249994 0.3360707 0.4019128078125 0.30979918125 0.3797577609375 0.30707888437499997 0.35857970781250004 0.31471746718750004 0.3856473546875 0.33237544531249996 0.4122334125 0.33563980312499997 0.424535634375 0.34534146250000003
5 0.3583172703125 0.6648563421875 0.36717928906249997 0.6659444609375 0.3991871640625 0.661683396875 0.45977652343750003 0.6261193671874999 0.40020559687499996 0.61675719375 0.3268600484375 0.5913692171875 0.3357082546875 0.6108857000000001 0.3332312359375 0.6310594015625 0.3583172703125 0.6648563421875
6 0.41120116875 0.39899437031249996 0.3678266296875 0.45919774062499996 0.342699159375 0.48068588593749995 0.33972673593749997 0.504894328125 0.3613725671875 0.530077728125 0.41798488437500003 0.5452199828125 0.45392836562500005 0.54553771875 0.4613179859375 0.5403016984375 0.4633272265625 0.48730601250000005 0.4855375234375 0.41631286406249995 0.4599560875 0.3865506640625 0.43337002968749994 0.38328630625 0.41120116875 0.39899437031249996
10 0.378078175 0.5771801703125 0.355427721875 0.5784946125 0.32932325625000003 0.5896238765625 0.44944210625 0.61870710625 0.404168828125 0.58447926875 0.378078175 0.5771801703125
2 0.40020559687499996 0.61675719375 0.44894670156250005 0.6227418484375 0.36673913593749996 0.596265753125 0.3332588609375 0.5942026765625 0.40020559687499996 0.61675719375
1 1 0.22906312343750002 0.9244422875 0.156892609375 0.895406834375 0.1369452296875 0.7743109890625 0.0975031203125 0.69012180625 0.0871659875 0.6359588828125 0.08870675312500001 0.5852361625 0.0988610609375 0.5379536421875 0.11762890781249999 0.4867217046875 0.15024631718749998 0.420696715625 0.2117641296875 0.3773221765625 0.27196750000000003 0.4162242703125 0.26650515625 0.47825840468749997 0.274121990625 0.5338799140625 0.2973337265625 0.674130759375 0.4005613015625 0.7311970421875 0.46695390156250005 0.7415176484375 0.49279452343749997 0.7350773984375001 0.5452461484375 0.7099223015625 0.6035910171875 0.6970694281250001 0.671637546875 0.6689695328124999 0.7173341328125 0.6118065625 0.779940065625 0.6039077265625 0.8076391890625001 0.6137329296875 0.8375145500000001 0.635378759375 0.8626979499999999 0.672780828125 0.8877681890625 0.7338241546875001 0.903454503125 0.758924 0.918823084375 0.7899410671875 0.9226315015625 0.8431408078124999 0.892303490625 0.9440908453124999 0.87602961875 0.958671925 0.8671714734375 1 0.5305813109375 1 0.22906312343750002
8 0.644599903125 0.38464866249999996 0.5958864234375 0.3418072828125 0.5520717296875 0.332331946875 0.49002378281250003 0.34314347500000003 0.48903297500000004 0.35121295625000004 0.49936739531249996 0.358625215625 0.592914 0.36601572656250003 0.644599903125 0.38464866249999996
7 0.5692451140625 0.412256375 0.5136097921875 0.407473 0.5446130484375 0.429709778125 0.5933541531250001 0.43569443437500005 0.610101196875 0.427511790625 0.5692451140625 0.412256375