0 0 0 0 1 1 1 1 0.8278164921875 0.995575221875 0.8313008125 0.8982300890625 0.8597560968750001 0.849557521875 0.8963414640625 0.8185840703125 0.8963414640625 0.7920353984374999 0.8841463421875 0.7300884953125 0.8760162609375 0.6902654874999999 0.8556910562500001 0.6659292031249999 0.8333333328125001 0.6526548671875 0.8048780484375 0.6526548671875 0.7886178859374999 0.6792035390625 0.7439024390625 0.67699115 0.7378048781250001 0.650442478125 0.7621951218749999 0.5796460171875 0.794715446875 0.5353982296875001 0.80691056875 0.47787610625 0.8191056906249999 0.415929203125 0.8191056906249999 0.3849557515625 0.80691056875 0.3650442484375 0.7886178859374999 0.3517699109375 0.7642276421875 0.34292035468750004 0.7073170734375 0.32079646093749997 0.6422764234375 0.311946903125 0.5731707312500001 0.3030973453125 0.55691056875 0.3030973453125 0.520325203125 0.311946903125 0.471544715625 0.34292035468750004 0.40243902499999995 0.3473451328125 0.3414634140625 0.378318584375 0.2723577234375 0.4092920359375 0.22357723593749998 0.4579646015625 0.1666666671875 0.4911504421875 0.1361788625 0.548672565625 0.1036585359375 0.5973451328125 0.0873983734375 0.650442478125 0.0792682921875 0.7345132750000001 0.0792682921875 0.8318584078125 0.0955284546875 0.8893805312499999 0.1199186984375 0.9867256640625 0.19308943125 1 0.20799458125 1 0 0 0
9 0.75 0.528455284375 0.75 0.47560975625 0.723451328125 0.43495935 0.6460176984375 0.3760162609375 0.6371681421875001 0.38008130156250003 0.5884955749999999 0.367886178125 0.49557522187499997 0.37195121875 0.484513275 0.3658536578125 0.48672566406250006 0.35569105625 0.5088495578125001 0.347560975 0.5442477875 0.33943089375 0.5862831859375001 0.3414634140625 0.5575221234375001 0.32317073125 0.48672566406250006 0.294715446875 0.4026548671875 0.29065040625 0.371681415625 0.2987804875 0.35619469062500003 0.3170731703125 0.34292035468750004 0.3577235765625 0.34292035468750004 0.40243902499999995 0.311946903125 0.471544715625 0.3030973453125 0.55691056875 0.311946903125 0.5731707312500001 0.3252212390625 0.6626016265625 0.34292035468750004 0.7073170734375 0.35619469062500003 0.7764227640625 0.3849557515625 0.80691056875 0.4026548671875 0.81504065 0.47787610625 0.8191056906249999 0.5796460171875 0.794715446875 0.650442478125 0.7621951218749999 0.6969026546875 0.7195121953125 0.723451328125 0.6747967484374999 0.7323008843750001 0.6382113828125 0.7323008843750001 0.58943089375 0.75 0.528455284375
9 0.39380530937499997 0.335365853125 0.371681415625 0.335365853125 0.3517699109375 0.34552845468750004 0.38053097343750003 0.359756096875 0.422566371875 0.3658536578125 0.42699115 0.3577235765625 0.39380530937499997 0.335365853125
9 0.38938053125 0.3963414640625 0.35840707968749996 0.3963414640625 0.3473451328125 0.40243902499999995 0.371681415625 0.4166666671875 0.400442478125 0.414634146875 0.4092920359375 0.41056910625 0.38938053125 0.3963414640625
9 0.378318584375 0.48780487812500006 0.35619469062500003 0.5121951218749999 0.35619469062500003 0.5365853656249999 0.38053097343750003 0.5589430890625 0.41150442500000006 0.5670731703125 0.44026548749999994 0.56504065 0.473451328125 0.5630081296875 0.48008849531250003 0.55691056875 0.4756637171875 0.504065040625 0.48893805312499994 0.430894309375 0.46017699062500006 0.40447154531249996 0.43362831875 0.40447154531249996 0.41371681406249994 0.422764228125 0.378318584375 0.48780487812500006
9 0.5154867249999999 0.4186991875 0.548672565625 0.43699187031250003 0.599557521875 0.43495935 0.6128318578124999 0.42682926875 0.5707964609375 0.4166666671875 0.5154867249999999 0.4186991875
9 0.3650442484375 0.6626016265625 0.39380530937499997 0.69308943125 0.40486725625000003 0.6910569109375 0.43362831875 0.68495935 0.49336283124999997 0.6422764234375 0.42920353906250003 0.6077235765625 0.39380530937499997 0.6036585359375 0.371681415625 0.6117886171875 0.3517699109375 0.6260162609375 0.3650442484375 0.6422764234375 0.3650442484375 0.6626016265625
3 0.4092920359375 0.41056910625 0.38938053125 0.3963414640625 0.35840707968749996 0.3963414640625 0.3473451328125 0.40243902499999995 0.371681415625 0.4166666671875 0.3982300890625 0.4166666671875 0.4092920359375 0.41056910625
4 0.42035398281249997 0.367886178125 0.42699115 0.3577235765625 0.39380530937499997 0.335365853125 0.371681415625 0.335365853125 0.3517699109375 0.34552845468750004 0.38053097343750003 0.359756096875 0.4070796453125 0.359756096875 0.42035398281249997 0.367886178125
5 0.39380530937499997 0.69308943125 0.4026548671875 0.69308943125 0.43362831875 0.68495935 0.48893805312499994 0.6422764234375 0.42920353906250003 0.640243903125 0.3539823015625 0.6239837390625 0.3650442484375 0.6422764234375 0.3650442484375 0.6626016265625 0.39380530937499997 0.69308943125
6 0.41371681406249994 0.422764228125 0.378318584375 0.48780487812500006 0.35619469062500003 0.5121951218749999 0.35619469062500003 0.5365853656249999 0.38053097343750003 0.5589430890625 0.43805309687499994 0.5670731703125 0.473451328125 0.5630081296875 0.48008849531250003 0.55691056875 0.4756637171875 0.504065040625 0.48893805312499994 0.430894309375 0.46017699062500006 0.40447154531249996 0.43362831875 0.40447154531249996 0.41371681406249994 0.422764228125
10 0.4026548671875 0.6036585359375 0.38053097343750003 0.6077235765625 0.35619469062500003 0.62195121875 0.47787610625 0.6361788625 0.42920353906250003 0.6077235765625 0.4026548671875 0.6036585359375
2 0.42920353906250003 0.640243903125 0.47787610625 0.640243903125 0.39380530937499997 0.6239837390625 0.36061946875 0.6260162609375 0.42920353906250003 0.640243903125
1 1 0.20785194687500003 0.9867256640625 0.19308943125 0.8893805312499999 0.1199186984375 0.8584070796875001 0.1036585359375 0.7345132750000001 0.0792682921875 0.650442478125 0.0792682921875 0.5973451328125 0.0873983734375 0.548672565625 0.1036585359375 0.504424778125 0.12804878125000002 0.4579646015625 0.1666666671875 0.400442478125 0.2357723578125 0.3650442484375 0.30081300781250003 0.4026548671875 0.29065040625 0.46460177031249994 0.29065040625 0.52212389375 0.30691056875 0.672566371875 0.3922764234375 0.7367256640625001 0.4512195125 0.75 0.47560975625 0.75 0.528455284375 0.7323008843750001 0.58943089375 0.72787610625 0.6585365859375 0.7057522125 0.7073170734375 0.6570796453125001 0.7764227640625 0.6526548671875 0.8048780484375 0.6659292031249999 0.8333333328125001 0.6902654874999999 0.8556910562500001 0.7300884953125 0.8760162609375 0.7920353984374999 0.8841463421875 0.8185840703125 0.8963414640625 0.849557521875 0.8963414640625 0.8982300890625 0.8597560968750001 0.995575221875 0.8313008125 1 0.8277777765625001 1 0.20785194687500003
8 0.6415929203124999 0.38008130156250003 0.5884955749999999 0.34349593437500003 0.5442477875 0.33943089375 0.484513275 0.3577235765625 0.484513275 0.3658536578125 0.49557522187499997 0.37195121875 0.5884955749999999 0.367886178125 0.6415929203124999 0.38008130156250003
7 0.5707964609375 0.4166666671875 0.5154867249999999 0.4186991875 0.548672565625 0.43699187031250003 0.5973451328125 0.43699187031250003 0.6128318578124999 0.42682926875 0.5707964609375 0.4166666671875