0 0.4135444546875 0 0.4350282484375 0.021144278125 0.49435028281250004 0.0410447765625 0.51412429375 0.0534825875 0.5268361578125 0.0671641796875 0.5268361578125 0.079601990625 0.51836158125 0.0920398015625 0.5127118640624999 0.11691542343750001 0.5155367234375 0.1393034828125 0.5268361578125 0.1567164171875 0.563559321875 0.18159203906250002 0.5692090390625 0.20398010000000003 0.577683615625 0.2139303484375 0.591807909375 0.271144278125 0.6031073453125 0.2935323390625 0.6031073453125 0.3109452734375 0.5974576265625 0.32338308437499996 0.6285310734375 0.3905472640625 0.676553671875 0.46766169218750003 0.6850282484375 0.5 0.6906779656250001 0.6044776125 0.6878531078125001 0.6641791046875001 0.676553671875 0.7089552234375 0.6525423734375 0.7350746265625 0.6045197734375 0.754975125 0.556497175 0.7674129359374999 0.4661016953125 0.779850746875 0.3361581921875 0.7823383078124999 0.282485875 0.772388059375 0.2655367234375 0.7649253734375 0.24011299375 0.75 0.214689265625 0.727611940625 0.200564971875 0.720149253125 0.1920903953125 0.720149253125 0.15536723125000002 0.69527363125 0.1412429375 0.69527363125 0.1242937859375 0.7101990046875 0.11299435 0.7101990046875 0.073446328125 0.69527363125 0.03813559375 0.6666666671875 0.0240113 0.64925373125 0.011299434375 0.623134328125 0.008474576562499999 0.630597015625 0 0.629104478125 0 1 1 1 1 0 0.4135444546875 0
9 0.3361581921875 0.7823383078124999 0.4661016953125 0.779850746875 0.5790960453125 0.7624378109375 0.6525423734375 0.7350746265625 0.6709039546875 0.718905471875 0.6822033890625 0.6915422890625 0.6906779656250001 0.6368159203125 0.6906779656250001 0.6044776125 0.6850282484375 0.5 0.6737288140625 0.46019900468749997 0.6426553671875 0.41542288593750004 0.6031073453125 0.330845771875 0.563559321875 0.271144278125 0.5296610171875 0.23383084531249998 0.48022598906249997 0.1927860703125 0.45762711874999995 0.19527363125 0.44491525468750004 0.20398010000000003 0.43079096093749997 0.226368159375 0.3347457625 0.3407960203125 0.3361581921875 0.3445273625 0.37005649687500003 0.347014925 0.40112994375 0.3569651734375 0.4025423734375 0.3631840796875 0.39548022656250004 0.369402984375 0.313559321875 0.371890546875 0.2838983046875 0.4179104484375 0.2514124296875 0.4465174125 0.21186440625 0.4639303484375 0.169491525 0.471393034375 0.148305084375 0.4850746265625 0.1285310734375 0.5174129359374999 0.1073446328125 0.573383084375 0.087570621875 0.573383084375 0.062146892187500004 0.5858208953124999 0.056497175 0.5932835828125 0.01412429375 0.59825870625 0.00988700625 0.60199005 0.00988700625 0.621890546875 0.0240113 0.64925373125 0.03813559375 0.6666666671875 0.073446328125 0.69527363125 0.11299435 0.7101990046875 0.1242937859375 0.7101990046875 0.1412429375 0.69527363125 0.15536723125000002 0.69527363125 0.1920903953125 0.720149253125 0.200564971875 0.720149253125 0.214689265625 0.727611940625 0.24011299375 0.75 0.2655367234375 0.7649253734375 0.282485875 0.772388059375 0.3361581921875 0.7823383078124999
9 0.46186440624999997 0.35323383124999996 0.47033898281250003 0.35572139375 0.474576271875 0.3569651734375 0.51412429375 0.3345771140625 0.5395480218750001 0.32711442812499997 0.59463276875 0.32835820937500004 0.5762711859375 0.3121890546875 0.553672315625 0.3072139296875 0.5197740109375 0.3072139296875 0.49152542343750005 0.319651740625 0.464689265625 0.3407960203125 0.46186440624999997 0.35323383124999996
9 0.5155367234375 0.3955223875 0.5098870062499999 0.40547263750000007 0.5593220343749999 0.40422885624999993 0.59463276875 0.3855721390625 0.5621468921874999 0.371890546875 0.54237288125 0.374378109375 0.5155367234375 0.3955223875
9 0.44491525468750004 0.527363184375 0.45903954843749994 0.5398009953125 0.4717514125 0.5410447765625 0.531073446875 0.528606965625 0.5508474578125 0.521144278125 0.5692090390625 0.5074626859375 0.5692090390625 0.48756218906250004 0.563559321875 0.475124378125 0.5409604515625 0.46019900468749997 0.4985875703125 0.4104477609375 0.474576271875 0.39427860625 0.4491525421875 0.39676616875000004 0.422316384375 0.42288557187500003 0.4477401125 0.4900497515625 0.44491525468750004 0.527363184375
9 0.29378531093750004 0.429104478125 0.266949153125 0.45522388124999996 0.31073446250000003 0.45646766093749996 0.3474576265625 0.4465174125 0.37711864375 0.4328358203125 0.341807909375 0.421641790625 0.313559321875 0.421641790625 0.29378531093750004 0.429104478125
9 0.5056497171875 0.6355721390625 0.5268361578125 0.6368159203125 0.5621468921874999 0.6355721390625 0.5960451984375 0.620646765625 0.6172316390625 0.5920398015624999 0.62288135625 0.5721393031249999 0.5875706218750001 0.5534825875 0.5677966109375 0.5534825875 0.5508474578125 0.5634328359375 0.531073446875 0.5659203984375 0.5 0.5858208953124999 0.464689265625 0.619402984375 0.46892655312500003 0.6181592046875 0.5056497171875 0.6355721390625
5 0.5282485875 0.6380597015625 0.5621468921874999 0.6355721390625 0.5960451984375 0.620646765625 0.6172316390625 0.5920398015624999 0.62288135625 0.5721393031249999 0.6186440671875 0.570895521875 0.5960451984375 0.5833333328125 0.556497175 0.5957711437500001 0.467514125 0.6169154234375 0.5056497171875 0.6355721390625 0.5282485875 0.6380597015625
10 0.474576271875 0.6131840796875 0.5508474578125 0.5858208953124999 0.620056496875 0.569651740625 0.5875706218750001 0.5534825875 0.5677966109375 0.5534825875 0.5508474578125 0.5634328359375 0.531073446875 0.5659203984375 0.5 0.5858208953124999 0.474576271875 0.6131840796875
2 0.48587570625 0.6106965171875001 0.556497175 0.5957711437500001 0.5960451984375 0.5833333328125 0.6115819203124999 0.574626865625 0.59887005625 0.573383084375 0.5762711859375 0.5783582093749999 0.497175140625 0.6032338312500001 0.48587570625 0.6106965171875001
1 0 0 0 0.6295309171875 0.0028248593749999997 0.630597015625 0.00988700625 0.629353234375 0.007062146875 0.6144278609375 0.01412429375 0.59825870625 0.056497175 0.5932835828125 0.062146892187500004 0.5858208953124999 0.087570621875 0.573383084375 0.10875706249999999 0.5721393031249999 0.1115819203125 0.55472636875 0.13700565 0.5 0.15536723125000002 0.47885572187500003 0.169491525 0.471393034375 0.21186440625 0.4639303484375 0.242937853125 0.45149253749999996 0.2838983046875 0.4179104484375 0.34604519843750003 0.325870646875 0.4519774015625 0.19776119375 0.4661016953125 0.1927860703125 0.48022598906249997 0.1927860703125 0.488700565625 0.19776119375 0.5579096046875 0.2636815921875 0.580508475 0.300995025 0.6002824859375 0.320895521875 0.6031073453125 0.2935323390625 0.591807909375 0.271144278125 0.577683615625 0.2139303484375 0.5692090390625 0.20398010000000003 0.563559321875 0.18159203906250002 0.5395480218750001 0.1679104484375 0.5155367234375 0.1393034828125 0.5127118640624999 0.11691542343750001 0.51836158125 0.0920398015625 0.5268361578125 0.079601990625 0.5268361578125 0.0671641796875 0.51412429375 0.0534825875 0.483050846875 0.0360696515625 0.4717514125 0.0360696515625 0.44350282500000004 0.026119403125000003 0.4138418078125 0 0 0
4 0.4717514125 0.3569651734375 0.49152542343750005 0.3445273625 0.5282485875 0.329601990625 0.59463276875 0.32835820937500004 0.5762711859375 0.3121890546875 0.553672315625 0.3072139296875 0.5197740109375 0.3072139296875 0.49152542343750005 0.319651740625 0.464689265625 0.3407960203125 0.46186440624999997 0.35323383124999996 0.4717514125 0.3569651734375
3 0.5112994343749999 0.40671641718749996 0.5593220343749999 0.40422885624999993 0.59463276875 0.3855721390625 0.5621468921874999 0.371890546875 0.54237288125 0.374378109375 0.5155367234375 0.3955223875 0.5112994343749999 0.40671641718749996
6 0.46045197812499994 0.5410447765625 0.531073446875 0.528606965625 0.5508474578125 0.521144278125 0.5692090390625 0.5074626859375 0.5692090390625 0.48756218906250004 0.563559321875 0.475124378125 0.5409604515625 0.46019900468749997 0.4985875703125 0.4104477609375 0.474576271875 0.39427860625 0.4491525421875 0.39676616875000004 0.422316384375 0.42288557187500003 0.4477401125 0.4900497515625 0.44491525468750004 0.527363184375 0.46045197812499994 0.5410447765625
8 0.31638418125 0.371890546875 0.3898305078125 0.371890546875 0.4025423734375 0.3631840796875 0.4025423734375 0.35820895468749997 0.37005649687500003 0.347014925 0.3333333328125 0.3445273625 0.3149717515625 0.3681592046875 0.31638418125 0.371890546875
7 0.26836158125 0.45646766093749996 0.31073446250000003 0.45646766093749996 0.3474576265625 0.4465174125 0.37711864375 0.4328358203125 0.341807909375 0.421641790625 0.313559321875 0.421641790625 0.29378531093750004 0.429104478125 0.26977401093750003 0.45024875625 0.26836158125 0.45646766093749996