0 0.11633650625 0 0 0.43417374999999997 0 0.88366349375 0.43417374999999997 1 0.88366349375 1 0.9552935843749999 0.7326728640625 0.9425715984374999 0.7315519203124999 0.9416790046875001 0.7227331140625 0.9205030609374999 0.7470877671875 0.900310759375 0.7616964078125 0.854119825 0.7822081921875 0.8073049703124999 0.7868234640625 0.795154959375 0.7835678781250001 0.7812197640625 0.7626746796874999 0.7660322484375001 0.7586051984375 0.7193950171875 0.774707578125 0.7102825109375 0.7722658906250001 0.6929500890625 0.7762013171875 0.6591778374999999 0.79289098125 0.6275504953125 0.8015757328124999 0.6071805718750001 0.8046972671875 0.5466081421875 0.7999064484375 0.40759799374999994 0.7597989125 0.3139727578125 0.7204127109375 0.26591006250000004 0.69323495625 0.21999227656250003 0.6580522921874999 0.20168068749999998 0.6231169875 0.20240013124999998 0.5718319390625 0.216521903125 0.5069787625 0.2526256375 0.3965378140625 0.2710327515625 0.3642915578125 0.3448343578125 0.29541039062499996 0.39755106875 0.23231906093750002 0.3950509125 0.21734974999999998 0.4000557015625 0.19867162656249998 0.4186404375 0.17791248125 0.4502722546875 0.120610984375 0.4622446421875 0.1123794609375 0.474754375 0.0899925234375 0.52139160625 0.0738901421875 0.5385464046874999 0.058467603125 0.5480186359375 0.03526676875 0.5490933265625 0.0069559421875 0.5466527812499999 0 0.11633650625 0
9 0.7660322484375001 0.7586051984375 0.7812197640625 0.7626746796874999 0.795154959375 0.7835678781250001 0.8073049703124999 0.7868234640625 0.854119825 0.7822081921875 0.900310759375 0.7616964078125 0.9205030609374999 0.7470877671875 0.9435552406250001 0.7218059109375 0.9492749984375 0.7004594828124999 0.9457911984375 0.695236184375 0.9016586 0.67769113125 0.8977285046875 0.6680584296875 0.873965828125 0.6473918453125 0.8527033109375 0.6416945703125 0.8460088609374999 0.5755535203125001 0.8340409484375 0.5351683031250001 0.8151920125000001 0.5143884109375 0.7717743828125 0.4941750546875 0.7342541359375 0.46410238281250005 0.7075450062499999 0.42405708437499995 0.6888781703125 0.3661475609375 0.6015055640625 0.33987626249999997 0.5956992328124999 0.3311707640625 0.5990054078125 0.324906953125 0.6352778156250001 0.3231866 0.6724428171875 0.330285053125 0.675034021875 0.3266895453125 0.6046475421874999 0.1762751125 0.59589475625 0.1481909 0.5847283890625 0.13518930625 0.5611433390625 0.12600983125 0.49619004218749996 0.1557936515625 0.4490154640625 0.1860514453125 0.3893311546875 0.23869617656250003 0.32249714687500003 0.3180239421875 0.2762151625 0.35710054375 0.2526256375 0.3965378140625 0.216521903125 0.5069787625 0.20722729687500002 0.5416667078125 0.2006104703125 0.6028110703125 0.2048958125 0.6354179921875 0.21999227656250003 0.6580522921874999 0.2911026765625 0.708564934375 0.40759799374999994 0.7597989125 0.5466081421875 0.7999064484375 0.6071805718750001 0.8046972671875 0.6275504953125 0.8015757328124999 0.6591778374999999 0.79289098125 0.6929500890625 0.7762013171875 0.7102825109375 0.7722658906250001 0.7193950171875 0.774707578125 0.7660322484375001 0.7586051984375
9 0.45874741874999997 0.253006390625 0.48394003124999996 0.26833636875 0.520030340625 0.303745646875 0.5249440796875 0.303632340625 0.5347715578125001 0.303405725 0.535308903125 0.2892503125 0.5125298703125 0.25883771875 0.48572969375 0.2373572375 0.44927966250000007 0.22759048124999998 0.42354970312500007 0.22641591874999997 0.39915863281249997 0.2384695625 0.45874741874999997 0.253006390625
9 0.4421254890625 0.30289025937499997 0.4215779421875 0.29452468125000003 0.382714328125 0.299840540625 0.41532083750000004 0.3300265203125 0.4681196484375 0.34560385937500004 0.46490452187500003 0.333302853125 0.4421254890625 0.30289025937499997
9 0.3903879453125 0.4048523234375 0.3807380921875 0.416566046875 0.375018334375 0.4379124734375 0.3908297671875 0.45787846875 0.40994737812500004 0.471580653125 0.47016008125 0.50201399375 0.48418632968750003 0.5043423765624999 0.502948690625 0.495070340625 0.510635734375 0.45423189375 0.557277440625 0.3895127703125 0.535928346875 0.35376356875 0.5093057953125 0.3437701984375 0.4788397203125 0.3541960515625 0.418977784375 0.3953536734375 0.3903879453125 0.4048523234375
9 0.693696384375 0.4332158125 0.674578775 0.419513628125 0.64420375 0.411374665625 0.603017603125 0.413208325 0.6309790468750001 0.43642990625 0.6676067031249999 0.45768377187500003 0.7150454765625 0.4689650140625 0.693696384375 0.4332158125
9 0.3420476265625 0.481985759375 0.2987165703125 0.49182433124999997 0.2990718203125 0.5147985515625 0.3136309359375 0.5515882624999999 0.34579115 0.577364840625 0.383402446875 0.588872696875 0.4065412015625 0.5936427671875 0.4510335234375 0.5855452953125 0.45523229218749994 0.5881002921875 0.42691559999999995 0.5419044921875 0.39922283125 0.5116052046874999 0.37867528125 0.503239628125 0.3633101453125 0.487683034375 0.3420476265625 0.481985759375
5 0.2990718203125 0.5147985515625 0.3136309359375 0.5515882624999999 0.34579115 0.577364840625 0.3815262109375 0.5897999 0.4065412015625 0.5936427671875 0.45290975937500005 0.5846180921874999 0.3633056703125 0.536299778125 0.32435548281250004 0.5115637125 0.303630309375 0.49171102343750006 0.2987165703125 0.49182433124999997 0.2990718203125 0.5147985515625
10 0.3722405546875 0.5272543578125 0.4463884578125 0.5785808968749999 0.42691559999999995 0.5419044921875 0.39922283125 0.5116052046874999 0.37867528125 0.503239628125 0.3633101453125 0.487683034375 0.3420476265625 0.481985759375 0.30246904375 0.4899699234375 0.3722405546875 0.5272543578125
2 0.434953415625 0.5726570078125001 0.424948315625 0.5613965109375 0.347047940625 0.5119243796874999 0.324177859375 0.500076603125 0.3101516125 0.4977482203125 0.32435548281250004 0.5115637125 0.3633056703125 0.536299778125 0.434953415625 0.5726570078125001
1 0.5466527812499999 0 0.5490933265625 0.0069559421875 0.5480186359375 0.03526676875 0.5385464046874999 0.058467603125 0.50450548125 0.0822349734375 0.474754375 0.0899925234375 0.4622446421875 0.1123794609375 0.4502722546875 0.120610984375 0.4186404375 0.17791248125 0.4000557015625 0.19867162656249998 0.39522853593749996 0.228836859375 0.42221081250000003 0.21318770625 0.45723537968750005 0.1796743265625 0.550600890625 0.12890474999999998 0.5611433390625 0.12600983125 0.5763308515625 0.1300793125 0.590088425 0.1394854015625 0.6671738296874999 0.307424140625 0.7075450062499999 0.42405708437499995 0.741936703125 0.47188067812499995 0.7717743828125 0.4941750546875 0.8151920125000001 0.5143884109375 0.828234615625 0.526462803125 0.841901140625 0.554433709375 0.8535093296875 0.62046145 0.8515420453125 0.6399534703125 0.873965828125 0.6473918453125 0.8977285046875 0.6680584296875 0.9016586 0.67769113125 0.9457911984375 0.695236184375 0.948737653125 0.714614896875 0.94141033125 0.7298108203125 0.948646603125 0.7331797140625 0.955334440625 0.7325203890624999 1 0.5658262515625 1 0.11633650625 0.5658262484375001 0 0.5466527812499999 0
4 0.39915863281249997 0.2384695625 0.47018245781249995 0.25893027812499997 0.5053801734375 0.2855207515625 0.5230678421875 0.30455954375 0.5347715578125001 0.303405725 0.535308903125 0.2892503125 0.5125298703125 0.25883771875 0.48572969375 0.2373572375 0.44927966250000007 0.22759048124999998 0.42354970312500007 0.22641591874999997 0.39915863281249997 0.2384695625
3 0.46490452187500003 0.333302853125 0.4421254890625 0.30289025937499997 0.4215779421875 0.29452468125000003 0.382714328125 0.299840540625 0.41532083750000004 0.3300265203125 0.4662434125 0.3465310625 0.46490452187500003 0.333302853125
6 0.418977784375 0.3953536734375 0.3903879453125 0.4048523234375 0.3807380921875 0.416566046875 0.375018334375 0.4379124734375 0.3908297671875 0.45787846875 0.40994737812500004 0.471580653125 0.48231009374999995 0.5052695796875 0.502948690625 0.495070340625 0.510635734375 0.45423189375 0.557277440625 0.3895127703125 0.535928346875 0.35376356875 0.5093057953125 0.3437701984375 0.4788397203125 0.3541960515625 0.418977784375 0.3953536734375
8 0.6858406671874999 0.3653336640625 0.6884318734375 0.36173815781249996 0.6754803203125 0.3310989484375 0.6352778156250001 0.3231866 0.597129171875 0.32583415625 0.5956992328124999 0.3311707640625 0.6068656 0.344172359375 0.6858406671874999 0.3653336640625
7 0.6676067031249999 0.45768377187500003 0.713169240625 0.4698922171875 0.7134379140625 0.46281451249999994 0.693696384375 0.4332158125 0.674578775 0.419513628125 0.64420375 0.411374665625 0.603017603125 0.413208325 0.6309790468750001 0.43642990625 0.6676067031249999 0.45768377187500003