0 0.1022820421875 0 0 0.44303219687500006 0 0.8977179578125 0.44303219687500006 1 0.8977179578125 1 1 0.5569678031249999 1 0.1022820421875 0.5569678031249999 0 0.1022820421875 0
0 0 0.5191297625 0.0022821 0.5262774609374999 0.0368632484375 0.6062110390625 0.051408146875000005 0.6177142640625 0.092828815625 0.6245618890625 0.102827196875 0.6743842765625 0.114523471875 0.6920175703125 0.18486753125 0.759844490625 0.26116267656250003 0.8018944250000001 0.3308636859375 0.8166286250000001 0.3935898 0.824322365625 0.46520305312500004 0.8245650453125 0.5156377812499999 0.8172031890625 0.5530591 0.8041218578124999 0.6183320578125 0.7635319578125 0.635169959375 0.7402683921875 0.6579589484375 0.691227840625 0.691936534375 0.686854278125 0.7068621921875 0.67808223125 0.7293973406250001 0.6425585265625 0.745893971875 0.6083558109375 0.7595814703125 0.54906874375 0.763064690625 0.5091465546875 0.7602555578125 0.484062203125 0.7418382265625 0.4458715984375 0.7147481046874999 0.4328296265625 0.7234208953125 0.4076809953125 0.7212068687500001 0.38001894375 0.6937275359374999 0.3003674046875 0.6820312609375 0.2827341109375 0.658726140625 0.27192351875 0.6393329421875 0.2565858859375 0.5573405499999999 0.22679608906249998 0.447877278125 0.20423959218749999 0.32548802499999996 0.20041961874999997 0.2055666359375 0.2107448484375 0.147903171875 0.224583090625 0.1031262015625 0.25089923125 0.08509808125 0.27931819375 0.058222309375 0.28397379375 0.0423207859375 0.3155988109375 0.0427494859375 0.3509939578125 0.0221827984375 0.3469479421875 0 0.4430321984375 0 0.5191297625
9 0 0.5191297625 0.0022821 0.5262774609374999 0.0368632484375 0.6062110390625 0.051408146875000005 0.6177142640625 0.092828815625 0.6245618890625 0.102827196875 0.6743842765625 0.114523471875 0.6920175703125 0.18486753125 0.759844490625 0.26116267656250003 0.8018944250000001 0.329205278125 0.8176032984375 0.3935898 0.824322365625 0.46520305312500004 0.8245650453125 0.5156377812499999 0.8172031890625 0.5530591 0.8041218578124999 0.6183320578125 0.7635319578125 0.635169959375 0.7402683921875 0.6579589484375 0.691227840625 0.691936534375 0.686854278125 0.7068621921875 0.67808223125 0.7293973406250001 0.6425585265625 0.745893971875 0.6083558109375 0.7595814703125 0.54906874375 0.763064690625 0.5091465546875 0.7602555578125 0.484062203125 0.7418382265625 0.4458715984375 0.729419921875 0.437574428125 0.7130896984375 0.4338042984375 0.701480853125 0.4406270015625 0.6840478421875 0.4664682671875 0.6791995421875 0.4626338578125 0.6660112703125 0.408002390625 0.660900678125 0.330799990625 0.6541796234375 0.31024268125 0.6597894375 0.273526546875 0.6393329421875 0.2565858859375 0.5573405499999999 0.22679608906249998 0.447877278125 0.20423959218749999 0.32548802499999996 0.20041961874999997 0.2055666359375 0.2107448484375 0.147903171875 0.224583090625 0.113671746875 0.2424735 0.0913904359375 0.2644803578125 0.0815274296875 0.294784384375 0.076941421875 0.3643179671875 0.0715854453125 0.38751725625 0.06329341250000001 0.392390615625 0.043812784375000004 0.352596984375 0.0225681359375 0.3452788578125 0 0.44303219687500006 0 0.5191297625
9 0.466596390625 0.284583765625 0.457114140625 0.29461252187500003 0.47000063281250004 0.30709041875 0.47438074375 0.3067441015625 0.5186500374999999 0.3074616578125 0.631303203125 0.3348272359375 0.6174803328125 0.31398788906249997 0.5953654296875001 0.2980219 0.530639640625 0.28036368437500003 0.515840903125 0.28237730625 0.496788975 0.277978821875 0.466596390625 0.284583765625
9 0.32932096875 0.25832141875 0.2328711078125 0.24148439375000003 0.193918303125 0.248781971875 0.17189083125 0.25727198125 0.15126792656250002 0.278304165625 0.151736115625 0.2824848890625 0.1561162265625 0.28213857343750004 0.194347003125 0.2841771171875 0.223944478125 0.2801498734375 0.24027470312500002 0.283920003125 0.26987217812500003 0.27989275625 0.33306648125 0.2917672203125 0.3479921375 0.28299517500000004 0.3497774640625 0.27526207812500003 0.32932096875 0.25832141875
9 0.38248585468749996 0.33847275468750004 0.357609759375 0.3530928328125 0.33133755 0.4420555734375 0.31356326874999996 0.4569576890625 0.306080696875 0.47695092343749995 0.31658675468749997 0.4997396140625 0.39657947031249996 0.5195649328124999 0.4650028328125 0.514998534375 0.4838404109375 0.5016994453125 0.47618297500000006 0.472780684375 0.462487025 0.44518291249999997 0.45193302500000004 0.3667238046875 0.4299450421875 0.34399939218750003 0.40060140468750005 0.3345097890625 0.38248585468749996 0.33847275468750004
9 0.5611424578124999 0.40279714999999994 0.587423121875 0.40071924843750006 0.47583325312499997 0.374956696875 0.507771675 0.3918330765625 0.5611424578124999 0.40279714999999994
9 0.270475740625 0.364199896875 0.323163984375 0.3532856703125 0.25320913749999996 0.3520683171875 0.2323718828125 0.355402928125 0.216041659375 0.3516327984375 0.199584515625 0.35462109375 0.2240798515625 0.36027628906250003 0.270475740625 0.364199896875
9 0.351294821875 0.57291476875 0.299884225 0.6031295953125 0.28483164843750003 0.6186600656250001 0.2907432453125 0.6240975015625 0.3468357328125 0.6356899281249999 0.42044866406250003 0.6458970859375001 0.5024805453125001 0.6444724609375 0.47198618124999997 0.6089238359375 0.440174678125 0.5852890296875 0.41899615468749996 0.5776844921875 0.3981589 0.5810191031249999 0.366093559375 0.5709011453125 0.351294821875 0.57291476875
1 0.6820312609375 0.2827341109375 0.6614478453125 0.272551875 0.6541796234375 0.31024268125 0.660900678125 0.330799990625 0.6660112703125 0.408002390625 0.6755414609375 0.45364405156250004 0.6823894359375 0.4674429375 0.701480853125 0.4406270015625 0.7192551359375 0.4257248859375 0.723079625 0.3967418453125 0.712017946875 0.3453164328125 0.6998534828125 0.3235024125 0.6937275359374999 0.3003674046875 0.6820312609375 0.2827341109375
1 0.044280973437499996 0.35677770937500003 0.06329341250000001 0.392390615625 0.0715854453125 0.38751725625 0.076941421875 0.3643179671875 0.08450297343749999 0.2818958921875 0.0807179703125 0.2796645109375 0.058222309375 0.28397379375 0.0399403515625 0.32590960625 0.044280973437499996 0.35677770937500003
4 0.3479921375 0.28299517500000004 0.3497774640625 0.27526207812500003 0.32932096875 0.25832141875 0.2328711078125 0.24148439375000003 0.193918303125 0.248781971875 0.17189083125 0.25727198125 0.15126792656250002 0.278304165625 0.1544578203125 0.28311324375 0.1807384828125 0.28103534375 0.194347003125 0.2841771171875 0.223944478125 0.2801498734375 0.24027470312500002 0.283920003125 0.26987217812500003 0.27989275625 0.33306648125 0.2917672203125 0.3479921375 0.28299517500000004
3 0.22242144531250002 0.361250959375 0.2792359609375 0.3635072640625 0.323163984375 0.3532856703125 0.25320913749999996 0.3520683171875 0.2323718828125 0.355402928125 0.216041659375 0.3516327984375 0.199584515625 0.35462109375 0.22242144531250002 0.361250959375
6 0.40060140468750005 0.3345097890625 0.38248585468749996 0.33847275468750004 0.357609759375 0.3530928328125 0.33133755 0.4420555734375 0.31356326874999996 0.4569576890625 0.306080696875 0.47695092343749995 0.31658675468749997 0.4997396140625 0.394921065625 0.5205396046875 0.4650028328125 0.514998534375 0.4838404109375 0.5016994453125 0.47618297500000006 0.472780684375 0.462487025 0.44518291249999997 0.45193302500000004 0.3667238046875 0.4299450421875 0.34399939218750003 0.40060140468750005 0.3345097890625
5 0.2907432453125 0.6240975015625 0.345177328125 0.6366646 0.42044866406250003 0.6458970859375001 0.5024805453125001 0.6444724609375 0.460250415625 0.6225049609375 0.3840427015625 0.604911025 0.33811500156249996 0.605168140625 0.28483164843750003 0.6186600656250001 0.2907432453125 0.6240975015625
10 0.41899615468749996 0.5776844921875 0.3981589 0.5810191031249999 0.366093559375 0.5709011453125 0.351294821875 0.57291476875 0.299884225 0.6031295953125 0.28874356875 0.614133025 0.29252857187500003 0.6163644046875 0.33811500156249996 0.605168140625 0.3840427015625 0.604911025 0.43362848437499996 0.6136437140625 0.49822735468749996 0.638060353125 0.47198618124999997 0.6089238359375 0.440174678125 0.5852890296875 0.41899615468749996 0.5776844921875
8 0.496788975 0.277978821875 0.466596390625 0.284583765625 0.457114140625 0.29461252187500003 0.47272233750000003 0.307718775 0.5186500374999999 0.3074616578125 0.631303203125 0.3348272359375 0.6174803328125 0.31398788906249997 0.5953654296875001 0.2980219 0.530639640625 0.28036368437500003 0.515840903125 0.28237730625 0.496788975 0.277978821875
7 0.507771675 0.3918330765625 0.5594840515625 0.40377182031250003 0.587423121875 0.40071924843750006 0.47583325312499997 0.374956696875 0.507771675 0.3918330765625