0 0 0 0 1 0.0046875 1 0.0046875 0.978125 0.0203125 0.9625 0.0640625 0.865625 0.0734375 0.825 0.0734375 0.7875 0.0859375 0.753125 0.0921875 0.715625 0.1296875 0.64375 0.1453125 0.625 0.1609375 0.5875 0.1703125 0.546875 0.1640625 0.471875 0.1640625 0.415625 0.1703125 0.365625 0.1921875 0.275 0.2296875 0.16875 0.2640625 0.115625 0.328125 0.0578125 0.39375 0.0296875 0.41875 0.0234375 0.471875 0.0203125 0.515625 0.0234375 0.54375 0.0328125 0.609375 0.0671875 0.64375 0.0921875 0.6953125 0.15 0.7265625 0.2 0.7484375 0.246875 0.7671875 0.315625 0.7765625 0.384375 0.8015625 0.46875 0.8078125 0.515625 0.8078125 0.646875 0.8171875 0.775 0.8171875 0.91875 0.8109375 1 1 1 1 0 0 0
0 0.6640625 1 0.6578125 0.990625 0.6578125 0.975 0.64375 0.9703125 0.6296875 0.953125 0.6140625 0.928125 0.6078125 0.90625 0.6109375 0.8125 0.6234375 0.75625 0.628125 0.7046875 0.55 0.7828125 0.515625 0.7984375 0.471875 0.7984375 0.3953125 0.765625 0.4140625 0.83125 0.4140625 0.890625 0.421875 0.9046875 0.44375 0.9140625 0.4734375 0.94375 0.4984375 0.978125 0.505729165625 1 0.6640625 1
0 0.25968749999999996 1 0.2609375 0.99375 0.2328125 0.9375 0.21875 0.9234375 0.209375 0.9234375 0.190625 0.9359375 0.16875 0.9171875 0.13125 0.9171875 0.0953125 0.953125 0.0796875 0.98125 0.0609375 0.996875 0.061979165625 1 0.25968749999999996 1
1 0.8109375 1 0.8171875 0.91875 0.8171875 0.775 0.8109375 0.728125 0.8109375 0.584375 0.8015625 0.46875 0.7859375 0.421875 0.7671875 0.315625 0.7421875 0.23125 0.7140625 0.178125 0.6765625 0.125 0.64375 0.0921875 0.609375 0.0671875 0.54375 0.0328125 0.515625 0.0234375 0.41875 0.0234375 0.375 0.0359375 0.328125 0.0578125 0.303125 0.0765625 0.2453125 0.140625 0.2296875 0.16875 0.2078125 0.228125 0.1734375 0.346875 0.1640625 0.415625 0.1703125 0.546875 0.1609375 0.5875 0.1453125 0.625 0.1296875 0.64375 0.0921875 0.715625 0.0859375 0.753125 0.0734375 0.7875 0.0734375 0.825 0.0671875 0.85625 0.0203125 0.9625 0.0046875 0.978125 0.006145834375 1 0.0609375 1 0.0796875 0.98125 0.0953125 0.953125 0.13125 0.9171875 0.16875 0.9171875 0.190625 0.9359375 0.209375 0.9234375 0.21875 0.9234375 0.2328125 0.9375 0.261775915625 1 0.5046875 1 0.4984375 0.978125 0.4734375 0.94375 0.44375 0.9140625 0.4203125 0.903125 0.4140625 0.890625 0.4140625 0.83125 0.3953125 0.7625 0.3296875 0.675 0.2984375 0.625 0.2828125 0.56875 0.2796875 0.515625 0.2859375 0.471875 0.3046875 0.4 0.3078125 0.29375 0.3203125 0.246875 0.353125 0.2171875 0.390625 0.2015625 0.4375 0.1953125 0.478125 0.1953125 0.521875 0.2078125 0.553125 0.2390625 0.63125 0.2984375 0.6515625 0.328125 0.6828125 0.421875 0.7078125 0.45625 0.7078125 0.48125 0.6890625 0.59375 0.6609375 0.659375 0.6328125 0.696875 0.6265625 0.7125 0.6078125 0.846875 0.6078125 0.90625 0.6140625 0.928125 0.6390625 0.965625 0.6578125 0.975 0.6578125 0.990625 0.664508928125 1 0.8109375 1
9 0.3296875 0.675 0.4 0.7671875 0.471875 0.7984375 0.515625 0.7984375 0.55 0.7828125 0.6328125 0.7 0.6609375 0.659375 0.6796875 0.621875 0.6921875 0.58125 0.7078125 0.45625 0.7046875 0.446875 0.6890625 0.434375 0.6796875 0.40625 0.653125 0.3890625 0.615625 0.3890625 0.559375 0.4109375 0.5546875 0.4 0.5625 0.3921875 0.6125 0.3703125 0.640625 0.3703125 0.671875 0.3953125 0.6734375 0.3875 0.6484375 0.321875 0.63125 0.2984375 0.553125 0.2390625 0.521875 0.2078125 0.478125 0.1953125 0.4375 0.1953125 0.390625 0.2015625 0.353125 0.2171875 0.3203125 0.246875 0.3078125 0.29375 0.3046875 0.4 0.2859375 0.471875 0.2796875 0.515625 0.2890625 0.6 0.2984375 0.625 0.3296875 0.675
9 0.4125 0.3828125 0.38125 0.3828125 0.334375 0.3984375 0.3171875 0.421875 0.359375 0.4046875 0.434375 0.4078125 0.45625 0.4203125 0.4671875 0.409375 0.440625 0.3921875 0.4125 0.3828125
9 0.61875 0.4171875 0.590625 0.4140625 0.5578125 0.44375 0.5640625 0.446875 0.6125 0.4484375 0.6421875 0.4375 0.61875 0.4171875
9 0.415625 0.4203125 0.384375 0.4171875 0.3546875 0.440625 0.3828125 0.446875 0.4453125 0.446875 0.415625 0.4203125
9 0.4640625 0.521875 0.4453125 0.565625 0.45625 0.5796875 0.5109375 0.6 0.515625 0.5953125 0.5375 0.5921875 0.565625 0.5734375 0.5703125 0.56875 0.5703125 0.55 0.5546875 0.521875 0.5390625 0.44375 0.51875 0.4328125 0.496875 0.4328125 0.4734375 0.446875 0.4640625 0.521875
9 0.4140625 0.6625 0.44375 0.6890625 0.4625 0.6984375 0.4984375 0.7 0.509375 0.7015625 0.55 0.6890625 0.5765625 0.6625 0.6015625 0.6125 0.5375 0.6140625 0.515625 0.6234375 0.396875 0.6203125 0.3890625 0.625 0.4140625 0.6625
4 0.5625 0.3921875 0.5546875 0.4 0.559375 0.4109375 0.615625 0.3890625 0.653125 0.3890625 0.66875 0.3984375 0.6734375 0.396875 0.640625 0.3703125 0.6125 0.3703125 0.5625 0.3921875
3 0.590625 0.4140625 0.5578125 0.44375 0.565625 0.4484375 0.6125 0.4484375 0.6421875 0.4375 0.61875 0.4171875 0.590625 0.4140625
5 0.44375 0.6890625 0.4625 0.6984375 0.5 0.7015625 0.55 0.6890625 0.5765625 0.6625 0.6015625 0.6125 0.55 0.6640625 0.5125 0.6765625 0.475 0.6765625 0.428125 0.6546875 0.4 0.6296875 0.3921875 0.628125 0.4140625 0.6625 0.44375 0.6890625
2 0.3953125 0.628125 0.428125 0.6546875 0.475 0.6765625 0.5125 0.6765625 0.55 0.6640625 0.5859375 0.63125 0.5953125 0.615625 0.5875 0.6140625 0.55 0.6296875 0.5125 0.6359375 0.453125 0.6359375 0.3953125 0.628125
10 0.396875 0.6265625 0.409375 0.6296875 0.453125 0.6359375 0.534375 0.6328125 0.5953125 0.6125 0.5375 0.6140625 0.515625 0.6234375 0.3953125 0.621875 0.396875 0.6265625
6 0.4453125 0.565625 0.45625 0.5796875 0.5125 0.6015625 0.515625 0.5953125 0.5375 0.5921875 0.565625 0.5734375 0.5703125 0.56875 0.5703125 0.55 0.5546875 0.521875 0.5390625 0.44375 0.51875 0.4328125 0.496875 0.4328125 0.4734375 0.446875 0.4640625 0.521875 0.4453125 0.565625
8 0.334375 0.3984375 0.3203125 0.415625 0.321875 0.4203125 0.359375 0.4046875 0.434375 0.4078125 0.45625 0.4203125 0.4671875 0.409375 0.440625 0.3921875 0.4125 0.3828125 0.38125 0.3828125 0.334375 0.3984375
7 0.384375 0.4171875 0.3546875 0.440625 0.384375 0.4484375 0.4453125 0.446875 0.415625 0.4203125 0.384375 0.4171875