0 0.0729596578125 0 0 0.4606491453125 0 0.9270403421875001 0.4606491453125 1 0.9270403421875001 1 1 0.5393508546875 1 0.0729596578125 0.5393508546875 0 0.0729596578125 0
0 0.3019964765625 0.61863415625 0.33678759999999996 0.66726804375 0.38377710781249996 0.6972096750000001 0.45204094218749996 0.7211461531250001 0.504019428125 0.731253671875 0.5645915921875 0.72209800625 0.632470284375 0.6784758078124999 0.68126381875 0.603706784375 0.6952974828125 0.538431825 0.690277246875 0.5001379890625001 0.6799141468750001 0.47224753750000004 0.6841641015625 0.37542402343750003 0.66028420625 0.2928945328125 0.6577098984374999 0.26248783593749997 0.6418755546875 0.22248121250000003 0.615580990625 0.19019253281249998 0.5721961859375 0.160821828125 0.4898674265625 0.1440323640625 0.44429345624999994 0.1518136390625 0.368851475 0.18486325312500002 0.3088899546875 0.2484887625 0.28404218281250004 0.3120509375 0.275351378125 0.3669225109375 0.2732905921875 0.42659404843750004 0.278310828125 0.46488788437500006 0.2623793625 0.46048965312499995 0.2399462625 0.4738110171875 0.2341523921875 0.5103920671875 0.2367267015625 0.5407987640624999 0.25256104375 0.5808053859375 0.2667543484375 0.5961779328125 0.277568453125 0.59789071875 0.297330125 0.5897710468749999 0.3019964765625 0.61863415625
9 0.33678759999999996 0.66726804375 0.38377710781249996 0.6972096750000001 0.45355359999999995 0.7232606703125 0.504019428125 0.731253671875 0.5645915921875 0.72209800625 0.632470284375 0.6784758078124999 0.68126381875 0.603706784375 0.6952974828125 0.538431825 0.690277246875 0.5001379890625001 0.6799141468750001 0.47224753750000004 0.6860306421875 0.3869692671875 0.663309521875 0.29712356562500003 0.62188838125 0.24368971718750002 0.5929223859375 0.2166027296875 0.4925701171875 0.1969586203125 0.43083917656250004 0.2134304953125 0.39166971875 0.23910056562499998 0.36366825 0.27591414687500004 0.3179000359375 0.354912203125 0.29935965468750003 0.47197156093750003 0.2894788171875 0.476031396875 0.2834281890625 0.46757332968750004 0.254590571875 0.4630059 0.2399462625 0.4738110171875 0.2341523921875 0.5103920671875 0.2367267015625 0.5407987640624999 0.25256104375 0.5808053859375 0.2667543484375 0.5961779328125 0.277568453125 0.59789071875 0.297330125 0.5897710468749999 0.3019964765625 0.61863415625 0.33678759999999996 0.66726804375
9 0.5596405703125 0.38007559375 0.5860322578125 0.37675588437499996 0.622079278125 0.382465171875 0.6512707765625 0.39646332812499996 0.665689584375 0.39874704375 0.6496297390625 0.371829253125 0.6255555984375001 0.3605165421875 0.5895085796874999 0.35480725468749996 0.556261371875 0.366415834375 0.5596405703125 0.38007559375
9 0.47602465625 0.3480827796875 0.4177700390625 0.3426060265625 0.3907989640625 0.349583840625 0.3660483140625 0.377537625 0.4173190328125 0.3687836890625 0.4653389328125 0.368889553125 0.48638775624999997 0.3759732296875 0.49626859218749997 0.37191339375 0.497427365625 0.364597184375 0.47602465625 0.3480827796875
9 0.6401340453125 0.4434477640625 0.615706021875 0.42270432812500003 0.594077809375 0.41927875625000005 0.5668812328125 0.4393454 0.6152550140625 0.448881990625 0.6401340453125 0.4434477640625
9 0.46923165312500004 0.4726275484375 0.44425549999999997 0.5136701625 0.4518187875 0.5242427468749999 0.4749596578125 0.5297828359375 0.5197287375 0.5387484984375 0.5647233218750001 0.5346253265625001 0.5787882468750001 0.527478315625 0.58168518125 0.5091877921875 0.563533290625 0.4838135875 0.5549083515625 0.444948825 0.54431975 0.43014720625 0.5160615203125001 0.421921671875 0.4822349265625 0.4371883546875 0.46923165312500004 0.4726275484375
9 0.44396748124999996 0.41050309843750005 0.42594397187500005 0.4076484546875 0.388512675 0.422344209375 0.4053774109375 0.4325150625 0.4429370875 0.44033886562499996 0.4683955046875 0.43124653593750006 0.44396748124999996 0.41050309843750005
9 0.431283484375 0.6072373046874999 0.43546757343750003 0.604150128125 0.4517529234375 0.6179790859375001 0.46768438906250004 0.62237731875 0.494429959375 0.6284883359375 0.5610527546874999 0.6277907390624999 0.587669946875 0.6113821984375 0.554745365625 0.574293553125 0.49288604375 0.5682458703125 0.46591496875000005 0.575223684375 0.43035021406249996 0.6014646828125 0.431283484375 0.6072373046874999
4 0.5860322578125 0.37675588437499996 0.622079278125 0.382465171875 0.6527834343750001 0.398577846875 0.665689584375 0.39874704375 0.6496297390625 0.371829253125 0.6255555984375001 0.3605165421875 0.5895085796874999 0.35480725468749996 0.556261371875 0.366415834375 0.5596405703125 0.38007559375 0.5860322578125 0.37675588437499996
3 0.594077809375 0.41927875625000005 0.5758287953125001 0.42951294375 0.5683938890625 0.44145991718750005 0.6152550140625 0.448881990625 0.6401340453125 0.4434477640625 0.625940740625 0.42807521875 0.594077809375 0.41927875625000005
1 0.2732905921875 0.42659404843750004 0.278310828125 0.46488788437500006 0.2894788171875 0.476031396875 0.29935965468750003 0.47197156093750003 0.30908085 0.38726421875 0.323822284375 0.3408507125 0.39166971875 0.23910056562499998 0.43083917656250004 0.2134304953125 0.4925701171875 0.1969586203125 0.5754782609375 0.21008997968749998 0.609207734375 0.2304316875 0.6587715484375 0.290780015625 0.6528180406249999 0.246713559375 0.625236321875 0.199221528125 0.592665625 0.1715636109375 0.5583567640625 0.154880009375 0.4898674265625 0.1440323640625 0.44429345624999994 0.1518136390625 0.3625753421875 0.1894940171875 0.3088899546875 0.2484887625 0.28404218281250004 0.3120509375 0.2732905921875 0.42659404843750004
5 0.44023104999999996 0.5974048484375001 0.43035021406249996 0.6014646828125 0.469197046875 0.6244918359375 0.5610527546874999 0.6277907390624999 0.587669946875 0.6113821984375 0.5320867609375 0.6007037484375 0.44023104999999996 0.5974048484375001
10 0.46591496875000005 0.575223684375 0.4470865703125 0.5891159781249999 0.44383575156250005 0.5979757765625 0.5044079171875 0.5888201109375 0.581619315625 0.6029241296875 0.554745365625 0.574293553125 0.49288604375 0.5682458703125 0.46591496875000005 0.575223684375
2 0.5584784468749999 0.597384040625 0.5044079171875 0.5888201109375 0.4510451546875 0.599117634375 0.5810399296875 0.606582234375 0.5584784468749999 0.597384040625
6 0.44425549999999997 0.5136701625 0.4518187875 0.5242427468749999 0.47647231406249996 0.5318973546875 0.5197287375 0.5387484984375 0.5647233218750001 0.5346253265625001 0.5787882468750001 0.527478315625 0.58168518125 0.5091877921875 0.563533290625 0.4838135875 0.5549083515625 0.444948825 0.54431975 0.43014720625 0.5160615203125001 0.421921671875 0.4822349265625 0.4371883546875 0.46923165312500004 0.4726275484375 0.44425549999999997 0.5136701625
8 0.4177700390625 0.3426060265625 0.3907989640625 0.349583840625 0.3675609734375 0.379652140625 0.4173190328125 0.3687836890625 0.4653389328125 0.368889553125 0.48638775624999997 0.3759732296875 0.49626859218749997 0.37191339375 0.497427365625 0.364597184375 0.47602465625 0.3480827796875 0.4177700390625 0.3426060265625
7 0.42594397187500005 0.4076484546875 0.388512675 0.422344209375 0.40689006718750004 0.43462957968750005 0.4429370875 0.44033886562499996 0.4683955046875 0.43124653593750006 0.44396748124999996 0.41050309843750005 0.42594397187500005 0.4076484546875