0 0.46941869062499997 0 0 0.0576373671875 0 0.530581309375 0.0576373671875 1 0.530581309375 1 1 0.9423626328125 1 0.46941869062499997 0.9423626328125 0 0.46941869062499997 0
0 0.7475113921875 0.5661624468750001 0.7516519421875001 0.5320703906250001 0.7465740515625 0.49071429999999994 0.7217311343749999 0.47487381875 0.7035285921875001 0.47920778906250006 0.71075499375 0.436340921875 0.71083323125 0.36916399375000003 0.7032163984375 0.307129859375 0.6776704765625 0.2347032671875 0.6123992828125 0.1608573890625 0.5283786375 0.12079833437500001 0.4771303171875 0.11029900781249999 0.38330520625000003 0.1260172390625 0.3330333453125 0.15737759375 0.30197960468749996 0.1926751953125 0.2824489125 0.237052840625 0.2783083625 0.2711448953125 0.24795762500000001 0.3630286078125 0.248855846875 0.47206521874999996 0.23600464843750002 0.50302885 0.22877824531250002 0.5458957171875001 0.24201987812499998 0.6198330859375 0.2942055375 0.7057805609375001 0.369242078125 0.757437615625 0.43740390937500007 0.7700581843750001 0.4966207546875 0.760688290625 0.5748213859375 0.736393609375 0.629194678125 0.7045296624999999 0.67052155625 0.6511788468749999 0.6769667140625 0.6189027984375 0.69899723125 0.6287916640625 0.711301525 0.6272808875 0.7279806984375 0.610540090625 0.7475113921875 0.5661624468750001
9 0.7279806984375 0.610540090625 0.7475113921875 0.5661624468750001 0.7516519421875001 0.5320703906250001 0.7465740515625 0.49071429999999994 0.7304417859375001 0.47800224375000006 0.6976303421875001 0.48203098125 0.690443059375 0.49130938437499994 0.6794277984375 0.48636495156250004 0.6631785531250001 0.3540254640625 0.614586534375 0.26343879062500003 0.584392275 0.22096864374999997 0.5411124796875 0.19060009687499999 0.47193507031250004 0.1697083109375 0.3576028109375 0.18794450468749999 0.32373667031250003 0.21729048906249998 0.2747147203125 0.2757840984375 0.2453795625 0.3759390265625 0.248855846875 0.47206521874999996 0.23600464843750002 0.50302885 0.22877824531250002 0.5458957171875001 0.24201987812499998 0.6198330859375 0.2942055375 0.7057805609375001 0.369242078125 0.757437615625 0.43740390937500007 0.7700581843750001 0.494823934375 0.7630078921875 0.5748213859375 0.736393609375 0.629194678125 0.7045296624999999 0.67052155625 0.6511788468749999 0.6769667140625 0.6189027984375 0.69899723125 0.6287916640625 0.711301525 0.6272808875 0.7279806984375 0.610540090625
9 0.2679178703125 0.3899635015625 0.2843235921875 0.3879491328125 0.317916278125 0.37332957499999997 0.35893058125 0.3682936515625 0.388656171875 0.37303972343749997 0.39303105625 0.357809703125 0.3558838484375 0.343479996875 0.31486954375 0.3485159203125 0.287175109375 0.3603122859375 0.2679178703125 0.3899635015625
9 0.5501353250000001 0.36580645 0.6077896843749999 0.37761819375 0.5809156109375 0.345235275 0.5506822312499999 0.33635359375 0.48455155625 0.3402754625 0.45966952031249997 0.3580234453125 0.460685096875 0.3662946625 0.4717003578125 0.37123909374999997 0.49580114999999997 0.36408193125 0.5501353250000001 0.36580645
9 0.29502627812500004 0.44120845624999994 0.3229550484375 0.448274128125 0.3780704640625 0.43940782812499996 0.3481105390625 0.4157997203125 0.32350195625 0.4188212734375 0.29502627812500004 0.44120845624999994
9 0.3800625 0.489538728125 0.358500653125 0.5173739359375 0.361039596875 0.5380519796875001 0.376664075 0.5466284296875 0.42740460625 0.5529921484375 0.47841859062500003 0.544629440625 0.5048239953125 0.539288284375 0.5138080984375 0.5276902828125001 0.4872074796875 0.4805809359375 0.4739267296875 0.44023203125 0.4362717328125 0.421766715625 0.403968078125 0.42993106406250003 0.3913903328125 0.44616826875 0.3800625 0.489538728125
9 0.538807490625 0.4091769078125 0.518300340625 0.41169486875 0.48982466249999995 0.4340820515625 0.518261221875 0.445283334375 0.5610723453124999 0.437927809375 0.58056391875 0.42713863124999996 0.538807490625 0.4091769078125
9 0.3476023703125 0.63205693125 0.3770545078125 0.65152943125 0.45240362031250003 0.654871596875 0.48291045468749993 0.6490268484375 0.501112996875 0.644692878125 0.52009678125 0.629768090625 0.524706 0.6334001078125 0.5259950328125 0.6269448984375 0.48681666874999996 0.59607275625 0.4565832890625 0.587191075 0.386351184375 0.5916165359375001 0.3476023703125 0.63205693125
4 0.287175109375 0.3603122859375 0.2679178703125 0.3899635015625 0.2825267703125 0.39026873281249996 0.317916278125 0.37332957499999997 0.35893058125 0.3682936515625 0.388656171875 0.37303972343749997 0.39303105625 0.357809703125 0.3558838484375 0.343479996875 0.31486954375 0.3485159203125 0.287175109375 0.3603122859375
3 0.3683442359375 0.42800818593749995 0.3481105390625 0.4157997203125 0.3117054546875 0.42446765937500003 0.29502627812500004 0.44120845624999994 0.3229550484375 0.448274128125 0.37627364218750003 0.441727428125 0.3683442359375 0.42800818593749995
1 0.4771303171875 0.11029900781249999 0.399203140625 0.11986726249999999 0.359712203125 0.1373100125 0.3217446328125 0.1671595890625 0.2886206171875 0.21950321874999998 0.28010518281249996 0.2688252953125 0.33861902499999996 0.20286929374999998 0.377602171875 0.181290934375 0.47193507031250004 0.1697083109375 0.5411124796875 0.19060009687499999 0.584392275 0.22096864374999997 0.6570459671875 0.33798662031250004 0.671850084375 0.390742353125 0.6794277984375 0.48636495156250004 0.690443059375 0.49130938437499994 0.7035285921875001 0.47920778906250006 0.71075499375 0.436340921875 0.7032163984375 0.307129859375 0.6776704765625 0.2347032671875 0.6193131109375 0.1663054140625 0.5283786375 0.12079833437500001 0.4771303171875 0.11029900781249999
5 0.5259950328125 0.6269448984375 0.5149797734375 0.622000465625 0.4109206484375 0.622183446875 0.3476023703125 0.63205693125 0.3770545078125 0.65152943125 0.4811136328125 0.65134645 0.5259950328125 0.6269448984375
10 0.51087834375 0.6225040578125001 0.50755815625 0.61241683125 0.48681666874999996 0.59607275625 0.4565832890625 0.587191075 0.386351184375 0.5916165359375001 0.354789653125 0.6227785296875 0.4427165125 0.6098834890625 0.51087834375 0.6225040578125001
2 0.35529744218750003 0.6269141375 0.5026754828125 0.6235112421875 0.4427165125 0.6098834890625 0.38119505625 0.6174373734375 0.35529744218750003 0.6269141375
6 0.3913903328125 0.44616826875 0.3800625 0.489538728125 0.358500653125 0.5173739359375 0.361039596875 0.5380519796875001 0.376664075 0.5466284296875 0.42740460625 0.5529921484375 0.4766217703125 0.546949040625 0.5048239953125 0.539288284375 0.5138080984375 0.5276902828125001 0.4872074796875 0.4805809359375 0.4739267296875 0.44023203125 0.4362717328125 0.421766715625 0.403968078125 0.42993106406250003 0.3913903328125 0.44616826875
8 0.49580114999999997 0.36408193125 0.5501353250000001 0.36580645 0.6059928640625001 0.37993779375000003 0.5809156109375 0.345235275 0.5506822312499999 0.33635359375 0.48455155625 0.3402754625 0.45966952031249997 0.3580234453125 0.460685096875 0.3662946625 0.4717003578125 0.37123909374999997 0.49580114999999997 0.36408193125
7 0.58056391875 0.42713863124999996 0.538807490625 0.4091769078125 0.518300340625 0.41169486875 0.48982466249999995 0.4340820515625 0.518261221875 0.445283334375 0.559275525 0.4402474109375 0.58056391875 0.42713863124999996