0 0.0878318078125 0 0 0.451855478125 0 0.9121681921875 0.451855478125 1 0.9121681921875 1 1 0.5481445218750001 1 0.0878318078125 0.929875834375 0.07420105 0.937952959375 0.09964725625000001 0.9483966796875001 0.1892232765625 0.9394525078125 0.23523705 0.90313710625 0.3197033796875 0.8667139609375001 0.3842519546875 0.8195327203125 0.44273000625 0.7966335765625 0.45817567343750004 0.7670263046875 0.508131671875 0.6864033093749999 0.615820375 0.6620134703125 0.6389350046875 0.6199957921875 0.6606128109375 0.5878292468749999 0.6623189921875 0.5281837296874999 0.682559975 0.49985166562499994 0.6850115031249999 0.4584177203125 0.6729781984375001 0.41687603125 0.641027140625 0.3921629640625 0.604388509375 0.36212471874999996 0.57467349375 0.3404469125 0.532655815625 0.33107176875 0.498998575 0.33191600625 0.371823090625 0.2924487453125 0.2984919578125 0.2573008109375 0.3155360640625 0.2457973671875 0.313300021875 0.235730746875 0.2934361390625 0.276096115625 0.249550665625 0.2933468546875 0.18127535156250002 0.31092082187500003 0.1727532984375 0.31773669375 0.15816072187500002 0.339351775 0.0469607671875 0.3562088625 0 0.0878318078125 0
1 0.36006811875 0 0.339351775 0.0469607671875 0.310175475 0.1765877796875 0.3217866609375 0.1987415765625 0.31955061875 0.2102450203125 0.3305242 0.2561510515625 0.3428268625 0.2645114890625 0.354276434375 0.25678865625 0.3999669796875 0.2059795671875 0.4324479 0.1207678890625 0.44767808281250004 0.10383152656250001 0.47212179374999996 0.0906757734375 0.4790992796875 0.1059598265625 0.4824038984375 0.1503751625 0.5127653734375001 0.2398434390625 0.5144715546875 0.272009984375 0.5377477984375 0.32627645312500003 0.566932953125 0.339908196875 0.6258331234375001 0.3235016953125 0.652674490625 0.3287191296875 0.6618341484375 0.3225408625 0.6848410359375 0.3270129484375 0.697835175 0.321580028125 0.729256371875 0.323708328125 0.756097740625 0.3289257625 0.789970465625 0.359386125 0.819793225 0.34926563437499997 0.823681578125 0.3599698578125 0.8139920578125001 0.4098181140625 0.7996149671875 0.44283775 0.8035033203124999 0.4535419734375 0.8195327203125 0.44273000625 0.8667139609375001 0.3842519546875 0.90313710625 0.3197033796875 0.9394525078125 0.23523705 0.9483966796875001 0.1892232765625 0.937952959375 0.09964725625000001 0.929875834375 0.07420105 0.548144525 0 0.36006811875 0
1 0.2457973671875 0.313300021875 0.2657151203125 0.313192278125 0.2909041796875 0.29620204375000003 0.2968669609375 0.2655261953125 0.2822205109375 0.2487514453125 0.2669364578125 0.2557289328125 0.23647609531249997 0.28960165781249997 0.2457973671875 0.313300021875
9 0.492182703125 0.6835208078125 0.5281837296874999 0.682559975 0.5878292468749999 0.6623189921875 0.6199957921875 0.6606128109375 0.6551437265625 0.6435687046874999 0.6764983046874999 0.6258331234375001 0.7069586671875 0.591960396875 0.8012134062499999 0.455086540625 0.7996149671875 0.44283775 0.8139920578125001 0.4098181140625 0.823681578125 0.3599698578125 0.8159587437500001 0.3485202859375 0.789970465625 0.359386125 0.756097740625 0.3289257625 0.729256371875 0.323708328125 0.697835175 0.321580028125 0.6848410359375 0.3270129484375 0.6618341484375 0.3225408625 0.652674490625 0.3287191296875 0.6258331234375001 0.3235016953125 0.566932953125 0.339908196875 0.5446714140625 0.3316016296875 0.5191591265625 0.2888386046875 0.5127653734375001 0.2398434390625 0.4824038984375 0.1503751625 0.4790992796875 0.1059598265625 0.46828731250000005 0.0899304265625 0.4324479 0.1207678890625 0.3999669796875 0.2059795671875 0.354276434375 0.25678865625 0.3428268625 0.2645114890625 0.3305242 0.2561510515625 0.319442875 0.190327265625 0.3047964265625 0.1735525171875 0.2933468546875 0.18127535156250002 0.2768414640625 0.24571618437499998 0.2968669609375 0.2655261953125 0.2909041796875 0.29620204375000003 0.33191600625 0.371823090625 0.3278748921875 0.47450099218749997 0.35131275156249997 0.5586440921875 0.41687603125 0.641027140625 0.4584177203125 0.6729781984375001 0.492182703125 0.6835208078125
9 0.4152598875 0.3422608359375 0.50361456875 0.38928046250000004 0.5212424078125 0.3907172859375 0.5288574984375 0.3822491046875 0.5180455312500001 0.36621970312499996 0.48033832343749994 0.3350139921875 0.4243118015625 0.316164815625 0.3929444765625 0.3239953921875 0.4152598875 0.3422608359375
9 0.614069175 0.414730025 0.6156676140624999 0.42697881562499995 0.703806809375 0.4341629359375 0.7375717921875 0.44470554531250006 0.7597794609374999 0.4430532359375 0.7197823390625 0.41339209062500004 0.6737685640625 0.40444791875 0.6209389187500001 0.41009632500000004 0.614069175 0.414730025
9 0.42383581093749995 0.36979368125 0.4531287078125 0.403343178125 0.48534912500000005 0.4115958734375 0.504467659375 0.405363734375 0.4867320765625 0.3840091578125 0.46521588593749996 0.371868109375 0.43454003593749996 0.365905328125 0.42383581093749995 0.36979368125
9 0.6165207046875001 0.4430620890625 0.6372915484375 0.45903761875000004 0.6771809265625001 0.46878100937499995 0.708548253125 0.46095043125 0.6823983609375001 0.44193964062499996 0.6440535484375001 0.4344861640625 0.6165207046875001 0.4430620890625
9 0.4737467921875 0.5327008328125 0.51597995625 0.550858534375 0.571207259375 0.5635833156250001 0.5879820078125 0.5489368671875 0.5909633984375 0.5335989421875 0.5855304796875 0.520604803125 0.5966029500000001 0.44316983125 0.57119840625 0.420324559375 0.54052255625 0.41436177812499997 0.521404021875 0.42059391718750005 0.48881535937500004 0.4858878390625 0.463680171875 0.5128369515625 0.4737467921875 0.5327008328125
9 0.44893483281249996 0.6194032046875 0.47891920624999995 0.63915934375 0.5226430671875 0.6496480828125 0.5433061671875 0.6457058578125 0.5684952265625001 0.6287156234375 0.521574490625 0.593729303125 0.4978222546875 0.5930916984375 0.48780950624999997 0.58318669375 0.4571336578125 0.5772239124999999 0.4303461609375 0.5819653546875 0.44893483281249996 0.6194032046875
4 0.6172121796875001 0.42926873125 0.7597794609374999 0.4430532359375 0.7197823390625 0.41339209062500004 0.6737685640625 0.40444791875 0.6209389187500001 0.41009632500000004 0.614069175 0.414730025 0.6172121796875001 0.42926873125
3 0.638836115625 0.4613275328125 0.6771809265625001 0.46878100937499995 0.708548253125 0.46095043125 0.6823983609375001 0.44193964062499996 0.6440535484375001 0.4344861640625 0.6165207046875001 0.4430620890625 0.638836115625 0.4613275328125
6 0.5175245234375 0.5531484484375 0.571207259375 0.5635833156250001 0.5879820078125 0.5489368671875 0.5909633984375 0.5335989421875 0.5855304796875 0.520604803125 0.5966029500000001 0.44316983125 0.57119840625 0.420324559375 0.54052255625 0.41436177812499997 0.521404021875 0.42059391718750005 0.48881535937500004 0.4858878390625 0.463680171875 0.5128369515625 0.4737467921875 0.5327008328125 0.5175245234375 0.5531484484375
5 0.4804637734375 0.6414492578125001 0.5348918578124999 0.6480496437500001 0.5684952265625001 0.6287156234375 0.50868809375 0.6190799765625 0.4303461609375 0.5819653546875 0.44893483281249996 0.6194032046875 0.4804637734375 0.6414492578125001
10 0.5209368859375 0.6174815375 0.5615716109375 0.623390446875 0.521574490625 0.593729303125 0.4978222546875 0.5930916984375 0.48780950624999997 0.58318669375 0.4571336578125 0.5772239124999999 0.4387604703125 0.57962156875 0.45031778593749994 0.5918164890625001 0.5209368859375 0.6174815375
2 0.50868809375 0.6190799765625 0.5454883390624999 0.6242435375000001 0.5178477515625 0.612901709375 0.48104750625000003 0.6077381468749999 0.50868809375 0.6190799765625
8 0.5051591359375001 0.3915703765625 0.5212424078125 0.3907172859375 0.5288574984375 0.3822491046875 0.5180455312500001 0.36621970312499996 0.48033832343749994 0.3350139921875 0.4243118015625 0.316164815625 0.3929444765625 0.3239953921875 0.4152598875 0.3422608359375 0.484388290625 0.375594846875 0.5051591359375001 0.3915703765625
7 0.45467327500000004 0.40563309218750004 0.48534912500000005 0.4115958734375 0.504467659375 0.405363734375 0.4867320765625 0.3840091578125 0.46521588593749996 0.371868109375 0.43454003593749996 0.365905328125 0.42383581093749995 0.36979368125 0.45467327500000004 0.40563309218750004