0 0.43860771875 0 0 0.10935718593749999 0 0.5613922812500001 0.10935718593749999 1 0.5613922812500001 1 1 0.8906428140625 1 0.43860771875 0.8906428140625 0 0.43860771875 0
0 0.5945022468750001 0.9626548578125 0.607670521875 0.9676830375 0.62384613125 0.9608795390625 0.646504371875 0.962156371875 0.6644073078125 0.956307434375 0.6695686390625 0.9411682375 0.69716455 0.92043546875 0.696290565625 0.9109567453125 0.6729819984375001 0.9070715890625 0.640833790625 0.9095461046875 0.6157978953125001 0.9047063874999999 0.5898880171875 0.8903879453125001 0.55769851875 0.8568566875 0.5475375796875 0.8399968281250001 0.540383975 0.8113052859375 0.5287193671875 0.8003612656250001 0.5556855984375 0.7950230625 0.6100240859375 0.7620816890625 0.6485929875 0.7136788484375 0.6899455671875 0.6465739234375001 0.702422221875 0.612988009375 0.7131509078125 0.5604446453125 0.7150605999999999 0.5322638390625001 0.7091663593749999 0.4727831703125 0.7421472625 0.44378160624999996 0.7570015703124999 0.41375857812500005 0.771143615625 0.3271185671875 0.7652906671874999 0.3036436703125 0.7523254046875001 0.28748300625 0.7218838765625 0.27290919687500004 0.714933284375 0.23308517499999998 0.7004230625 0.18683457812499998 0.6896117953124999 0.1673663953125 0.65677196875 0.131226815625 0.63063843125 0.1100379703125 0.59090995 0.0880830265625 0.5311245375 0.0752845359375 0.43207860625 0.07227479375 0.380950465625 0.082252003125 0.3050307359375 0.112262784375 0.2634132078125 0.136491534375 0.2463842578125 0.15181919531250002 0.2145009984375 0.197169884375 0.1813377296875 0.25530681718750003 0.16865806249999998 0.300025215625 0.165733309375 0.38386844062500003 0.169879578125 0.42439166093749997 0.18264182812500002 0.451684809375 0.22454495156249998 0.48833512187499994 0.24706211718749999 0.5547530968750001 0.27319565468749996 0.5759419421875001 0.2948181890625 0.61487830625 0.37130910781250004 0.7066256484375 0.37135039999999997 0.7426314203125 0.3778536765625 0.7687146390625 0.40057385468750006 0.82400013125 0.42089573125 0.8577198515625 0.452434903125 0.8886427890625 0.47834478281250004 0.9029612296874999 0.5089893234375 0.9064025546875 0.5945022468750001 0.9626548578125
0 0.41935077343750005 0.8276299203124999 0.44182664687499995 0.8580421218750001 0.46082722656249997 0.8685423125 0.4593029125 0.856455265625 0.43552638281249995 0.8208264203125 0.42902310625 0.7947432015625 0.42319080312499996 0.789271190625 0.4150014921875 0.7982391828125001 0.41935077343750005 0.8276299203124999
9 0.485109565625 0.780759278125 0.5207330671875 0.798196775 0.5360553375 0.7999174375 0.5556855984375 0.7950230625 0.5845821671875 0.7795069390625 0.6171363999999999 0.75476745625 0.67982591875 0.665719834375 0.69726089375 0.6281272078125 0.7148575875 0.5433963234375 0.7091663593749999 0.4727831703125 0.725768640625 0.461717590625 0.7496862453124999 0.43220529374999994 0.7630162406250001 0.3900952171875 0.770290275 0.33564272968750003 0.7652906671874999 0.3036436703125 0.7523254046875001 0.28748300625 0.733324825 0.2769828171875 0.715848559375 0.2785696703125 0.7031276015625 0.287282296875 0.6680339953125001 0.35559715000000003 0.6626696515625 0.38186883125 0.655984009375 0.3849209828125 0.6220671859375 0.3504351609375 0.5173506703124999 0.294815153125 0.47979682968750004 0.2875555765625 0.45325726718750003 0.28863169843750003 0.41960539218750004 0.29702205312499996 0.4014788 0.29600058749999997 0.37343557031249996 0.30299255 0.3514483046875 0.322326925 0.3240554015625 0.331927209375 0.25975898750000004 0.3368762390625 0.2442337046875 0.3462880609375 0.22937939687500003 0.3763110890625 0.21844769843749998 0.4399869359375 0.234908903125 0.4940624984375 0.24265089843749998 0.47135370156249995 0.26528849375 0.45462764843750003 0.291177728125 0.450943203125 0.32074526875 0.4560382890625 0.322045925 0.46125493281249996 0.31601060937500003 0.4669154046875 0.26488246875 0.476892615625 0.23966420937500002 0.50118826875 0.2625873984375 0.545341275 0.26844034843750003 0.568816171875 0.2948181890625 0.61487830625 0.37195943593749997 0.7092339703125 0.485109565625 0.780759278125
9 0.46022850625 0.346458609375 0.4686414734375 0.344361021875 0.4539695328125 0.3452486796875 0.46022850625 0.346458609375
9 0.5118039609375 0.3502222046875 0.48223641875 0.34512712031250004 0.4727464515625 0.34887846875 0.5040413203125 0.3549281140625 0.5113772921875 0.354484284375 0.5118039609375 0.3502222046875
9 0.388881715625 0.41273053125 0.38134273125 0.42430684375 0.3832937140625 0.43213180937500006 0.392357009375 0.43264254218750003 0.396888659375 0.43289790781250004 0.42102992187500005 0.410256015625 0.46890642343750005 0.3872371953125 0.5407418203125001 0.370711853125 0.5251958937500001 0.3621207875 0.48894270781250004 0.3600778546875 0.4384648953125 0.37266338593750004 0.41517697187499997 0.38678111875 0.388881715625 0.41273053125
9 0.452975115625 0.41891398437499994 0.43336550156250003 0.44181124374999997 0.42735083124999995 0.4654746046875 0.43426013281250003 0.4692928546875 0.48020629687499994 0.45645195625 0.5049978875 0.43641838593750004 0.5125368703125 0.424842071875 0.4823190015625 0.417138665625 0.452975115625 0.41891398437499994
9 0.30028231562499996 0.4874597109375 0.2882116828125 0.49878065625 0.2770150375 0.519580328125 0.30485525468749997 0.5237208484375 0.32340851718749997 0.520480234375 0.352081428125 0.49809370625 0.3233672265625 0.4844744625 0.30028231562499996 0.4874597109375
9 0.3711439421875 0.5626025578125 0.3742338609375 0.6227824234375 0.386975465625 0.632072684375 0.42926396718750004 0.62845514375 0.4549295421875 0.617900296875 0.4853297796875 0.5964683328125 0.488560771875 0.5915070546875 0.4840084796875 0.573248803125 0.4751481953125 0.5616055859375 0.4537699625 0.547542509375 0.41528020000000004 0.47679555 0.38851698125 0.4710012703125 0.3744953671875 0.4744972515625 0.3656557265625 0.48085692187499995 0.3583404015625 0.4993036375 0.3711439421875 0.5626025578125
9 0.430423546875 0.6988129296875 0.44101115625 0.7114107109375001 0.46972535937500004 0.7250299546875 0.48827862031249997 0.721789340625 0.5012232375 0.7199471203125001 0.5294694796875 0.7018226734375 0.553387084375 0.6723103765625 0.564360071875 0.644640303125 0.5445061546875001 0.6426642734375 0.47655207656250004 0.6568366625000001 0.4644814453125 0.6681576078125 0.44420085781249996 0.670443659375 0.41812925625 0.7032634734375 0.430423546875 0.6988129296875
1 0.22454495156249998 0.48833512187499994 0.24706211718749999 0.5547530968750001 0.271468328125 0.5749873796875 0.2625873984375 0.545341275 0.230153596875 0.48693672968749996 0.21844769843749998 0.4399869359375 0.2233647265625 0.39997444843749996 0.23303705937500002 0.36708773125 0.2442337046875 0.3462880609375 0.25975898750000004 0.3368762390625 0.3296640484375 0.3305288171875 0.3514483046875 0.322326925 0.37343557031249996 0.30299255 0.4014788 0.29600058749999997 0.41960539218750004 0.29702205312499996 0.45325726718750003 0.28863169843750003 0.4951191 0.2892762390625 0.5477921968749999 0.3093889609375 0.6220671859375 0.3504351609375 0.6542566828124999 0.3839664203125 0.6615926546875001 0.383522590625 0.6680339953125001 0.35559715000000003 0.693434621875 0.302166128125 0.7031276015625 0.287282296875 0.7253385265625 0.2748183234375 0.7004230625 0.18683457812499998 0.6896117953124999 0.1673663953125 0.65677196875 0.131226815625 0.63063843125 0.1100379703125 0.59090995 0.0880830265625 0.55270578125 0.078215128125 0.4586181671875 0.0711986703125 0.40618937187500004 0.0759592375 0.3317733078125 0.1000541796875 0.28389680781250004 0.1230729984375 0.2534965703125 0.1445049625 0.23280995781249997 0.1690559828125 0.1776800671875 0.2645301765625 0.1669513828125 0.3170735390625 0.166180625 0.397609246875 0.169879578125 0.42439166093749997 0.18264182812500002 0.451684809375 0.22454495156249998 0.48833512187499994
1 0.4686414734375 0.344361021875 0.4539695328125 0.3452486796875 0.46195583124999995 0.347413171875 0.4686414734375 0.344361021875
1 0.48223641875 0.34512712031250004 0.4727464515625 0.34887846875 0.5057686453125 0.3558826765625 0.5113772921875 0.354484284375 0.5118039609375 0.3502222046875 0.48223641875 0.34512712031250004
1 0.607670521875 0.9676830375 0.62384613125 0.9608795390625 0.6482316984375001 0.963110934375 0.6644073078125 0.956307434375 0.6695686390625 0.9411682375 0.69716455 0.92043546875 0.696290565625 0.9109567453125 0.6729819984375001 0.9070715890625 0.640833790625 0.9095461046875 0.6157978953125001 0.9047063874999999 0.5898880171875 0.8903879453125001 0.5529432125 0.8497309187500001 0.540383975 0.8113052859375 0.5321740171875 0.8022703921875 0.485109565625 0.780759278125 0.3736867609375 0.7101885328125 0.369602428125 0.7236739703125 0.37135039999999997 0.7426314203125 0.3938675640625 0.809049396875 0.42089573125 0.8577198515625 0.4448752734375 0.8822162140625001 0.47834478281250004 0.9029612296874999 0.5089893234375 0.9064025546875 0.5945022468750001 0.9626548578125 0.607670521875 0.9676830375
1 0.4141481515625 0.8067633453124999 0.41935077343750005 0.8276299203124999 0.44182664687499995 0.8580421218750001 0.4590999 0.86758775 0.4593029125 0.856455265625 0.43552638281249995 0.8208264203125 0.42902310625 0.7947432015625 0.42319080312499996 0.789271190625 0.4150014921875 0.7982391828125001 0.4141481515625 0.8067633453124999
4 0.38134273125 0.42430684375 0.3832937140625 0.43213180937500006 0.39408433593750003 0.43359710468749996 0.4132672796875 0.41496192656249997 0.46890642343750005 0.3872371953125 0.5407418203125001 0.370711853125 0.5251958937500001 0.3621207875 0.48894270781250004 0.3600778546875 0.4384648953125 0.37266338593750004 0.42013529062500005 0.3827744046875 0.388881715625 0.41273053125 0.38134273125 0.42430684375
3 0.43336550156250003 0.44181124374999997 0.42735083124999995 0.4654746046875 0.4359874578125 0.4702474171875 0.48020629687499994 0.45645195625 0.5049978875 0.43641838593750004 0.5125368703125 0.424842071875 0.4823190015625 0.417138665625 0.452975115625 0.41891398437499994 0.43336550156250003 0.44181124374999997
5 0.456557084375 0.720001775 0.46972535937500004 0.7250299546875 0.4900059453125 0.7227439046875 0.5012232375 0.7199471203125001 0.5365817921875 0.6945084406250001 0.553387084375 0.6723103765625 0.564360071875 0.644640303125 0.53438650625 0.6618101859375 0.51735755625 0.677137846875 0.48285234062500004 0.6940523625 0.45200479062500004 0.701743521875 0.4360321921875 0.6974145375 0.43215087187499995 0.6997674921875 0.44101115625 0.7114107109375001 0.456557084375 0.720001775
10 0.4644814453125 0.6681576078125 0.44420085781249996 0.670443659375 0.4198565828125 0.7042180359375 0.42977321875 0.6962046078124999 0.4944756578125 0.6689906125 0.5527161109375001 0.65169916875 0.5581010984375 0.6434303734375 0.5102039515625 0.64844630625 0.47655207656250004 0.6568366625000001 0.4644814453125 0.6681576078125
2 0.4944756578125 0.6689906125 0.43150054375 0.6971591703125 0.45200479062500004 0.701743521875 0.49902795156249996 0.6872488640625 0.5460304671875 0.6547513203124999 0.4944756578125 0.6689906125
6 0.3742338609375 0.6227824234375 0.386975465625 0.632072684375 0.4309912921875 0.6294097062499999 0.4853297796875 0.5964683328125 0.488560771875 0.5915070546875 0.4840084796875 0.573248803125 0.4751481953125 0.5616055859375 0.4537699625 0.547542509375 0.41528020000000004 0.47679555 0.397580278125 0.47151200312499997 0.3744953671875 0.4744972515625 0.366732725 0.4792031625 0.3583404015625 0.4993036375 0.3711439421875 0.5626025578125 0.3742338609375 0.6227824234375
7 0.2882116828125 0.49878065625 0.2770150375 0.519580328125 0.3065825796875 0.5246754109375 0.32340851718749997 0.520480234375 0.352081428125 0.49809370625 0.3233672265625 0.4844744625 0.30028231562499996 0.4874597109375 0.2882116828125 0.49878065625
8 0.23941990624999998 0.47631497968750003 0.2370628984375 0.49075497968750004 0.24074120781250002 0.49953450781250003 0.26488246875 0.476892615625 0.31601060937500003 0.4669154046875 0.322045925 0.46125493281249996 0.32074526875 0.4560382890625 0.291177728125 0.450943203125 0.26528849375 0.45462764843750003 0.23941990624999998 0.47631497968750003