0 0.4650365953125 0 0 0.06535663124999999 0 0.5349634046875 0.06535663124999999 1 0.5349634046875 1 1 0.93464336875 1 0.4650365953125 0.93464336875 0 0.4650365953125 0
0 0.7166817765625 0.7719556187500001 0.7170319187499999 0.7125047875 0.7133107125 0.6860270328125 0.69993635 0.6528057171875 0.7362722890625 0.5396960859375 0.74170075 0.495731984375 0.75789873125 0.4664547703125 0.7539147921875 0.396812759375 0.77889031875 0.34740142500000004 0.7804881875 0.3174760484375 0.7692151828125 0.2785592609375 0.73528678125 0.20232537343749998 0.7069401890625 0.165808121875 0.6547124531249999 0.124546925 0.6084276546875 0.094600834375 0.5870199875 0.086809190625 0.53962981875 0.079969075 0.45846459531250006 0.0805758078125 0.4076159515625 0.0904221921875 0.317432428125 0.13009739843749998 0.267087275 0.16417368593749998 0.238642284375 0.1992222171875 0.22244430468749998 0.22849943125 0.2056334515625 0.274063221875 0.2029192203125 0.296045271875 0.20677179375 0.34410515468749997 0.21519919999999998 0.383421865625 0.1925657828125 0.408203375 0.186633834375 0.427937571875 0.1899829203125 0.451767553125 0.2352937109375 0.526401746875 0.26017084218750003 0.5485561953125 0.3013773171875 0.56301555625 0.318100765625 0.62006685 0.3303587640625 0.6453448390625 0.35982171875 0.6898054171875 0.38383422968750003 0.7161314890625 0.4469518609375 0.762612396875 0.5005367140625 0.79288256875 0.5628991125 0.803018621875 0.589746234375 0.7978954671875 0.5830700421875 0.8123341140625 0.58716336875 0.8414596453125001 0.5840770171874999 0.8607939203124999 0.56689404375 0.9037099359375 0.5483429625 0.9265676718750001 0.5270666609375 0.94035815625 0.49650932656249996 0.9500528562499999 0.4764697640625 0.9623194921874999 0.47919498593750004 0.9713867453124999 0.512357165625 0.9802264718749999 0.5227545625000001 0.9922655828125 0.541437009375 0.9909899734375 0.561848690625 0.9813711140624999 0.5792944 0.981619353125 0.5895604296875 0.9720763359375001 0.647435403125 0.888340475 0.6744028984375 0.8737501453125001 0.6929539796874999 0.850892409375 0.7105090734374999 0.8106241671875001 0.7166817765625 0.7719556187500001
0 0.6746326625 0.823766490625 0.6777300046875 0.83548151875 0.6913341296875 0.8187191781250001 0.7007245515625 0.7822984828124999 0.6937856265625 0.7535728734375 0.6828957328125 0.7483531640625001 0.6795576375 0.7555724859375 0.6832788437499999 0.7820502421875 0.6746326625 0.823766490625
9 0.7447651234375 0.41429910468750003 0.7124675609375 0.4012877515625 0.6616189203125 0.41113413593750003 0.65394674375 0.408162278125 0.6532025015625 0.40286672812499996 0.6785611406250001 0.3871524734375 0.7037994000000001 0.38090539218749997 0.7308982640624999 0.387897190625 0.746494359375 0.40595585468750006 0.7415254250000001 0.34995264531250003 0.7077283890625 0.29530088593750004 0.6828512609375 0.27314643906249997 0.66503343125 0.2702504234375 0.6039187609375001 0.2896398265625 0.5750906609374999 0.2909912765625 0.5476196765625 0.281351703125 0.5191636984375 0.2853509296875 0.5028343515625 0.2930460171875 0.468687178125 0.297845090625 0.4438210359375 0.30673994531250004 0.41190658593749996 0.327425671875 0.3360934078125 0.41773269375 0.31767369375 0.4621725578125 0.3103736390625 0.46184847656250005 0.29564216249999997 0.4396181890625 0.23784360625 0.3896896609375 0.22287137656249997 0.3863937234375 0.20616990937500002 0.391441034375 0.1925657828125 0.408203375 0.186633834375 0.427937571875 0.193944878125 0.45931095781250003 0.22093435625 0.506819234375 0.2489088265625 0.5406887109375 0.2819506296875 0.5589956140625 0.3013773171875 0.56301555625 0.3224348453125 0.6302580296875 0.3702191140625 0.7018445265625 0.4002949421875 0.7300185296875 0.49125567812500004 0.7887867859375 0.530481175 0.79947444375 0.5628991125 0.803018621875 0.5828182984375 0.8002191625 0.596302046875 0.792923996875 0.6226456796875001 0.763570940625 0.7003084703125 0.65545349375 0.7362722890625 0.5396960859375 0.7434299875 0.4873887375 0.7400809015625 0.46355875625 0.7447651234375 0.41429910468750003
9 0.4752649703125 0.3549722265625 0.483801765625 0.353772459375 0.48912084062499994 0.3503248375 0.4752649703125 0.3549722265625
9 0.4376593234375 0.3764577984375 0.439640303125 0.3802295015625 0.4465682375 0.37790580625 0.47316361406249996 0.3606677015625 0.46301796093750003 0.3607435421875 0.4376593234375 0.3764577984375
9 0.4186157453125 0.4061349359375 0.49099243281250005 0.39461301875 0.5437016765625 0.3980055125 0.5743903796875001 0.4098929390625 0.578472715625 0.40796916875000006 0.5866373890625 0.40412162343749997 0.585521028125 0.396178296875 0.5742590125 0.3883108125 0.540352590625 0.37417553125 0.5136258484375 0.3698315109375 0.4624050875 0.37703011875 0.42974639375 0.39242029375 0.4186157453125 0.4061349359375
9 0.5534971890625 0.457380503125 0.55844414375 0.45128510625 0.5440847875 0.43170259062499994 0.517478421875 0.41789139375 0.489766684375 0.42718617031250006 0.46478016718750004 0.445548203125 0.47604218125 0.4534156875 0.5063587640625 0.4626553390625 0.5534971890625 0.457380503125
9 0.7171847515625001 0.445176009375 0.6991151796875 0.43016504375000003 0.683770828125 0.42422133124999994 0.661378165625 0.4300684875 0.6399814875 0.4533261484375 0.674752528125 0.4632898015625 0.6930628515625 0.4593664171875 0.7171847515625001 0.445176009375
9 0.5737884953125 0.45722881875 0.56466080625 0.53681376875 0.5501920640625 0.5577477359375 0.546361471875 0.5717864578125 0.548966315625 0.5903208875 0.5537928921875 0.5936926671875 0.5898006703124999 0.602132471875 0.61739203125 0.6023048703125 0.6577229 0.5898865515625 0.66600795 0.57657183125 0.6464389046875 0.519920459375 0.6346624125 0.4567737671875 0.621047296875 0.44248680625 0.610529525 0.439914871875 0.5963015359375 0.4419144859375 0.5737884953125 0.45722881875
9 0.5164499796875 0.65834249375 0.49888389375 0.6675614296875 0.5193065671875 0.6889918734375 0.5523483703125 0.707298778125 0.5851384296875 0.7134907312500001 0.597757559375 0.710367190625 0.6160678859375001 0.7064438046875 0.6374645640625001 0.6831861453125 0.6425318953125 0.667623571875 0.6555231453125 0.6671478078125 0.619263625 0.6465930515625 0.599716559375 0.6520402859375001 0.5843722078125 0.646096571875 0.5164499796875 0.65834249375
1 0.713747746875 0.172951603125 0.6273618453124999 0.105440175 0.5991466203125 0.09050505156250001 0.5631388421875 0.08206524531250001 0.510429596875 0.0786727515625 0.4328542140625 0.08417511250000001 0.3827498125 0.0993170484375 0.2986296046875 0.140840184375 0.267087275 0.16417368593749998 0.238642284375 0.1992222171875 0.22244430468749998 0.22849943125 0.2056334515625 0.274063221875 0.2029192203125 0.296045271875 0.21272572343750001 0.3864695640625 0.23784360625 0.3896896609375 0.25232333906250004 0.3998049984375 0.29564216249999997 0.4396181890625 0.31198249843750003 0.46297240312500004 0.3189104328125 0.460648709375 0.3360934078125 0.41773269375 0.38927317031249997 0.35220718125 0.4303372890625 0.31403511093750003 0.468687178125 0.297845090625 0.5028343515625 0.2930460171875 0.5191636984375 0.2853509296875 0.5476196765625 0.281351703125 0.5750906609374999 0.2909912765625 0.5982275640625 0.290439671875 0.66503343125 0.2702504234375 0.6828512609375 0.27314643906249997 0.7009208328125001 0.28815740624999997 0.722087746875 0.3148834 0.7415254250000001 0.34995264531250003 0.7482235953124999 0.39761260468750004 0.7400809015625 0.46355875625 0.7429374906249999 0.4942081359375 0.75789873125 0.4664547703125 0.7539147921875 0.396812759375 0.77889031875 0.34740142500000004 0.7804881875 0.3174760484375 0.7739213828125 0.291398215625 0.7432107015625 0.21741218281250002 0.713747746875 0.172951603125
1 0.48912084062499994 0.3503248375 0.4752649703125 0.3549722265625 0.482565025 0.3552963078125 0.48912084062499994 0.3503248375
1 0.46301796093750003 0.3607435421875 0.4376593234375 0.3764577984375 0.439640303125 0.3802295015625 0.4453315 0.37942965625 0.47316361406249996 0.3606677015625 0.46301796093750003 0.3607435421875
1 0.7105090734374999 0.8106241671875001 0.7172946515625 0.7556690421875001 0.7133107125 0.6860270328125 0.70786026875 0.6678925265625 0.6990717328125 0.6569773421875 0.6226456796875001 0.763570940625 0.58727275625 0.8009431656249999 0.5830700421875 0.8123341140625 0.5858062546875 0.8524506703125001 0.56689404375 0.9037099359375 0.5483429625 0.9265676718750001 0.5270666609375 0.94035815625 0.49650932656249996 0.9500528562499999 0.4764697640625 0.9623194921874999 0.47919498593750004 0.9713867453124999 0.512357165625 0.9802264718749999 0.5227545625000001 0.9922655828125 0.5402002687499999 0.992513821875 0.561848690625 0.9813711140624999 0.5792944 0.981619353125 0.5895604296875 0.9720763359375001 0.647435403125 0.888340475 0.6744028984375 0.8737501453125001 0.6975288140625 0.8421492359375 0.7105090734374999 0.8106241671875001
1 0.6746326625 0.823766490625 0.67896674375 0.8339576703124999 0.6913341296875 0.8187191781250001 0.7007245515625 0.7822984828124999 0.6977475875 0.7611162765625 0.6937856265625 0.7535728734375 0.6828957328125 0.7483531640625001 0.6795576375 0.7555724859375 0.6832788437499999 0.7820502421875 0.6746326625 0.823766490625
4 0.42974639375 0.39242029375 0.4186157453125 0.4061349359375 0.49099243281250005 0.39461301875 0.5526105921875 0.3994535203125 0.5772359765624999 0.40949301718750003 0.5866373890625 0.40412162343749997 0.585521028125 0.396178296875 0.5742590125 0.3883108125 0.534289275 0.3723276015625 0.5136258484375 0.3698315109375 0.4624050875 0.37703011875 0.42974639375 0.39242029375
3 0.5063587640625 0.4626553390625 0.55226045 0.4589043515625 0.55844414375 0.45128510625 0.5440847875 0.43170259062499994 0.517478421875 0.41789139375 0.489766684375 0.42718617031250006 0.46478016718750004 0.445548203125 0.47604218125 0.4534156875 0.5063587640625 0.4626553390625
5 0.5924274953124999 0.6827655078125 0.5543183609375 0.680021175 0.5329106921875 0.67222953125 0.49888389375 0.6675614296875 0.5193065671875 0.6889918734375 0.543067334375 0.7032029953125 0.5851384296875 0.7134907312500001 0.596520821875 0.7118910390625001 0.6160678859375001 0.7064438046875 0.626333915625 0.6969007875 0.6374645640625001 0.6831861453125 0.64129515625 0.6691474203125 0.6368406984375 0.6684234171875 0.6237290718749999 0.6783663578125 0.5924274953124999 0.6827655078125
10 0.5723769421875 0.663982840625 0.642159775 0.6649757968750001 0.6542864078124999 0.66867165625 0.619263625 0.6465930515625 0.599716559375 0.6520402859375001 0.5843722078125 0.646096571875 0.550225034375 0.6508956453125 0.5042029703125 0.6641138093750001 0.512247265625 0.6697334406250001 0.5723769421875 0.663982840625
2 0.5723769421875 0.663982840625 0.5195473203125001 0.670057521875 0.5749817875 0.6825172687500001 0.6237290718749999 0.6783663578125 0.6409230359375 0.6664996453125 0.5723769421875 0.663982840625
6 0.5881368609375001 0.44576202968749995 0.5737884953125 0.45722881875 0.56466080625 0.53681376875 0.5501920640625 0.5577477359375 0.546361471875 0.5717864578125 0.548966315625 0.5903208875 0.5537928921875 0.5936926671875 0.6161552921875 0.60382871875 0.6577229 0.5898865515625 0.66600795 0.57657183125 0.6464389046875 0.519920459375 0.6346624125 0.4567737671875 0.6194384375 0.4413628796875 0.610529525 0.439914871875 0.5881368609375001 0.44576202968749995
7 0.6918261140624999 0.46089026562499996 0.7171847515625001 0.445176009375 0.6991151796875 0.43016504375000003 0.683770828125 0.42422133124999994 0.661378165625 0.4300684875 0.6399814875 0.4533261484375 0.674752528125 0.4632898015625 0.6918261140624999 0.46089026562499996
8 0.6616189203125 0.41113413593750003 0.7124675609375 0.4012877515625 0.7431562625 0.41317517812500004 0.743276640625 0.40370800156250003 0.7357248421875 0.39126896875 0.7037994000000001 0.38090539218749997 0.6785611406250001 0.3871524734375 0.6532025015625 0.40286672812499996 0.65394674375 0.408162278125 0.6616189203125 0.41113413593750003