0 0.1022820421875 0 0 0.44303219687500006 0 0.8977179578125 0.44303219687500006 1 0.8977179578125 1 1 0.5569678031249999 1 0.1022820421875 0.5569678031249999 0 0.1022820421875 0
0 0.643129015625 0.36711452968749997 0.6518845953125 0.32918994687500003 0.6456036 0.287793896875 0.6180912921874999 0.249178128125 0.6020679203125 0.23626054062500002 0.5793564124999999 0.22487164218750003 0.5222174265625 0.21168006875 0.45771680000000003 0.202934459375 0.4175879828125 0.2121065921875 0.382487 0.21322119218750002 0.364443109375 0.20905543125 0.3243142921875 0.2182275640625 0.307077090625 0.23114826093750002 0.2812644171875 0.2743532046875 0.2648339046875 0.30436035625 0.2510504921875 0.35034247343749997 0.264599278125 0.44258069375 0.28290953281250003 0.48675391718750005 0.2888772375 0.515786571875 0.3063808046875 0.5428733390625 0.31706305156250003 0.551485065625 0.3367672453125 0.5621796703124999 0.35548464062499996 0.563428153125 0.3918387859375 0.6117671375 0.433894271875 0.6491313125 0.470295340625 0.6698262296874999 0.51356465625 0.681352121875 0.552839859375 0.6827375984375 0.5949891953125 0.6648136390625 0.62093505 0.641612428125 0.6336847421875 0.6138282578124999 0.6516030421875 0.4950543515625 0.626698503125 0.39712168124999997 0.6307395390625 0.379618028125 0.643129015625 0.36711452968749997
1 0.440291896875 0.326431425 0.46655104375 0.315593609375 0.5023255328125 0.311561734375 0.5738275875000001 0.33114205 0.5942052875 0.33891937968749997 0.6102286578125 0.3518369671875 0.6287190218750001 0.38836985468749996 0.6307395390625 0.379618028125 0.643129015625 0.36711452968749997 0.6518845953125 0.32918994687500003 0.650584509375 0.30738043125000003 0.6456036 0.287793896875 0.6351014609375001 0.27154183593750003 0.6020679203125 0.23626054062500002 0.5793564124999999 0.22487164218750003 0.5222174265625 0.21168006875 0.45771680000000003 0.202934459375 0.3981970796875 0.21377538437500002 0.364443109375 0.20905543125 0.3243142921875 0.2182275640625 0.307077090625 0.23114826093750002 0.2648339046875 0.30436035625 0.2510504921875 0.35034247343749997 0.264599278125 0.44258069375 0.281742628125 0.4849481328125 0.28964459374999996 0.4575811609375 0.298846646875 0.45202370625 0.314556728125 0.4525778984375 0.3252389765625 0.461189621875 0.3517644890625 0.49035926874999997 0.3587189890625 0.52883804375 0.3668873203125 0.5414785359375001 0.375909265625 0.5435614156249999 0.381430496875 0.54022694375 0.384124521875 0.528557840625 0.3782037421875 0.47188111875 0.384938803125 0.4427083609375 0.4030296203125 0.41923005468749996 0.41717324843750003 0.35796726562500003 0.440291896875 0.326431425
9 0.62916549375 0.42073698281249994 0.5840088437500001 0.43796665 0.5773207078125 0.4394953390625 0.57381999375 0.434077984375 0.578847828125 0.4260204515625 0.602773165625 0.41157106718750003 0.6161494375000001 0.40851368906249996 0.6293456015625 0.413096646875 0.6263852109375 0.3847582859375 0.6102286578125 0.3518369671875 0.5942052875 0.33891937968749997 0.5738275875000001 0.33114205 0.4866154515625 0.3110075421875 0.440291896875 0.326431425 0.41717324843750003 0.35796726562500003 0.4030296203125 0.41923005468749996 0.384938803125 0.4427083609375 0.3782037421875 0.47188111875 0.384124521875 0.528557840625 0.381430496875 0.54022694375 0.3668873203125 0.5414785359375001 0.3587189890625 0.52883804375 0.3517644890625 0.49035926874999997 0.314556728125 0.4525778984375 0.3055347828125 0.45049501718749996 0.28964459374999996 0.4575811609375 0.28290953281250003 0.48675391718750005 0.2888772375 0.515786571875 0.3063808046875 0.5428733390625 0.3367672453125 0.5621796703124999 0.35548464062499996 0.563428153125 0.3918387859375 0.6117671375 0.433894271875 0.6491313125 0.470295340625 0.6698262296874999 0.5117242453124999 0.6824636125 0.53344895625 0.684406390625 0.56621613125 0.679680221875 0.60787206875 0.6570332015625 0.62093505 0.641612428125 0.640419803125 0.5846555015625 0.6516030421875 0.4950543515625 0.62916549375 0.42073698281249994
9 0.61138796875 0.45657868749999997 0.62427084375 0.44879824843750005 0.6177628140625 0.44268660156250006 0.5997189234375 0.438520840625 0.5794744078125 0.45074724218749995 0.57996780625 0.455470303125 0.5968447921875 0.45783027968749995 0.61138796875 0.45657868749999997
9 0.42838822656250003 0.4465939171875 0.47336476875000005 0.43700458593749997 0.49877030156249996 0.4367243828125 0.5258361375 0.44297302343749995 0.5333778875 0.430886721875 0.499130515625 0.4214437109375 0.46102221718749997 0.4218640171875 0.4414512078125 0.43117314375 0.42838822656250003 0.4465939171875
9 0.5272224796875 0.5124303375 0.5330570031249999 0.5214592609375 0.5439193578125 0.52243065 0.5868753828125 0.521593146875 0.603439078125 0.511589725 0.6091404171875 0.5006149171875001 0.569285559375 0.4468585796875 0.55124166875 0.44269281875 0.5346779734375 0.4526962390625 0.5356178453125 0.48978642656250004 0.5272224796875 0.5124303375
9 0.515287071875 0.4543650296875 0.506445234375 0.44464181406250003 0.490735153125 0.44408762343749997 0.460121678125 0.4600656953125 0.4691436234375 0.46214857656249997 0.495716059375 0.46367415625 0.515287071875 0.4543650296875
9 0.5271286296875 0.5677184734375 0.5383042765625 0.5810532578125 0.566537015625 0.5891076828124999 0.577399371875 0.590079071875 0.5999776953125 0.5814642390625 0.613040678125 0.566043465625 0.6102134718750001 0.5577088359375 0.59351659375 0.5477085234375 0.56209643125 0.5466001406250001 0.5450393375 0.5518805015625 0.5271286296875 0.5677184734375
4 0.4297352375 0.44075936718750003 0.4332359515625 0.44617672031250005 0.47336476875000005 0.43700458593749997 0.49877030156249996 0.4367243828125 0.5258361375 0.44297302343749995 0.5333778875 0.430886721875 0.499130515625 0.4214437109375 0.46102221718749997 0.4218640171875 0.4297352375 0.44075936718750003
3 0.495716059375 0.46367415625 0.515287071875 0.4543650296875 0.506445234375 0.44464181406250003 0.490735153125 0.44408762343749997 0.460121678125 0.4600656953125 0.46730321406249997 0.4632600671875 0.495716059375 0.46367415625
6 0.5326574546875 0.46144806562499996 0.5356178453125 0.48978642656250004 0.5272224796875 0.5124303375 0.5330570031249999 0.5214592609375 0.5420789484374999 0.523542140625 0.5868753828125 0.521593146875 0.603439078125 0.511589725 0.6091404171875 0.5006149171875001 0.569285559375 0.4468585796875 0.55124166875 0.44269281875 0.5346779734375 0.4526962390625 0.5326574546875 0.46144806562499996
10 0.53130285 0.5702185515625 0.555721584375 0.5604922265625001 0.611380375 0.5595146203125 0.59351659375 0.5477085234375 0.56209643125 0.5466001406250001 0.535837284375 0.5574379578124999 0.5271286296875 0.5677184734375 0.53130285 0.5702185515625
5 0.5383042765625 0.5810532578125 0.5646966046874999 0.590219175 0.5907756421875 0.5870216953125 0.60801284375 0.5741009984375001 0.613714184375 0.5631261890625 0.5620495062499999 0.574244209375 0.5379909859375 0.5686898625000001 0.5264551234375 0.57063575 0.5383042765625 0.5810532578125
2 0.5818006234374999 0.557294746875 0.555721584375 0.5604922265625001 0.5398313953125 0.567578371875 0.5620495062499999 0.574244209375 0.61070686875 0.5624318953125 0.5818006234374999 0.557294746875
8 0.6310059046875 0.4196254921875 0.6221640671875 0.40990227656249995 0.602773165625 0.41157106718750003 0.578847828125 0.4260204515625 0.57381999375 0.434077984375 0.5773207078125 0.4394953390625 0.6310059046875 0.4196254921875
7 0.61138796875 0.45657868749999997 0.62427084375 0.44879824843750005 0.6177628140625 0.44268660156250006 0.5930307874999999 0.44004952968750005 0.5788009015625 0.45366451874999997 0.59500438125 0.4589417703125 0.61138796875 0.45657868749999997