0 0.46941869062499997 0 0 0.0576373671875 0 0.530581309375 0.0576373671875 1 0.530581309375 1 1 0.9423626328125 1 0.46941869062499997 0.9423626328125 0 0.46941869062499997 0
0 0.5452799546875 0.3296316140625 0.5403901359375001 0.2898072328125 0.5195941281249999 0.2519358828125 0.479060425 0.224262015625 0.4588445796875 0.21741541562500002 0.43264239687500006 0.214413440625 0.3721988828125 0.2218349703125 0.3061451703125 0.2361645453125 0.27022715937499997 0.259232309375 0.2363619640625 0.272719228125 0.2172745390625 0.27506286874999997 0.1813565265625 0.2981306359375 0.1691097265625 0.31673714531249997 0.159221778125 0.367704803125 0.1538156046875 0.40257417812499996 0.15665260625 0.451979409375 0.202554278125 0.5365217421875 0.2360752375 0.5728306625 0.252185446875 0.5988389625 0.278865778125 0.618885015625 0.292343009375 0.623449415625 0.315363953125 0.626841996875 0.33407523906250003 0.6214349421875001 0.3866836234375 0.6554002203125 0.44096868593750005 0.6767212375 0.48382933437500003 0.6838970046874999 0.5301453515625 0.6797649125 0.5689704718749999 0.667223790625 0.6037600640624999 0.63496578125 0.6208647796875 0.603324403125 0.62346585625 0.57190905 0.5988765453125 0.45054430781250004 0.5398737812500001 0.3645009890625 0.5376169421875 0.3461205046875 0.5452799546875 0.3296316140625
1 0.3328893109375 0.361929103125 0.35467982343750004 0.342150775 0.38816887968749997 0.3256004421875 0.4648947234375 0.3192892921875 0.48753952500000003 0.31961845625 0.5077553703125 0.3264650578125 0.5387453609375 0.35531074687499997 0.5376169421875 0.3461205046875 0.5452799546875 0.3296316140625 0.5403901359375001 0.2898072328125 0.53139468125 0.269144546875 0.5195941281249999 0.2519358828125 0.5035859296874999 0.23990825 0.4588445796875 0.21741541562500002 0.43264239687500006 0.214413440625 0.3721988828125 0.2218349703125 0.3061451703125 0.2361645453125 0.2518920140625 0.2677027796875 0.2172745390625 0.27506286874999997 0.1813565265625 0.2981306359375 0.1691097265625 0.31673714531249997 0.1538156046875 0.40257417812499996 0.15665260625 0.451979409375 0.202554278125 0.5365217421875 0.2342965484375 0.571494259375 0.2323138375 0.5421965234375 0.23932658125 0.5335614703125 0.2548566296875 0.5285450218750001 0.268333859375 0.5331094234375 0.30455790625 0.55198365625 0.3249777734375 0.5867915890625001 0.33742859375 0.596146415625 0.3469723078125 0.5949745953125001 0.351179953125 0.5897935640624999 0.34967539375 0.57753990625 0.32381745 0.5247420953125 0.32005605 0.49410795468749996 0.329395740625 0.46497479999999997 0.3214968015625 0.40064310625 0.3328893109375 0.361929103125
9 0.550647925 0.386500078125 0.51267709375 0.41914869374999997 0.506690759375 0.42299332187500005 0.5013546921875001 0.4189841109375 0.5034075109375 0.40940326093749996 0.521640646875 0.386952125 0.5336133171874999 0.3792628703125 0.54811695625 0.37903684531250004 0.535187984375 0.35263793906249996 0.5077553703125 0.3264650578125 0.48753952500000003 0.31961845625 0.4648947234375 0.3192892921875 0.3726388296875 0.330616890625 0.3328893109375 0.361929103125 0.3214968015625 0.40064310625 0.329395740625 0.46497479999999997 0.32005605 0.49410795468749996 0.32381745 0.5247420953125 0.34967539375 0.57753990625 0.351179953125 0.5897935640624999 0.33742859375 0.596146415625 0.3249777734375 0.5867915890625001 0.30455790625 0.55198365625 0.2548566296875 0.5285450218750001 0.2453129171875 0.5297168437499999 0.2323138375 0.5421965234375 0.2360752375 0.5728306625 0.252185446875 0.5988389625 0.278865778125 0.618885015625 0.315363953125 0.626841996875 0.33407523906250003 0.6214349421875001 0.3866836234375 0.6554002203125 0.44096868593750005 0.6767212375 0.48382933437500003 0.6838970046874999 0.5287428015625 0.681491921875 0.550635325 0.6756942609375 0.5809431421875 0.659534534375 0.6135779078125 0.6228767078125 0.6208647796875 0.603324403125 0.61970445625 0.541274909375 0.5988765453125 0.45054430781250004 0.550647925 0.386500078125
9 0.54599403125 0.42749628125 0.5558118734375 0.4154072078125 0.54729456875 0.4117886046875 0.52820714375 0.41413224531250004 0.51277910625 0.4331293609375 0.514933934375 0.43752917656249996 0.532242671875 0.43384913281250004 0.54599403125 0.42749628125
9 0.363841096875 0.48251263125 0.40434289687499997 0.457327246875 0.4290405171875 0.44807556249999997 0.45767165624999995 0.4445601015625 0.460750884375 0.43018882812500003 0.4239785796875 0.43314909999999995 0.386932146875 0.447026625 0.3711279703125 0.46296032499999995 0.363841096875 0.48251263125
9 0.4836316125 0.5113385796875 0.49252505781249994 0.5180205984375 0.5034713187500001 0.5151217671875 0.5451015375 0.499126625 0.5577244765625 0.48358353125000003 0.5594011546875 0.47093926875000003 0.501456703125 0.43296477656250004 0.482369278125 0.43530841875000004 0.46974633906249996 0.4508515125 0.48380373125 0.4864406609375 0.4836316125 0.5113385796875
9 0.45141119218750003 0.45932198125 0.4393365109375 0.453030571875 0.4238064625 0.45804701875 0.39958699062499997 0.4843427828125 0.4091307046875 0.4831709625 0.4356070140625 0.47525568281249997 0.45141119218750003 0.45932198125
9 0.5031270828125 0.5649176046875 0.5187591421875 0.5738818234374999 0.5491689703125 0.571702765625 0.56011523125 0.568803934375 0.579100646875 0.5524796265624999 0.58638751875 0.532927321875 0.5806753125 0.525854696875 0.5608356078125001 0.522071509375 0.5297755093750001 0.53210440625 0.5149977421874999 0.5432476828125 0.5031270828125 0.5649176046875
4 0.3630888171875 0.476385803125 0.368424884375 0.4803950140625 0.40434289687499997 0.457327246875 0.4290405171875 0.44807556249999997 0.45767165624999995 0.4445601015625 0.460750884375 0.43018882812500003 0.4239785796875 0.43314909999999995 0.386932146875 0.447026625 0.3630888171875 0.476385803125
3 0.4356070140625 0.47525568281249997 0.45141119218750003 0.45932198125 0.4393365109375 0.453030571875 0.4238064625 0.45804701875 0.39958699062499997 0.4843427828125 0.40772815625 0.48489797343749996 0.4356070140625 0.47525568281249997
6 0.470874759375 0.46004175468749997 0.48380373125 0.4864406609375 0.4836316125 0.5113385796875 0.49252505781249994 0.5180205984375 0.5020687703125 0.516848778125 0.5451015375 0.499126625 0.5577244765625 0.48358353125000003 0.5594011546875 0.47093926875000003 0.501456703125 0.43296477656250004 0.482369278125 0.43530841875000004 0.46974633906249996 0.4508515125 0.470874759375 0.46004175468749997
10 0.508087009375 0.565863403125 0.5284749718749999 0.5478120843750001 0.5824540015624999 0.5271911 0.5608356078125001 0.522071509375 0.5297755093750001 0.53210440625 0.5079849984375 0.5518827359375 0.5031270828125 0.5649176046875 0.508087009375 0.565863403125
5 0.5187591421875 0.5738818234374999 0.547766421875 0.5734297749999999 0.5720879015625 0.561114678125 0.5843347015625 0.5425081703125 0.5860113796875 0.52986390625 0.539523246875 0.55889391875 0.51407334375 0.5620187734375001 0.503503221875 0.5679810187500001 0.5187591421875 0.5738818234374999
2 0.5527964546875 0.5354969875 0.5284749718749999 0.5478120843750001 0.5154758937499999 0.5602917640625 0.539523246875 0.55889391875 0.5828301421875001 0.5302545140625 0.5527964546875 0.5354969875
8 0.5520504734375 0.38477306875 0.5399757921874999 0.37848165625 0.521640646875 0.386952125 0.5034075109375 0.40940326093749996 0.5013546921875001 0.4189841109375 0.506690759375 0.42299332187500005 0.5520504734375 0.38477306875
7 0.54599403125 0.42749628125 0.5558118734375 0.4154072078125 0.54729456875 0.4117886046875 0.522220809375 0.4179768734375 0.5131552453125 0.43619277343749996 0.5308401234375 0.4355761421875 0.54599403125 0.42749628125