0 0 0 0 0.9962721984374999 0.996212121875 0.998134328125 0.9981060609375 0 0 0
0 0.736742425 0.6604477609375 0.7443181812499999 0.623134328125 0.75 0.6175373140625 0.7765151515625 0.6175373140625 0.79356060625 0.5895522390625 0.8125 0.5111940296874999 0.8125 0.45522388124999996 0.7821969703125 0.40671641718749996 0.7670454546875 0.3544776125 0.7670454546875 0.3134328359375 0.7215909093749999 0.2388059703125 0.7045454546875 0.222014925 0.5568181812499999 0.1324626859375 0.48863636406250005 0.125 0.46212121249999993 0.1361940296875 0.45454545468749996 0.12126865625000001 0.378787878125 0.1585820890625 0.325757575 0.1921641796875 0.297348484375 0.220149253125 0.259469696875 0.272388059375 0.202651515625 0.380597015625 0.20833333281250002 0.3899253734375 0.2234848484375 0.3861940296875 0.22916666718749998 0.39179104531250003 0.2329545453125 0.421641790625 0.21780302968749998 0.45895522343749995 0.1799242421875 0.4888059703125 0.183712121875 0.5373134328125 0.16856060625 0.570895521875 0.1875 0.626865671875 0.200757575 0.6399253734375 0.202651515625 0.5597014921875 0.215909090625 0.550373134375 0.234848484375 0.58022388125 0.24621212187500002 0.550373134375 0.263257575 0.5820895515625 0.2821969703125 0.6567164171875 0.299242425 0.67723880625 0.33143939375000003 0.675373134375 0.34659090937500003 0.7126865671875 0.390151515625 0.7667910453125 0.428030303125 0.7891791046875001 0.46212121249999993 0.8003731343749999 0.5511363640625 0.8022388062499999 0.6098484843749999 0.7854477609375 0.6628787875000001 0.755597015625 0.7026515156250001 0.7164179109375 0.736742425 0.6604477609375
0 0.2253787875 0.35820895468749997 0.2272727265625 0.375 0.236742425 0.36194029843750003 0.234848484375 0.348880596875 0.2253787875 0.35820895468749997
0 0.2045454546875 0.494402984375 0.1950757578125 0.5 0.1950757578125 0.5186567171875 0.20833333281250002 0.52425373125 0.2140151515625 0.5186567171875 0.2140151515625 0.49626865625 0.2045454546875 0.494402984375
1 0.234848484375 0.58022388125 0.24053030312499998 0.55597015 0.2518939390625 0.55223880625 0.25568181874999996 0.5261194031249999 0.2765151515625 0.5279850749999999 0.28977272656249997 0.5111940296874999 0.297348484375 0.48134328281250005 0.297348484375 0.376865671875 0.3125 0.3395522390625 0.365530303125 0.272388059375 0.424242425 0.222014925 0.5416666671875 0.22574626874999998 0.571969696875 0.2406716421875 0.6022727265625 0.26679104531250003 0.6515151515625 0.2854477609375 0.6723484843749999 0.3097014921875 0.683712121875 0.35820895468749997 0.736742425 0.45149253749999996 0.740530303125 0.47014925312500006 0.75 0.47947761250000004 0.7765151515625 0.445895521875 0.7954545453125 0.449626865625 0.8106060609375 0.4608208953125 0.808712121875 0.44402985 0.7821969703125 0.40671641718749996 0.7784090906250001 0.380597015625 0.7708333328125 0.369402984375 0.7670454546875 0.3134328359375 0.7215909093749999 0.2388059703125 0.625 0.16977611875 0.5568181812499999 0.1324626859375 0.5227272734375 0.125 0.48863636406250005 0.125 0.46212121249999993 0.1361940296875 0.45454545468749996 0.12126865625000001 0.378787878125 0.1585820890625 0.325757575 0.1921641796875 0.297348484375 0.220149253125 0.259469696875 0.272388059375 0.202651515625 0.380597015625 0.20833333281250002 0.3899253734375 0.2234848484375 0.3861940296875 0.22916666718749998 0.39179104531250003 0.2329545453125 0.421641790625 0.21780302968749998 0.45895522343749995 0.1799242421875 0.4888059703125 0.183712121875 0.5373134328125 0.16856060625 0.5671641796875 0.1875 0.626865671875 0.200757575 0.6399253734375 0.202651515625 0.5597014921875 0.215909090625 0.550373134375 0.234848484375 0.58022388125
1 0.22916666718749998 0.373134328125 0.236742425 0.36194029843750003 0.234848484375 0.348880596875 0.2253787875 0.35820895468749997 0.22916666718749998 0.373134328125
1 0.1950757578125 0.5186567171875 0.200757575 0.52425373125 0.2102272734375 0.522388059375 0.2140151515625 0.49626865625 0.2045454546875 0.494402984375 0.1950757578125 0.5 0.1950757578125 0.5186567171875
9 0.7026515156250001 0.7164179109375 0.736742425 0.6604477609375 0.7443181812499999 0.623134328125 0.75 0.6175373140625 0.7765151515625 0.6175373140625 0.79356060625 0.5895522390625 0.8125 0.5111940296874999 0.8125 0.46641791093749996 0.7954545453125 0.449626865625 0.7765151515625 0.445895521875 0.75 0.47947761250000004 0.740530303125 0.47014925312500006 0.7329545453125 0.44402985 0.683712121875 0.35820895468749997 0.6723484843749999 0.3097014921875 0.6515151515625 0.2854477609375 0.6022727265625 0.26679104531250003 0.571969696875 0.2406716421875 0.5416666671875 0.22574626874999998 0.424242425 0.222014925 0.365530303125 0.272388059375 0.3125 0.3395522390625 0.297348484375 0.376865671875 0.297348484375 0.48134328281250005 0.28977272656249997 0.5111940296874999 0.2765151515625 0.5279850749999999 0.25568181874999996 0.5261194031249999 0.2518939390625 0.5597014921875 0.2746212125 0.6156716421875 0.2821969703125 0.6567164171875 0.299242425 0.67723880625 0.33143939375000003 0.675373134375 0.34659090937500003 0.7126865671875 0.390151515625 0.7667910453125 0.428030303125 0.7891791046875001 0.46212121249999993 0.8003731343749999 0.549242425 0.804104478125 0.6098484843749999 0.7854477609375 0.6628787875000001 0.755597015625 0.7026515156250001 0.7164179109375
9 0.5681818187500001 0.3414179109375 0.5340909093749999 0.3563432828125 0.5056818187500001 0.376865671875 0.5113636359375 0.3899253734375 0.5246212124999999 0.38805970156249997 0.575757575 0.3675373140625 0.6458333328125 0.36194029843750003 0.6022727265625 0.3376865671875 0.5681818187500001 0.3414179109375
9 0.424242425 0.3861940296875 0.39393939375000003 0.37873134375 0.36742424218749997 0.37873134375 0.3446969703125 0.3861940296875 0.32007575781250003 0.4104477609375 0.327651515625 0.4104477609375 0.3636363640625 0.40111940312499994 0.43181818125 0.40485074687499994 0.4375 0.3955223875 0.424242425 0.3861940296875
9 0.575757575 0.42350746250000004 0.5473484843749999 0.45149253749999996 0.6041666671875 0.45149253749999996 0.634469696875 0.4402985078125 0.60606060625 0.41977611875000004 0.5871212124999999 0.41977611875000004 0.575757575 0.42350746250000004
9 0.5359848484375 0.5149253734375 0.5208333328125 0.45522388124999996 0.496212121875 0.4384328359375 0.4734848484375 0.4384328359375 0.46022727343750003 0.44776119375 0.45265151562500006 0.46268656718749995 0.44886363593749995 0.5149253734375 0.4450757578125 0.5335820890625 0.4375 0.5410447765625 0.4375 0.5634328359375 0.44318181875 0.5764925375 0.4583333328125 0.58022388125 0.5056818187500001 0.5783582093749999 0.5454545453125 0.56902985 0.558712121875 0.55597015 0.558712121875 0.5485074625 0.5359848484375 0.5149253734375
9 0.3541666671875 0.48134328281250005 0.3636363640625 0.48694029843750003 0.403409090625 0.4850746265625 0.4375 0.46641791093749996 0.41287878750000007 0.449626865625 0.3863636359375 0.449626865625 0.3541666671875 0.48134328281250005
9 0.51893939375 0.62873134375 0.5075757578125 0.6361940296874999 0.47727272656249997 0.6361940296874999 0.4299242421875 0.6679104484375 0.47727272656249997 0.6884328359375 0.5208333328125 0.6865671640625 0.5643939390625 0.66977611875 0.5928030296875 0.6455223875 0.575757575 0.6361940296874999 0.51893939375 0.62873134375
4 0.4375 0.3955223875 0.424242425 0.3861940296875 0.39393939375000003 0.37873134375 0.36742424218749997 0.37873134375 0.3446969703125 0.3861940296875 0.32007575781250003 0.4104477609375 0.325757575 0.41231343281250005 0.3636363640625 0.40111940312499994 0.43181818125 0.40485074687499994 0.4375 0.3955223875
3 0.3863636359375 0.449626865625 0.3541666671875 0.48134328281250005 0.3636363640625 0.48694029843750003 0.4015151515625 0.48694029843750003 0.4375 0.46641791093749996 0.41287878750000007 0.449626865625 0.3863636359375 0.449626865625
5 0.4299242421875 0.6679104484375 0.47727272656249997 0.6884328359375 0.51893939375 0.6884328359375 0.5643939390625 0.66977611875 0.5928030296875 0.6455223875 0.4299242421875 0.6679104484375
10 0.5606060609375 0.647388059375 0.5833333328125 0.647388059375 0.5852272734375 0.6417910453125 0.575757575 0.6361940296874999 0.553030303125 0.6361940296874999 0.5416666671875 0.62873134375 0.47727272656249997 0.6361940296874999 0.433712121875 0.6641791046875001 0.4583333328125 0.6660447765625 0.48484848437499994 0.6585820890625 0.5454545453125 0.654850746875 0.5606060609375 0.647388059375
6 0.558712121875 0.5485074625 0.5359848484375 0.5149253734375 0.5208333328125 0.45522388124999996 0.496212121875 0.4384328359375 0.4734848484375 0.4384328359375 0.46022727343750003 0.44776119375 0.45265151562500006 0.46268656718749995 0.44886363593749995 0.5149253734375 0.4450757578125 0.5335820890625 0.4375 0.5410447765625 0.4375 0.5634328359375 0.44318181875 0.5764925375 0.503787878125 0.58022388125 0.5454545453125 0.56902985 0.558712121875 0.55597015 0.558712121875 0.5485074625
8 0.6022727265625 0.3376865671875 0.5681818187500001 0.3414179109375 0.5340909093749999 0.3563432828125 0.5056818187500001 0.376865671875 0.5113636359375 0.3899253734375 0.5227272734375 0.3899253734375 0.575757575 0.3675373140625 0.6458333328125 0.36194029843750003 0.6022727265625 0.3376865671875
7 0.5871212124999999 0.41977611875000004 0.575757575 0.42350746250000004 0.5473484843749999 0.45149253749999996 0.6022727265625 0.453358209375 0.634469696875 0.4402985078125 0.60606060625 0.41977611875000004 0.5871212124999999 0.41977611875000004