0 0 0 0 0.99811415625 0.9979919671875 0.9990566031249999 0.998995984375 0 0 0
0 0.657630521875 0.6396226421875 0.6937751 0.5754716984375 0.699799196875 0.5566037734375 0.7028112453124999 0.553773584375 0.7168674703125 0.553773584375 0.7289156625000001 0.55 0.7459839359375 0.5301886796875 0.7479919671874999 0.522641509375 0.772088353125 0.48679245312499997 0.77811245 0.45283018906250005 0.77811245 0.4301886796875 0.772088353125 0.41132075468749996 0.765060240625 0.40094339687499997 0.7530120484375 0.39716981093750003 0.7188755015625 0.39528301875 0.71285140625 0.39150943437499997 0.6887550203125 0.38773584843750003 0.6546184734375 0.3839622640625 0.6445783125 0.38584905625 0.606425703125 0.3783018875 0.5120481921875 0.37641509375000004 0.41967871562500003 0.38584905625 0.3734939765625 0.39716981093750003 0.36445783125000003 0.403773584375 0.3604417671875 0.41132075468749996 0.3604417671875 0.46603773593750003 0.36445783125000003 0.481132075 0.36445783125000003 0.5094339625 0.37048192812499997 0.532075471875 0.3965863453125 0.586792453125 0.4046184734375 0.632075471875 0.412650603125 0.650943396875 0.4467871484375 0.7 0.4678714859375 0.7160377359375001 0.5040160640625 0.7254716984375 0.5391566265625001 0.7245283015624999 0.5702811249999999 0.7160377359375001 0.6004016062499999 0.6990566031250001 0.6415662656250001 0.6603773578125 0.657630521875 0.6396226421875
0 0.0050200796875 0.4905660375 0.013052209375000002 0.494339621875 0.0210843375 0.4830188671875 0.0120481921875 0.472641509375 0.0030120484375 0.48490566093750004 0.0050200796875 0.4905660375
1 0.71285140625 0.39150943437499997 0.6887550203125 0.38773584843750003 0.6546184734375 0.3839622640625 0.6465863453125 0.38584905625 0.6495983937500001 0.41698113281250004 0.655622490625 0.4283018875 0.6767068265625 0.446226415625 0.68473895625 0.446226415625 0.6957831328124999 0.4150943390625 0.71987951875 0.396226415625 0.71285140625 0.39150943437499997
1 0.0030120484375 0.48490566093750004 0.0050200796875 0.4905660375 0.0120481921875 0.49528301875 0.0210843375 0.4830188671875 0.0120481921875 0.472641509375 0.0030120484375 0.48490566093750004
9 0.6004016062499999 0.6990566031250001 0.6415662656250001 0.6603773578125 0.6716867468750001 0.6169811328125 0.6937751 0.5754716984375 0.699799196875 0.5566037734375 0.7028112453124999 0.553773584375 0.7168674703125 0.553773584375 0.7289156625000001 0.55 0.7459839359375 0.5301886796875 0.7479919671874999 0.522641509375 0.772088353125 0.48679245312499997 0.77811245 0.45283018906250005 0.77811245 0.4301886796875 0.772088353125 0.41132075468749996 0.765060240625 0.40094339687499997 0.7530120484375 0.39716981093750003 0.720883534375 0.39528301875 0.6957831328124999 0.4150943390625 0.68473895625 0.446226415625 0.6767068265625 0.446226415625 0.655622490625 0.4283018875 0.6495983937500001 0.41698113281250004 0.6455823296875 0.386792453125 0.622489959375 0.3801886796875 0.5742971890625 0.37641509375000004 0.48594377499999997 0.3783018875 0.4096385546875 0.38773584843750003 0.3734939765625 0.39716981093750003 0.36445783125000003 0.403773584375 0.3604417671875 0.41132075468749996 0.3604417671875 0.46603773593750003 0.36445783125000003 0.481132075 0.36445783125000003 0.5094339625 0.37048192812499997 0.532075471875 0.3965863453125 0.586792453125 0.4046184734375 0.632075471875 0.412650603125 0.650943396875 0.4467871484375 0.7 0.4678714859375 0.7160377359375001 0.5040160640625 0.7254716984375 0.5381526109375 0.7254716984375 0.5602409640625 0.7198113203125 0.58634538125 0.708490565625 0.6004016062499999 0.6990566031250001
9 0.5883534140625 0.40094339687499997 0.5682730921875 0.3933962265625 0.5381526109375 0.3933962265625 0.5100401609375 0.40094339687499997 0.491967871875 0.41037735781249995 0.48895582343750005 0.41698113281250004 0.49397590312500006 0.4216981125 0.501004015625 0.422641509375 0.514056225 0.41603773593750004 0.52811245 0.41415094375 0.599397590625 0.413207546875 0.5883534140625 0.40094339687499997
9 0.42771084375 0.41603773593750004 0.3875502015625 0.41603773593750004 0.37951807187500003 0.41981132031249996 0.3664658640625 0.43396226406249994 0.3765060234375 0.43396226406249994 0.405622490625 0.42924528281249996 0.435742971875 0.431132075 0.44076305156249995 0.4245283015625 0.42771084375 0.41603773593750004
9 0.5361445781249999 0.446226415625 0.5170682734375001 0.458490565625 0.5321285140625001 0.463207546875 0.5532128515625 0.4622641515625 0.564257028125 0.4594339625 0.5773092375 0.45094339687499996 0.5562249 0.44433962187500003 0.5361445781249999 0.446226415625
9 0.393574296875 0.455660378125 0.386546184375 0.4622641515625 0.39959839375 0.46886792499999996 0.4246987953125 0.467924528125 0.4387550203125 0.4622641515625 0.43373493906249994 0.45754717031250003 0.41767068281249997 0.45188679218749994 0.393574296875 0.455660378125
9 0.513052209375 0.5169811328125 0.49899598437500003 0.4622641515625 0.4899598390625 0.455660378125 0.465863453125 0.45188679218749994 0.4528112453125 0.4622641515625 0.44879518125000006 0.47169811250000004 0.442771084375 0.5150943390625 0.43473895625000003 0.532075471875 0.43473895625000003 0.5528301890625 0.4598393578125 0.563207546875 0.47891566250000006 0.5622641515625 0.5180722890625 0.553773584375 0.527108434375 0.541509434375 0.5190763046875 0.522641509375 0.513052209375 0.5169811328125
9 0.5481927703125 0.6122641515625 0.5512048187499999 0.6094339625 0.5461847390625 0.6066037734374999 0.522088353125 0.6028301890625001 0.49397590312500006 0.6028301890625001 0.48393574375000004 0.6066037734374999 0.46385542187500006 0.60471698125 0.45180722968750003 0.6103773578125 0.4367469875 0.62641509375 0.45180722968750003 0.6424528296875 0.465863453125 0.6518867921875 0.49698795156250003 0.6528301890625 0.514056225 0.65 0.5261044171875 0.644339621875 0.5592369484375 0.613207546875 0.5481927703125 0.6122641515625
4 0.44076305156249995 0.4245283015625 0.42771084375 0.41603773593750004 0.3875502015625 0.41603773593750004 0.37951807187500003 0.41981132031249996 0.3664658640625 0.43396226406249994 0.3755020078125 0.43490566093750005 0.405622490625 0.42924528281249996 0.435742971875 0.431132075 0.44076305156249995 0.4245283015625
3 0.41767068281249997 0.45188679218749994 0.393574296875 0.455660378125 0.386546184375 0.4622641515625 0.39959839375 0.46886792499999996 0.42369477968749997 0.46886792499999996 0.4387550203125 0.4622641515625 0.43373493906249994 0.45754717031250003 0.41767068281249997 0.45188679218749994
6 0.5110441765625 0.5113207546874999 0.49899598437500003 0.4622641515625 0.4899598390625 0.455660378125 0.477911646875 0.45188679218749994 0.465863453125 0.45188679218749994 0.4528112453125 0.4622641515625 0.44879518125000006 0.47169811250000004 0.442771084375 0.5150943390625 0.43473895625000003 0.532075471875 0.43473895625000003 0.5528301890625 0.45180722968750003 0.5613207546875 0.477911646875 0.563207546875 0.5180722890625 0.553773584375 0.527108434375 0.541509434375 0.5110441765625 0.5113207546874999
5 0.48795180781249997 0.631132075 0.4618473890625 0.631132075 0.4367469875 0.62641509375 0.45180722968750003 0.6424528296875 0.465863453125 0.6518867921875 0.49598393593749995 0.653773584375 0.5261044171875 0.644339621875 0.557228915625 0.6150943390625 0.48795180781249997 0.631132075
10 0.5512048187499999 0.6094339625 0.522088353125 0.6028301890625001 0.49397590312500006 0.6028301890625001 0.48393574375000004 0.6066037734374999 0.46385542187500006 0.60471698125 0.45180722968750003 0.6103773578125 0.442771084375 0.618867925 0.4387550203125 0.6245283015624999 0.4437751 0.627358490625 0.44979919687500003 0.62358490625 0.5381526109375 0.61415094375 0.5512048187499999 0.6094339625
2 0.49397590312500006 0.6198113203125 0.44979919687500003 0.62358490625 0.4447791171875 0.62641509375 0.4618473890625 0.631132075 0.48795180781249997 0.631132075 0.557228915625 0.613207546875 0.522088353125 0.61415094375 0.49397590312500006 0.6198113203125
8 0.599397590625 0.413207546875 0.5883534140625 0.40094339687499997 0.5682730921875 0.3933962265625 0.5381526109375 0.3933962265625 0.5100401609375 0.40094339687499997 0.491967871875 0.41037735781249995 0.48895582343750005 0.41698113281250004 0.5 0.42358490625 0.514056225 0.41603773593750004 0.52811245 0.41415094375 0.599397590625 0.413207546875
7 0.5562249 0.44433962187500003 0.5361445781249999 0.446226415625 0.5170682734375001 0.458490565625 0.5321285140625001 0.463207546875 0.5522088359375 0.463207546875 0.5682730921875 0.45754717031250003 0.5773092375 0.45094339687499996 0.5562249 0.44433962187500003