0 0 0 0 0.998134328125 0.9964539 0.998134328125 0.9964539 0 0.59042553125 0 0.668439715625 0.070895521875 0.6897163125 0.10074626874999999 0.7109929078125 0.1455223875 0.732269503125 0.223880596875 0.735815603125 0.3134328359375 0.7429078015624999 0.33582089531250003 0.7287234046875 0.38805970156249997 0.7464539 0.39925373125 0.7535461 0.4141791046875 0.732269503125 0.54477611875 0.71808510625 0.574626865625 0.6861702125 0.5970149250000001 0.668439715625 0.6529850749999999 0.65425531875 0.679104478125 0.6028368796875 0.748134328125 0.5673758859375 0.7705223875 0.5248226953125 0.7817164171875 0.47517730468749997 0.7817164171875 0.4397163125 0.77425373125 0.3829787234375 0.744402984375 0.3510638296875 0.7182835828125 0.3209219859375 0.6828358203125 0.269503546875 0.5988805968750001 0.23404255312500002 0.6063432828125 0.205673759375 0.602611940625 0.17553191562499998 0.570895521875 0.140070921875 0.50373134375 0.1365248234375 0.4328358203125 0.1489361703125 0.41231343281250005 0.1631205671875 0.41231343281250005 0.1826241140625 0.40298507499999997 0.1648936171875 0.3171641796875 0.143617021875 0.272388059375 0.143617021875 0.2425373140625 0.15780141875 0.17910447812500002 0.19326241093750002 0.11940298437500001 0.2588652484375 0.046641790625 0.3014184390625 0.013059701562500001 0.328014184375 0 0 0
9 0.668439715625 0.6529850749999999 0.6861702125 0.5970149250000001 0.7127659578125 0.58022388125 0.7251773046875 0.5634328359375 0.7393617015625 0.5149253734375 0.7535461 0.4141791046875 0.7411347515625 0.3936567171875 0.7269503546875 0.3899253734375 0.7127659578125 0.40485074687499994 0.703900709375 0.3955223875 0.6861702125 0.23507462656250003 0.6755319156249999 0.20522388125000002 0.65957446875 0.1884328359375 0.6134751765625001 0.1884328359375 0.52836879375 0.20708955156250003 0.421985815625 0.2108208953125 0.3971631203125 0.2182835828125 0.34751773125 0.248134328125 0.3102836875 0.2873134328125 0.27836879375 0.376865671875 0.2712765953125 0.4104477609375 0.2712765953125 0.45522388124999996 0.262411346875 0.4645522390625 0.23404255312500002 0.4347014921875 0.18794326249999999 0.40485074687499994 0.1489361703125 0.41231343281250005 0.1365248234375 0.4328358203125 0.140070921875 0.50373134375 0.17553191562499998 0.570895521875 0.205673759375 0.602611940625 0.23404255312500002 0.6063432828125 0.269503546875 0.5988805968750001 0.34219858125 0.7089552234375 0.40780141875 0.7593283578125 0.45390070937500004 0.7779850749999999 0.5248226953125 0.7817164171875 0.5886524828125 0.7593283578125 0.622340425 0.727611940625 0.668439715625 0.6529850749999999
9 0.609929078125 0.3675373140625 0.5886524828125 0.37873134375 0.5726950359375 0.3955223875 0.5833333328125 0.40298507499999997 0.638297871875 0.3861940296875 0.6861702125 0.39179104531250003 0.6666666671875 0.37126865625 0.609929078125 0.3675373140625
9 0.49290780156249997 0.3824626859375 0.4432624109375 0.37873134375 0.3865248234375 0.3899253734375 0.3634751765625 0.4104477609375 0.3705673765625 0.4104477609375 0.41134751718749996 0.40485074687499994 0.5070921984375001 0.40858208906250004 0.512411346875 0.3955223875 0.49290780156249997 0.3824626859375
9 0.4290780140625 0.41231343281250005 0.40780141875 0.42350746250000004 0.39184397187500003 0.4402985078125 0.40780141875 0.449626865625 0.4450354609375 0.45149253749999996 0.46808510625000005 0.445895521875 0.48049645312499994 0.4365671640625 0.4574468078125 0.41604477656250005 0.4290780140625 0.41231343281250005
9 0.6028368796875 0.41604477656250005 0.579787234375 0.4365671640625 0.606382978125 0.449626865625 0.6365248234374999 0.44776119375 0.6613475171875 0.4328358203125 0.6489361703125 0.41977611875000004 0.6312056734375 0.41231343281250005 0.6028368796875 0.41604477656250005
9 0.5656028375 0.429104478125 0.546099290625 0.41604477656250005 0.52836879375 0.41604477656250005 0.5088652484375 0.4328358203125 0.5017730499999999 0.5 0.49822695 0.5149253734375 0.487588653125 0.5261194031249999 0.487588653125 0.55223880625 0.514184396875 0.5652985078125 0.5514184390625 0.5671641796875 0.578014184375 0.5615671640625 0.59751773125 0.5373134328125 0.579787234375 0.5 0.5656028375 0.429104478125
9 0.5106382984375 0.6063432828125 0.4734042546875 0.6380597015625 0.46985815625000005 0.6455223875 0.49290780156249997 0.66977611875 0.514184396875 0.68097015 0.547872340625 0.6828358203125 0.578014184375 0.66977611875 0.59751773125 0.6417910453125 0.5709219859375 0.6100746265625 0.5106382984375 0.6063432828125
1 0.326241134375 0 0.3014184390625 0.013059701562500001 0.2588652484375 0.046641790625 0.19326241093750002 0.11940298437500001 0.15780141875 0.17910447812500002 0.143617021875 0.2425373140625 0.143617021875 0.272388059375 0.1648936171875 0.3171641796875 0.1826241140625 0.40298507499999997 0.21985815625 0.42350746250000004 0.262411346875 0.4645522390625 0.2712765953125 0.45522388124999996 0.2712765953125 0.4104477609375 0.27836879375 0.376865671875 0.3102836875 0.2873134328125 0.3687943265625 0.23320895468749997 0.421985815625 0.2108208953125 0.52836879375 0.20708955156250003 0.6134751765625001 0.1884328359375 0.65957446875 0.1884328359375 0.6755319156249999 0.20522388125000002 0.6861702125 0.23507462656250003 0.7003546093749999 0.3395522390625 0.7003546093749999 0.376865671875 0.703900709375 0.3955223875 0.7127659578125 0.40485074687499994 0.732269503125 0.38432835781249997 0.7393617015625 0.36194029843750003 0.7429078015624999 0.33582089531250003 0.735815603125 0.3134328359375 0.735815603125 0.25 0.71808510625 0.16417910468750002 0.6897163125 0.10074626874999999 0.668439715625 0.070895521875 0.5906983078125 0 0.326241134375 0
4 0.512411346875 0.3955223875 0.49290780156249997 0.3824626859375 0.4432624109375 0.37873134375 0.3865248234375 0.3899253734375 0.3634751765625 0.4104477609375 0.3687943265625 0.41231343281250005 0.41134751718749996 0.40485074687499994 0.5070921984375001 0.40858208906250004 0.512411346875 0.3955223875
3 0.4290780140625 0.41231343281250005 0.40780141875 0.42350746250000004 0.39184397187500003 0.4402985078125 0.40780141875 0.449626865625 0.4432624109375 0.453358209375 0.48049645312499994 0.4365671640625 0.4574468078125 0.41604477656250005 0.4290780140625 0.41231343281250005
10 0.581560284375 0.6361940296874999 0.5886524828125 0.6436567171875 0.59751773125 0.6417910453125 0.5638297875 0.6063432828125 0.5106382984375 0.6063432828125 0.4734042546875 0.6380597015625 0.46985815625000005 0.6455223875 0.47517730468749997 0.647388059375 0.5248226953125 0.6324626859375 0.5602836875 0.6324626859375 0.581560284375 0.6361940296874999
5 0.47872340468749996 0.6436567171875 0.4734042546875 0.64925373125 0.49290780156249997 0.66977611875 0.514184396875 0.68097015 0.546099290625 0.6847014921875 0.578014184375 0.66977611875 0.59397163125 0.6455223875 0.47872340468749996 0.6436567171875
6 0.579787234375 0.5 0.5656028375 0.429104478125 0.546099290625 0.41604477656250005 0.52836879375 0.41604477656250005 0.5088652484375 0.4328358203125 0.5017730499999999 0.5 0.49822695 0.5149253734375 0.487588653125 0.5261194031249999 0.487588653125 0.55223880625 0.5 0.5615671640625 0.5496453906250001 0.56902985 0.578014184375 0.5615671640625 0.59751773125 0.5373134328125 0.579787234375 0.5
2 0.5248226953125 0.6324626859375 0.487588653125 0.6417910453125 0.4893617015625 0.647388059375 0.5673758859375 0.647388059375 0.5868794328125 0.6417910453125 0.5602836875 0.6324626859375 0.5248226953125 0.6324626859375
8 0.6861702125 0.39179104531250003 0.6666666671875 0.37126865625 0.609929078125 0.3675373140625 0.5886524828125 0.37873134375 0.5726950359375 0.3955223875 0.581560284375 0.40485074687499994 0.59219858125 0.397388059375 0.638297871875 0.3861940296875 0.6861702125 0.39179104531250003
7 0.6312056734375 0.41231343281250005 0.6028368796875 0.41604477656250005 0.579787234375 0.4365671640625 0.606382978125 0.449626865625 0.6347517734375 0.449626865625 0.6613475171875 0.4328358203125 0.6489361703125 0.41977611875000004 0.6312056734375 0.41231343281250005