0 0 0 0 0.9979602890624999 0.9978354984375001 0.9989795921875 0.9989177484375 0 0 0
0 0.674242425 0.6204081625 0.6980519484375 0.5795918375 0.70670995625 0.546938775 0.7142857140625 0.5377551015625001 0.7424242421875 0.53367346875 0.7619047625 0.5561224484375 0.790043290625 0.53979591875 0.8008658015625001 0.541836734375 0.8127705625000001 0.5306122453125 0.8192640687500001 0.5142857140625 0.8214285718750001 0.4795918375 0.8279220781250001 0.47346938749999995 0.84307359375 0.44285714218749994 0.8582251078124999 0.4306122453125 0.8625541125 0.4224489796875 0.86904761875 0.36326530625000003 0.871212121875 0.2755102046875 0.8668831171875 0.2489795921875 0.8474025968750001 0.1938775515625 0.8235930734375 0.15714285781249998 0.7835497828125 0.115306121875 0.753246753125 0.094897959375 0.70562770625 0.0765306125 0.6558441562499999 0.068367346875 0.5865800859375 0.068367346875 0.5541125546875 0.062244898437499994 0.5151515156250001 0.06632653125 0.4696969703125 0.0806122453125 0.352813853125 0.13571428593749998 0.32792207812499996 0.155102040625 0.3170995671875 0.17346938750000002 0.3106060609375 0.2142857140625 0.3106060609375 0.234693878125 0.314935065625 0.253061225 0.30627705625 0.2673469390625 0.28896103906250004 0.3265306125 0.2867965375 0.408163265625 0.297619046875 0.444897959375 0.29978355 0.47142857187500004 0.3084415578125 0.49591836718750004 0.314935065625 0.5040816328125 0.3235930734375 0.5714285718750001 0.34090909062499997 0.6489795921875 0.3668831171875 0.6979591843749999 0.415584415625 0.7438775515625 0.4458874453125 0.7561224484375 0.483766234375 0.755102040625 0.54978355 0.7295918375 0.6038961031250001 0.6928571421874999 0.6482683984375 0.6510204078124999 0.674242425 0.6204081625
9 0.6038961031250001 0.6928571421874999 0.6482683984375 0.6510204078124999 0.6829004328125 0.608163265625 0.6980519484375 0.5795918375 0.708874459375 0.5428571421874999 0.7186147187499999 0.5357142859375 0.7380952375 0.5357142859375 0.746753246875 0.531632653125 0.7846320343750001 0.497959184375 0.7954545453125 0.4795918375 0.8041125546875 0.45510204062500004 0.8084415578125 0.41836734687500005 0.8019480515625 0.40204081562500005 0.7922077921875 0.3928571421875 0.7813852812500001 0.3887755109375 0.759740259375 0.3887755109375 0.7316017312499999 0.4010204078125 0.6818181812499999 0.4357142859375 0.6688311687499999 0.441836734375 0.6558441562499999 0.43979591874999996 0.6396103890625 0.42448979531250003 0.6201298703125 0.3959183671875 0.5833333328125 0.36326530625000003 0.572510821875 0.33265306093749997 0.566017315625 0.2959183671875 0.5487012984375 0.2489795921875 0.5303030296875 0.231632653125 0.5129870125 0.2234693875 0.48484848437499994 0.21734693906250002 0.45238095312500004 0.215306121875 0.43073593125 0.205102040625 0.4134199140625 0.20306122499999998 0.38095238125 0.20918367343750002 0.34415584374999997 0.2234693875 0.314935065625 0.2510204078125 0.30627705625 0.2673469390625 0.291125540625 0.31224489843750003 0.2867965375 0.408163265625 0.297619046875 0.444897959375 0.29978355 0.47142857187500004 0.3084415578125 0.49591836718750004 0.314935065625 0.5040816328125 0.3235930734375 0.5714285718750001 0.34090909062499997 0.6489795921875 0.36255411249999997 0.691836734375 0.415584415625 0.7438775515625 0.4264069265625 0.75 0.4458874453125 0.7561224484375 0.4826839828125 0.7561224484375 0.5324675328125 0.7377551015625 0.575757575 0.7132653062500001 0.6038961031250001 0.6928571421874999
9 0.5075757578125 0.4224489796875 0.4826839828125 0.405102040625 0.4632034625 0.4010204078125 0.428571428125 0.4010204078125 0.39393939375000003 0.41326530625 0.3733766234375 0.4306122453125 0.3733766234375 0.43673469374999996 0.378787878125 0.441836734375 0.39069264062500003 0.44285714218749994 0.424242425 0.4295918375 0.47835497812499994 0.42755102031250003 0.48484848437499994 0.42346938749999996 0.5075757578125 0.4224489796875
9 0.29329004375 0.4265306125 0.31818181874999996 0.4357142859375 0.3398268390625 0.447959184375 0.34307359375 0.446938775 0.3452380953125 0.4408163265625 0.322510821875 0.42346938749999996 0.29870129843750004 0.42142857187500005 0.29329004375 0.4265306125
9 0.4123376625 0.555102040625 0.4080086578125 0.4877551015625 0.3831168828125 0.47653061250000006 0.3701298703125 0.47653061250000006 0.3603896109375 0.4857142859375 0.3452380953125 0.5489795921875 0.3387445890625 0.5591836734375 0.3387445890625 0.5755102046875 0.34090909062499997 0.58367346875 0.352813853125 0.5928571421875 0.3701298703125 0.5989795921875001 0.3863636359375 0.597959184375 0.4177489171875 0.5908163265625 0.4231601734375 0.58367346875 0.4231601734375 0.5775510203125 0.4123376625 0.555102040625
9 0.4393939390625 0.494897959375 0.425324675 0.491836734375 0.45021645 0.5010204078125 0.46861471874999994 0.5 0.4870129875 0.494897959375 0.503246753125 0.48367346875 0.4696969703125 0.494897959375 0.4393939390625 0.494897959375
9 0.3203463203125 0.496938775 0.3387445890625 0.49591836718750004 0.3517316015625 0.48979591874999995 0.33116883124999996 0.4887755109375 0.314935065625 0.4938775515625 0.3203463203125 0.496938775
9 0.378787878125 0.6377551015625 0.3679653671875 0.641836734375 0.35930735937499997 0.6377551015625 0.353896103125 0.6510204078124999 0.3603896109375 0.6653061218749999 0.3582251078125 0.6734693875 0.36255411249999997 0.681632653125 0.378787878125 0.6908163265625 0.39935065000000003 0.68979591875 0.4199134203125 0.6826530609375 0.44480519531249996 0.66326530625 0.3917748921875 0.63979591875 0.378787878125 0.6377551015625
4 0.29870129843750004 0.42142857187500005 0.29329004375 0.4265306125 0.3419913421875 0.447959184375 0.3452380953125 0.4408163265625 0.322510821875 0.42346938749999996 0.29870129843750004 0.42142857187500005
1 0.8127705625000001 0.5306122453125 0.8192640687500001 0.5142857140625 0.8214285718750001 0.4795918375 0.8279220781250001 0.47346938749999995 0.84307359375 0.44285714218749994 0.8582251078124999 0.4306122453125 0.8647186140625 0.4142857140625 0.8668831171875 0.3959183671875 0.871212121875 0.2755102046875 0.8668831171875 0.2489795921875 0.8474025968750001 0.1938775515625 0.8084415578125 0.1387755109375 0.7835497828125 0.115306121875 0.753246753125 0.094897959375 0.70562770625 0.0765306125 0.6558441562499999 0.068367346875 0.5865800859375 0.068367346875 0.5389610390625 0.062244898437499994 0.5151515156250001 0.06632653125 0.4696969703125 0.0806122453125 0.3917748921875 0.115306121875 0.3398268390625 0.14387755156249998 0.32792207812499996 0.155102040625 0.3170995671875 0.17346938750000002 0.3106060609375 0.2142857140625 0.3106060609375 0.234693878125 0.316017315625 0.25 0.34415584374999997 0.2234693875 0.38095238125 0.20918367343750002 0.4134199140625 0.20306122499999998 0.43073593125 0.205102040625 0.45238095312500004 0.215306121875 0.50649350625 0.22142857187499998 0.5303030296875 0.231632653125 0.5487012984375 0.2489795921875 0.5703463203125 0.31020408125 0.572510821875 0.33265306093749997 0.5833333328125 0.36326530625000003 0.6201298703125 0.3959183671875 0.6396103890625 0.42448979531250003 0.6558441562499999 0.43979591874999996 0.6688311687499999 0.441836734375 0.6818181812499999 0.4357142859375 0.7316017312499999 0.4010204078125 0.759740259375 0.3887755109375 0.7878787875000001 0.3908163265625 0.8019480515625 0.40204081562500005 0.8084415578125 0.41836734687500005 0.8084415578125 0.4326530609375 0.7954545453125 0.4795918375 0.7846320343750001 0.497959184375 0.74350649375 0.5326530609375 0.74350649375 0.5367346937499999 0.7619047625 0.5561224484375 0.790043290625 0.53979591875 0.8008658015625001 0.541836734375 0.8127705625000001 0.5306122453125
3 0.314935065625 0.4938775515625 0.3203463203125 0.496938775 0.33766233749999996 0.496938775 0.3517316015625 0.48979591874999995 0.33116883124999996 0.4887755109375 0.314935065625 0.4938775515625
6 0.4231601734375 0.5775510203125 0.4123376625 0.555102040625 0.4080086578125 0.4877551015625 0.3831168828125 0.47653061250000006 0.3701298703125 0.47653061250000006 0.3603896109375 0.4857142859375 0.3452380953125 0.5489795921875 0.3387445890625 0.5591836734375 0.3387445890625 0.5755102046875 0.34090909062499997 0.58367346875 0.352813853125 0.5928571421875 0.3701298703125 0.5989795921875001 0.3852813859375 0.5989795921875001 0.4177489171875 0.5908163265625 0.4231601734375 0.58367346875 0.4231601734375 0.5775510203125
10 0.3679653671875 0.641836734375 0.35930735937499997 0.6377551015625 0.353896103125 0.646938775 0.35930735937499997 0.6642857140625 0.3636363640625 0.658163265625 0.40043290000000004 0.658163265625 0.44155844218749996 0.6642857140625 0.424242425 0.652040815625 0.3831168828125 0.6377551015625 0.3679653671875 0.641836734375
5 0.372294371875 0.668367346875 0.3603896109375 0.66326530625 0.3582251078125 0.6734693875 0.36580086562499997 0.684693878125 0.378787878125 0.6908163265625 0.3982683984375 0.6908163265625 0.4199134203125 0.6826530609375 0.4426406921875 0.6653061218749999 0.372294371875 0.668367346875
2 0.3636363640625 0.658163265625 0.3603896109375 0.6612244890625 0.372294371875 0.668367346875 0.39393939375000003 0.668367346875 0.43831168906249995 0.66326530625 0.40043290000000004 0.658163265625 0.3636363640625 0.658163265625
8 0.48484848437499994 0.42346938749999996 0.5075757578125 0.4224489796875 0.4826839828125 0.405102040625 0.4632034625 0.4010204078125 0.428571428125 0.4010204078125 0.39393939375000003 0.41326530625 0.3733766234375 0.4306122453125 0.3733766234375 0.43673469374999996 0.378787878125 0.441836734375 0.3896103890625 0.44387755156250003 0.424242425 0.4295918375 0.47835497812499994 0.42755102031250003 0.48484848437499994 0.42346938749999996
7 0.49567099531250003 0.48469387812500003 0.4696969703125 0.494897959375 0.4296536796875 0.4938775515625 0.45021645 0.5010204078125 0.46753246718749997 0.5010204078125 0.4870129875 0.494897959375 0.5010822515625 0.4857142859375 0.49567099531250003 0.48469387812500003