0 0 0 0 0.9977888687500001 0.9977272734374999 0.9988938046875001 0.9988636359375 0 0 0
0 0.79431818125 0.8252212390624999 0.803409090625 0.7942477875 0.8193181812500001 0.7676991156249999 0.8193181812500001 0.7477876109375 0.8079545453125 0.7190265484375 0.8079545453125 0.7057522125 0.7988636359375 0.6858407078125001 0.796590909375 0.6526548671875 0.796590909375 0.6238938046875 0.8170454546875 0.57300885 0.8147727265625001 0.55088495625 0.8079545453125 0.5376106187499999 0.7602272734375 0.49336283124999997 0.728409090625 0.4092920359375 0.709090909375 0.3882743359375 0.6977272734375 0.38384955781249996 0.690909090625 0.375 0.6727272734375 0.375 0.6522727265625 0.38384955781249996 0.6204545453125 0.38163716875000003 0.5795454546875 0.363938053125 0.509090909375 0.3152654875 0.475 0.297566371875 0.4477272734375 0.2887168140625 0.41590909062500003 0.28429203593749997 0.3886363640625 0.2931415921875 0.34318181875 0.31747787656250004 0.3079545453125 0.349557521875 0.2875 0.3871681421875 0.28068181875 0.41371681406249994 0.2761363640625 0.473451328125 0.26704545468749996 0.5022123890625 0.26704545468749996 0.5331858406250001 0.271590909375 0.5464601765625 0.2761363640625 0.6305309734375 0.2852272734375 0.6747787609375 0.2875 0.7101769906250001 0.296590909375 0.745575221875 0.29431818125000003 0.7920353984374999 0.2977272734375 0.7953539828125 0.325 0.7820796453125001 0.36818181875 0.7511061953125 0.3727272734375 0.7511061953125 0.41590909062500003 0.7820796453125001 0.4477272734375 0.797566371875 0.48181818125 0.8019911499999999 0.5136363640625 0.7997787609375 0.5477272734375 0.7887168140624999 0.58181818125 0.7710176984375 0.6204545453125 0.7444690265625 0.6625 0.7057522125 0.6738636359375 0.6880530968749999 0.6977272734375 0.625 0.7102272734375 0.6858407078125001 0.7079545453125 0.7123893812500001 0.690909090625 0.724557521875 0.6590909093749999 0.7334070796875001 0.6534090906250001 0.7411504421874999 0.675 0.7422566374999999 0.709090909375 0.7267699109375 0.7125 0.7367256640625001 0.7079545453125 0.81637168125 0.7011363640625 0.8362831859375 0.6875 0.8517699109375 0.6875 0.8716814156250001 0.68068181875 0.8982300890625 0.6829545453125 0.9292035390625 0.690909090625 0.9369469031250001 0.696590909375 0.9358407078125 0.75 0.892699115625 0.7829545453125 0.856194690625 0.79431818125 0.8362831859375 0.79431818125 0.8252212390624999
0 0.7125 0.5464601765625 0.7204545453125 0.55199115 0.7238636359374999 0.5442477875 0.71818181875 0.5387168140624999 0.7125 0.5464601765625
9 0.63181818125 0.7356194687500001 0.66931818125 0.6969026546875 0.696590909375 0.628318584375 0.696590909375 0.59513274375 0.7011363640625 0.57300885 0.7204545453125 0.5652654874999999 0.73068181875 0.548672565625 0.7261363640625 0.5376106187499999 0.728409090625 0.5132743359374999 0.7238636359374999 0.4977876109375 0.7238636359374999 0.46017699062500006 0.7159090906250001 0.4502212390625 0.709090909375 0.452433628125 0.696590909375 0.4424778765625 0.6545454546875 0.38163716875000003 0.6386363640625 0.38384955781249996 0.60681818125 0.3772123890625 0.5795454546875 0.363938053125 0.509090909375 0.3152654875 0.475 0.297566371875 0.4477272734375 0.2887168140625 0.41590909062500003 0.28429203593749997 0.3886363640625 0.2931415921875 0.35 0.313053096875 0.3079545453125 0.349557521875 0.2875 0.3871681421875 0.2829545453125 0.4026548671875 0.2761363640625 0.473451328125 0.26704545468749996 0.5022123890625 0.26704545468749996 0.5331858406250001 0.271590909375 0.55088495625 0.2829545453125 0.5685840703125 0.28977272656249997 0.5884955749999999 0.30568181875 0.65486725625 0.3261363640625 0.6969026546875 0.34431818125 0.723451328125 0.3704545453125 0.7511061953125 0.4272727265625 0.7887168140624999 0.4477272734375 0.797566371875 0.484090909375 0.8019911499999999 0.5295454546875 0.7953539828125 0.58181818125 0.7710176984375 0.63181818125 0.7356194687500001
9 0.5772727265625 0.375 0.565909090625 0.37057522187499997 0.5295454546875 0.37057522187499997 0.50681818125 0.3772123890625 0.4727272734375 0.39712389375 0.46022727343750003 0.4092920359375 0.46363636406250003 0.41924778749999997 0.471590909375 0.41814159218749997 0.525 0.39269911562500004 0.5681818187500001 0.3882743359375 0.59431818125 0.38938053125 0.5772727265625 0.375
9 0.3897727265625 0.42920353906250003 0.384090909375 0.423672565625 0.359090909375 0.4170353984375 0.334090909375 0.4170353984375 0.3045454546875 0.4280973453125 0.2920454546875 0.44469026562499997 0.28977272656249997 0.4535398234375 0.31818181874999996 0.43915929218749994 0.3386363640625 0.43473451250000006 0.384090909375 0.43694690312500006 0.3897727265625 0.42920353906250003
9 0.525 0.4280973453125 0.509090909375 0.43694690312500006 0.4920454546875 0.4535398234375 0.5056818187500001 0.4535398234375 0.5272727265625 0.4502212390625 0.56931818125 0.43584070781250006 0.5545454546874999 0.4280973453125 0.525 0.4280973453125
9 0.4897727265625 0.5110619468750001 0.471590909375 0.46017699062500006 0.45454545468749996 0.452433628125 0.4295454546875 0.452433628125 0.42045454531250004 0.45685840781250003 0.4079545453125 0.473451328125 0.40113636406250003 0.526548671875 0.39204545468749996 0.548672565625 0.39204545468749996 0.5707964609375 0.4045454546875 0.5785398234375 0.453409090625 0.5796460171875 0.5022727265625 0.5586283187500001 0.5125 0.548672565625 0.5147727265625 0.5398230093749999 0.4897727265625 0.5110619468750001
9 0.3363636359375 0.4767699109375 0.321590909375 0.4911504421875 0.33522727343750003 0.4911504421875 0.39204545468749996 0.4756637171875 0.3772727265625 0.4679203546875 0.3545454546875 0.4679203546875 0.3363636359375 0.4767699109375
9 0.71818181875 0.55199115 0.7215909093749999 0.55088495625 0.7238636359374999 0.5442477875 0.71818181875 0.5387168140624999 0.7125 0.5464601765625 0.71818181875 0.55199115
9 0.5920454546875 0.606194690625 0.5477272734375 0.598451328125 0.5272727265625 0.598451328125 0.48181818125 0.6050884953125 0.46363636406250003 0.6139380531249999 0.4477272734375 0.6117256640625001 0.409090909375 0.6272123890625 0.3897727265625 0.650442478125 0.3875 0.65486725625 0.39431818125 0.6681415921875 0.41363636406250004 0.6891592921874999 0.4295454546875 0.7002212390625 0.44318181875 0.7068584078125 0.4852272734375 0.7057522125 0.5363636359374999 0.6869469031250001 0.571590909375 0.650442478125 0.5852272734375 0.6150442484374999 0.5920454546875 0.606194690625
1 0.79431818125 0.8362831859375 0.79431818125 0.8252212390624999 0.803409090625 0.7942477875 0.8193181812500001 0.7676991156249999 0.8193181812500001 0.7477876109375 0.8079545453125 0.7190265484375 0.8079545453125 0.7057522125 0.7988636359375 0.6858407078125001 0.796590909375 0.6526548671875 0.796590909375 0.6238938046875 0.8170454546875 0.57300885 0.8170454546875 0.5619469031250001 0.8079545453125 0.5376106187499999 0.7602272734375 0.49336283124999997 0.728409090625 0.4092920359375 0.709090909375 0.3882743359375 0.6977272734375 0.38384955781249996 0.690909090625 0.375 0.6727272734375 0.375 0.6590909093749999 0.37942477812500003 0.65568181875 0.3849557515625 0.6852272734375 0.422566371875 0.696590909375 0.4424778765625 0.709090909375 0.452433628125 0.7159090906250001 0.4502212390625 0.7238636359374999 0.46017699062500006 0.7238636359374999 0.4977876109375 0.728409090625 0.5132743359374999 0.7261363640625 0.5376106187499999 0.73068181875 0.5464601765625 0.7204545453125 0.5652654874999999 0.7011363640625 0.57300885 0.696590909375 0.59513274375 0.696590909375 0.6238938046875 0.7102272734375 0.6858407078125001 0.7079545453125 0.7123893812500001 0.690909090625 0.724557521875 0.6590909093749999 0.7334070796875001 0.6534090906250001 0.7411504421874999 0.675 0.7422566374999999 0.709090909375 0.7267699109375 0.7125 0.7367256640625001 0.7079545453125 0.81637168125 0.7011363640625 0.8362831859375 0.6875 0.8517699109375 0.6875 0.8716814156250001 0.68068181875 0.8982300890625 0.6829545453125 0.9292035390625 0.690909090625 0.9369469031250001 0.6954545453125001 0.9369469031250001 0.75 0.892699115625 0.7829545453125 0.856194690625 0.79431818125 0.8362831859375
1 0.3636363640625 0.7555309734375 0.36931818125000004 0.7477876109375 0.3329545453125 0.7079646015625001 0.3102272734375 0.6659292031249999 0.28977272656249997 0.5884955749999999 0.27272727343750003 0.55199115 0.271590909375 0.5796460171875 0.2761363640625 0.6039823015625 0.2761363640625 0.6305309734375 0.2852272734375 0.6747787609375 0.2875 0.7101769906250001 0.296590909375 0.745575221875 0.29431818125000003 0.7920353984374999 0.2977272734375 0.7953539828125 0.3386363640625 0.7732300890625 0.35 0.7621681421875001 0.3636363640625 0.7555309734375
4 0.384090909375 0.43694690312500006 0.3897727265625 0.42920353906250003 0.384090909375 0.423672565625 0.359090909375 0.4170353984375 0.334090909375 0.4170353984375 0.3045454546875 0.4280973453125 0.28977272656249997 0.44911504375 0.29318181875 0.452433628125 0.30681818125000004 0.44358407031249997 0.3272727265625 0.43694690312500006 0.384090909375 0.43694690312500006
3 0.3545454546875 0.4679203546875 0.3363636359375 0.4767699109375 0.321590909375 0.4911504421875 0.334090909375 0.4922566375 0.39204545468749996 0.4756637171875 0.3772727265625 0.4679203546875 0.3545454546875 0.4679203546875
5 0.5897727265625 0.606194690625 0.5522727265625 0.6449115046875 0.509090909375 0.673672565625 0.484090909375 0.6825221234375001 0.4454545453125 0.6847345125000001 0.4022727265625 0.6670353984374999 0.39318181874999997 0.6559734515625 0.3897727265625 0.6570796453125001 0.403409090625 0.6792035390625 0.4295454546875 0.7002212390625 0.44318181875 0.7068584078125 0.484090909375 0.7068584078125 0.5363636359374999 0.6869469031250001 0.571590909375 0.650442478125 0.5897727265625 0.606194690625
10 0.4704545453125 0.625 0.5204545453125 0.61836283125 0.5522727265625 0.6095132750000001 0.5875 0.606194690625 0.584090909375 0.60287610625 0.5272727265625 0.598451328125 0.4727272734375 0.6073008843750001 0.46363636406250003 0.6139380531249999 0.43863636406250006 0.6139380531249999 0.409090909375 0.6272123890625 0.3897727265625 0.650442478125 0.390909090625 0.6559734515625 0.39772727343750003 0.6493362828125 0.41818181875000004 0.6404867249999999 0.4704545453125 0.625
6 0.5147727265625 0.5398230093749999 0.4897727265625 0.5110619468750001 0.471590909375 0.46017699062500006 0.45454545468749996 0.452433628125 0.4295454546875 0.452433628125 0.4125 0.46460177031249994 0.4079545453125 0.473451328125 0.40113636406250003 0.526548671875 0.39204545468749996 0.548672565625 0.39204545468749996 0.5707964609375 0.4045454546875 0.5785398234375 0.4522727265625 0.5807522125 0.5022727265625 0.5586283187500001 0.5125 0.548672565625 0.5147727265625 0.5398230093749999
2 0.5738636359375 0.6238938046875 0.5852272734375 0.6084070796875001 0.5522727265625 0.6095132750000001 0.5204545453125 0.61836283125 0.4704545453125 0.625 0.41818181875000004 0.6404867249999999 0.39204545468749996 0.65486725625 0.4022727265625 0.6670353984374999 0.425 0.6780973453125 0.4454545453125 0.6847345125000001 0.4704545453125 0.6847345125000001 0.5045454546875 0.67588495625 0.5363636359374999 0.6559734515625 0.5738636359375 0.6238938046875
8 0.59431818125 0.38938053125 0.5772727265625 0.375 0.565909090625 0.37057522187499997 0.5295454546875 0.37057522187499997 0.50681818125 0.3772123890625 0.4727272734375 0.39712389375 0.46022727343750003 0.4092920359375 0.46363636406250003 0.41924778749999997 0.4704545453125 0.41924778749999997 0.525 0.39269911562500004 0.5681818187500001 0.3882743359375 0.59431818125 0.38938053125
7 0.525 0.4280973453125 0.509090909375 0.43694690312500006 0.4920454546875 0.4535398234375 0.5045454546875 0.45464601718750003 0.56931818125 0.43584070781250006 0.5545454546874999 0.4280973453125 0.525 0.4280973453125