0 0 0 0 0.9989495796875 0.9979166671874999 0.9989495796875 0.9979166671874999 0 0 0
0 0.5760416671875 0.682773109375 0.5947916671875 0.6512605046875 0.5927083328125 0.6260504203124999 0.6114583328125 0.61554621875 0.615625 0.6050420171875001 0.6177083328124999 0.5756302515625 0.6458333328125 0.561974790625 0.6552083328125 0.5462184875 0.653125 0.527310925 0.6239583328125 0.4705882359375 0.6072916671875 0.4453781515625 0.609375 0.4264705875 0.6260416671875 0.40336134531249995 0.6260416671875 0.390756303125 0.6114583328125 0.3529411765625 0.6072916671875 0.31932773124999997 0.6 0.30987395 0.5729166671875 0.31407562968749997 0.48333333281249996 0.35189075625 0.44375 0.372899159375 0.40416666718750005 0.3855042015625 0.36875 0.402310925 0.30625 0.423319328125 0.2833333328125 0.423319328125 0.26875 0.4296218484375 0.2552083328125 0.44117647031249996 0.24895833281250002 0.455882353125 0.24895833281250002 0.46428571406249997 0.240625 0.47689075625 0.1760416671875 0.5378151265625 0.16354166718750002 0.5567226890625 0.16354166718750002 0.5714285718750001 0.1697916671875 0.5819327734375 0.1770833328125 0.5892857140625 0.1875 0.5913865546875 0.2322916671875 0.5588235296875 0.25625 0.511554621875 0.278125 0.54201680625 0.2958333328125 0.55987395 0.31875 0.57457983125 0.3375 0.5766806718749999 0.340625 0.5798319328125 0.3552083328125 0.6281512609375 0.378125 0.6701680671875 0.41979166718750005 0.7142857140625 0.42604166718750003 0.724789915625 0.44375 0.7426470593750001 0.4604166671875 0.7531512609375 0.490625 0.75420168125 0.5458333328125 0.7426470593750001 0.5677083328125 0.722689075 0.5739583328125 0.710084034375 0.5760416671875 0.682773109375
1 0.4135416671875 0.3970588234375 0.4302083328125 0.3802521015625 0.42291666718750004 0.37920168125 0.40416666718750005 0.3855042015625 0.36875 0.402310925 0.3072916671875 0.4222689078125 0.3416666671875 0.438025209375 0.3645833328125 0.44222689062500004 0.3916666671875 0.4317226890625 0.40729166718750004 0.413865546875 0.4135416671875 0.3970588234375
1 0.24583333281250003 0.469537815625 0.20833333281250002 0.50945378125 0.1760416671875 0.5378151265625 0.16354166718750002 0.5567226890625 0.16354166718750002 0.5714285718750001 0.1697916671875 0.5819327734375 0.1770833328125 0.5892857140625 0.1875 0.5913865546875 0.2322916671875 0.5588235296875 0.2552083328125 0.5147058828125 0.24583333281250003 0.469537815625
9 0.5739583328125 0.710084034375 0.5760416671875 0.682773109375 0.5927083328125 0.6554621843749999 0.5875 0.6565126046875001 0.5708333328124999 0.650210084375 0.5489583328125 0.6323529406249999 0.58125 0.6144957984375 0.5979166671875 0.6123949578125 0.6104166671875 0.6165966390625 0.615625 0.6050420171875001 0.6197916671875 0.5735294125 0.6020833328124999 0.57457983125 0.58125 0.5682773109375 0.5677083328125 0.5588235296875 0.565625 0.5483193281250001 0.5697916671875001 0.5336134453125 0.5760416671875 0.527310925 0.5697916671875001 0.455882353125 0.59375 0.44222689062500004 0.60625 0.44012605000000005 0.609375 0.4201680671875 0.6260416671875 0.40336134531249995 0.6260416671875 0.390756303125 0.6114583328125 0.3529411765625 0.6072916671875 0.31932773124999997 0.6 0.30987395 0.5729166671875 0.31407562968749997 0.43125 0.377100840625 0.4135416671875 0.3970588234375 0.403125 0.4201680671875 0.3916666671875 0.4317226890625 0.375 0.44012605000000005 0.35625 0.44222689062500004 0.3083333328125 0.423319328125 0.2833333328125 0.423319328125 0.2625 0.43382352968750004 0.2552083328125 0.44117647031249996 0.24895833281250002 0.455882353125 0.246875 0.4831932765625 0.2552083328125 0.5105042015625 0.278125 0.54201680625 0.2958333328125 0.55987395 0.31875 0.57457983125 0.3375 0.5766806718749999 0.340625 0.5798319328125 0.3552083328125 0.6281512609375 0.378125 0.6701680671875 0.44375 0.7426470593750001 0.46666666718750005 0.7552521015625 0.4895833328125 0.7552521015625 0.5458333328125 0.7426470593750001 0.5677083328125 0.722689075 0.5739583328125 0.710084034375
9 0.5583333328125 0.4275210078125 0.5979166671875 0.4296218484375 0.603125 0.4222689078125 0.59375 0.414915965625 0.5729166671875 0.4086134453125 0.5416666671875 0.41071428593750003 0.5270833328125 0.419117646875 0.5104166671875 0.423319328125 0.503125 0.436974790625 0.5083333328124999 0.43382352968750004 0.5270833328125 0.43382352968750004 0.5333333328125 0.4296218484375 0.5583333328125 0.4275210078125
9 0.5458333328125 0.45903361406250004 0.5572916671875 0.45798319374999996 0.5677083328125 0.4537815125 0.5645833328125 0.45063025156250003 0.521875 0.451680671875 0.5458333328125 0.45903361406250004
9 0.6197916671875 0.4705882359375 0.640625 0.5126050421875 0.6458333328125 0.5178571421875 0.640625 0.502100840625 0.6208333328125 0.46743697500000003 0.6197916671875 0.4705882359375
4 0.603125 0.4222689078125 0.59375 0.414915965625 0.5729166671875 0.4086134453125 0.5416666671875 0.41071428593750003 0.5270833328125 0.419117646875 0.5104166671875 0.423319328125 0.503125 0.43277310937499996 0.50625 0.43592437031250003 0.5583333328125 0.4275210078125 0.5979166671875 0.4296218484375 0.603125 0.4222689078125
3 0.521875 0.451680671875 0.5458333328125 0.45903361406250004 0.55625 0.45903361406250004 0.5677083328125 0.4537815125 0.5645833328125 0.45063025156250003 0.521875 0.451680671875
5 0.5916666671875 0.6313025203125 0.5489583328125 0.6323529406249999 0.5708333328124999 0.650210084375 0.5895833328125 0.6565126046875001 0.5947916671875 0.6512605046875 0.5947916671875 0.636554621875 0.5916666671875 0.6313025203125
10 0.609375 0.61554621875 0.5979166671875 0.6123949578125 0.58125 0.6144957984375 0.5510416671875 0.6302521015625 0.5604166671875 0.6313025203125 0.5916666671875 0.627100840625 0.60625 0.62079831875 0.609375 0.61554621875
2 0.5916666671875 0.6313025203125 0.5916666671875 0.627100840625 0.5614583328125 0.6302521015625 0.5916666671875 0.6313025203125
6 0.6552083328125 0.5378151265625 0.6072916671875 0.44117647031249996 0.6020833328124999 0.44012605000000005 0.5697916671875001 0.455882353125 0.5760416671875 0.527310925 0.5677083328125 0.5378151265625 0.565625 0.5483193281250001 0.5677083328125 0.5588235296875 0.5729166671875 0.5640756296875 0.5916666671875 0.5724789921875 0.6145833328125 0.57457983125 0.6458333328125 0.561974790625 0.653125 0.5525210078125 0.6552083328125 0.5378151265625
8 0.6072916671875 0.42436974843749997 0.6083333328125 0.4275210078125 0.6135416671875 0.4201680671875 0.6125 0.41701680625000004 0.6072916671875 0.42436974843749997